kernel_alphabet = 'DNA';
kernel_arg0_size = 10;
init_random = 42;
kernel_feature_type = 'Char';
kernel_accuracy = 1e-9;
kernel_data_train = {'CCCATATAAGGCGCGGCTGCTTGATAACGTGTAAGTGAAACATGGAAGTGTTAAGCCCCT', 'ACGGGTTGACGTTGGAAAACCGGGCCTATCGAACGCGCCTTGAATATCTCCGTTGTGTTC', 'GGGTCACACTGTATGAGTAGTAGCCGATACGCCTTTGTTCCACTGGAACTCTAGGTAAAT', 'AAGGTTGTGCTGCGCAGTGATACCACGTTTCGTCTCCGGGCGTTAAGCACTTCCGAGACC', 'GGCACGAAGTCCTTCTGTCTTCTCACTGGGACGTACAACGAATTCGCTGTAGGCCGGAGA', 'AGCCCGCTCGCGGCCCAAGTCCAATGACTACGGCTAGAGTCGTAGTGAACAGAACCGGAA', 'ACAGATCCTGGTCTCTCCGAACGTGTGAAGCACGCTGGTCGTGTCGATTTGAATCCGCGC', 'GTACCTCCGCTTGGAGGCATCGACTCGACTGTTTTATAAACGCACCTCACCGCCCCTATG', 'ATTGCGCATTATGACCTTAGTTAGTCCTATCAAAAGATGCCGCATCAGGCTGGCTCGCGA', 'ATCCGGAATGCTGAACTAATAGAGCAGGGGGGGGGGAACTTGCATTATCCGGTACCCGCC', 'CGGGACAACAGTATAGGTACACTTGGTCATCAAGGCGTTGTTCCCACCAACGTGCCAATC'};
kernel_matrix_train = [1, 0.85142605, 0.853305124, 0.862474653, 0.866226644, 0.878062048, 0.882586221, 0.861022424, 0.867428488, 0.876166624, 0.859970963;0.85142605, 1, 0.885703389, 0.887115296, 0.864623961, 0.855240365, 0.872441684, 0.857575722, 0.870573584, 0.858927536, 0.881330445;0.853305124, 0.885703389, 1, 0.878369226, 0.877431266, 0.870542427, 0.865197242, 0.873781505, 0.878395833, 0.84697541, 0.896482106;0.862474653, 0.887115296, 0.878369226, 1, 0.872354833, 0.876893795, 0.883860743, 0.863831909, 0.878736328, 0.859164398, 0.884177048;0.866226644, 0.864623961, 0.877431266, 0.872354833, 1, 0.893161815, 0.891413089, 0.862647311, 0.894730477, 0.860176005, 0.878955829;0.878062048, 0.855240365, 0.870542427, 0.876893795, 0.893161815, 1, 0.893001138, 0.868911524, 0.877169621, 0.860669248, 0.86325601;0.882586221, 0.872441684, 0.865197242, 0.883860743, 0.891413089, 0.893001138, 1, 0.856624658, 0.878256675, 0.882168469, 0.868219865;0.861022424, 0.857575722, 0.873781505, 0.863831909, 0.862647311, 0.868911524, 0.856624658, 1, 0.873137565, 0.84849554, 0.878821763;0.867428488, 0.870573584, 0.878395833, 0.878736328, 0.894730477, 0.877169621, 0.878256675, 0.873137565, 1, 0.863708711, 0.884312358;0.876166624, 0.858927536, 0.84697541, 0.859164398, 0.860176005, 0.860669248, 0.882168469, 0.84849554, 0.863708711, 1, 0.868976745;0.859970963, 0.881330445, 0.896482106, 0.884177048, 0.878955829, 0.86325601, 0.868219865, 0.878821763, 0.884312358, 0.868976745, 1];
kernel_name = 'LocalAlignmentString';
kernel_seqlen = 60;
kernel_feature_class = 'string';
kernel_matrix_test = [0.87908752, 0.869431703, 0.85734328, 0.857793742, 0.891708133, 0.854096588, 0.86907658, 0.877399843, 0.879846912, 0.878391504, 0.871316201, 0.857660007, 0.860886611, 0.873664462, 0.884316643, 0.887738249, 0.887037651;0.869189614, 0.884254245, 0.881194068, 0.878421282, 0.880703447, 0.887627293, 0.855731908, 0.868063848, 0.864558095, 0.872827904, 0.881547697, 0.880535845, 0.860762661, 0.856937528, 0.886281823, 0.878158835, 0.866403558;0.866552713, 0.884965142, 0.876575936, 0.901265027, 0.879969016, 0.886642168, 0.861962278, 0.890260614, 0.864155674, 0.866987389, 0.871786337, 0.878970382, 0.861527956, 0.874743831, 0.884973822, 0.882291809, 0.880912915;0.885136663, 0.872705316, 0.888862758, 0.886158695, 0.887164025, 0.881827803, 0.853136281, 0.884183342, 0.870745397, 0.870436301, 0.892117748, 0.882724868, 0.86918963, 0.875076707, 0.878300763, 0.879758002, 0.862495347;0.876574425, 0.878207156, 0.887134929, 0.877474007, 0.877726971, 0.878356697, 0.874083504, 0.896966578, 0.873928469, 0.859907872, 0.869153799, 0.875230608, 0.898009924, 0.898647497, 0.886164334, 0.891695886, 0.880823891;0.874016017, 0.889656366, 0.867223235, 0.889323586, 0.884455103, 0.862357109, 0.878029256, 0.886633753, 0.874021257, 0.860854758, 0.854582067, 0.869068863, 0.878980745, 0.892532652, 0.891786701, 0.893047069, 0.866956203;0.890260753, 0.868619193, 0.877517871, 0.875095552, 0.880851496, 0.879119374, 0.883426963, 0.892490543, 0.8744103, 0.86901345, 0.884500057, 0.872919209, 0.872397517, 0.888412046, 0.88261765, 0.9022789, 0.885536335;0.873717917, 0.881126577, 0.875701991, 0.896865161, 0.86160338, 0.873301583, 0.8769664, 0.88557841, 0.863569731, 0.887624499, 0.879863981, 0.863694098, 0.875528292, 0.869853895, 0.856507335, 0.878302671, 0.867293136;0.89829707, 0.887495196, 0.900294152, 0.877647257, 0.875757606, 0.87997136, 0.886984331, 0.895459482, 0.878558265, 0.867954367, 0.886156842, 0.87806229, 0.89626536, 0.875324781, 0.877409184, 0.887277084, 0.878347562;0.868782617, 0.846432743, 0.855045731, 0.848124369, 0.849750705, 0.856680048, 0.891790064, 0.875438014, 0.879109825, 0.872067538, 0.876306358, 0.851871371, 0.841464074, 0.861134918, 0.853259977, 0.872125384, 0.886200978;0.884011727, 0.870557196, 0.881196017, 0.882608724, 0.868692899, 0.885063528, 0.865185817, 0.897151386, 0.880853339, 0.892409503, 0.883290153, 0.876534717, 0.867806657, 0.882983097, 0.869566821, 0.880481265, 0.870304207];
kernel_data_test = {'TGAGCCGTTTAAACCGGTTATCCTATGTTGAACATCTGACCCGAGCTTAAGTCCACCCGC', 'ACTCTGCAGGGTGATGCGGACCCAAACTACCTAAATGACAATCGCGCCGAGTATACGGAT', 'TATGTATATGCATGCCTCATCCATAGTATCGCGCATATACTATCCGCCGCATTCGGGCTA', 'GTGTCCTCGATGCCGAGGATCCCGTACATCGCTGTAGTGATCACGTCCGCTTCATAAAAT', 'GTACTTGATCGGGGGACGCCACTCGGATCTAACCTAGATTCAGAAGTTGGTGCTAAGACC', 'GTACAGGCAGGACCTTGTGTACGGACCCCGTGTTCCATAGCTCTCCGTGTTTCCATTGCA', 'TATCCTACTGTTAACCCTAGAACTAGGAGTGAGGAAAACCCTGTGACTAACCCACGCGGG', 'AGACGACAACTCCGGTTTTAGTGTACTCGAGTCAATGAATTACTGTCGGTCACTCCGAAC', 'GGTTCGAAACACGCGCAAAAGTCCTAAGGGGACATTCACACGTCAAAATATGGCGCCCTC', 'CCAAAGCTGAGGGGGAGCGATCGTTGATGGTAAGTCGCGTAGTCCATCCCCGTCGGCATG', 'GATGTTTTATATCGATACTGACAGTGACTAGCTTCGGCCGATAACACCGTTATCCCCTCG', 'ATTCGGGGGAGCCTACAACTCGAGTCTTGCGTACCCTCCGAAGCCAGTTAGTCTTACAAT', 'TAGGCGTAAACCCGTCCTTACTACCAACTTTAATGCACCATATTCGGACGGGCCCCGTGG', 'GGGATACAATCTCCCGTCCTACCACATGTGGGTACGTTGAATCATAGGACAGCATCCAAT', 'CCTGCTGAGTCGTGAAGCTCCGGCAGTGCATTCGCGTAGACGAGCGAGGTTCAGGAAGTT', 'ACACTTCACTACGGTCGCTTTATCAAGCTGAGACGTCTTCGGATTATATCTCGACATCGT', 'TATAGGAACCTCTCTGTAGACGGAGGAGGATGTATACATGAACAGGTTGACGCGTTACTT'};
