kernel_alphabet = 'DNA';
kernel_data_train = {'CCCATATAAGGCGCGGCTGCTTGATAACGTGTAAGTGAAACATGGAAGTGTTAAGCCCCT', 'ACGGGTTGACGTTGGAAAACCGGGCCTATCGAACGCGCCTTGAATATCTCCGTTGTGTTC', 'GGGTCACACTGTATGAGTAGTAGCCGATACGCCTTTGTTCCACTGGAACTCTAGGTAAAT', 'AAGGTTGTGCTGCGCAGTGATACCACGTTTCGTCTCCGGGCGTTAAGCACTTCCGAGACC', 'GGCACGAAGTCCTTCTGTCTTCTCACTGGGACGTACAACGAATTCGCTGTAGGCCGGAGA', 'AGCCCGCTCGCGGCCCAAGTCCAATGACTACGGCTAGAGTCGTAGTGAACAGAACCGGAA', 'ACAGATCCTGGTCTCTCCGAACGTGTGAAGCACGCTGGTCGTGTCGATTTGAATCCGCGC', 'GTACCTCCGCTTGGAGGCATCGACTCGACTGTTTTATAAACGCACCTCACCGCCCCTATG', 'ATTGCGCATTATGACCTTAGTTAGTCCTATCAAAAGATGCCGCATCAGGCTGGCTCGCGA', 'ATCCGGAATGCTGAACTAATAGAGCAGGGGGGGGGGAACTTGCATTATCCGGTACCCGCC', 'CGGGACAACAGTATAGGTACACTTGGTCATCAAGGCGTTGTTCCCACCAACGTGCCAATC'};
kernel_arg0_size = 10;
init_random = 42;
kernel_feature_type = 'Char';
kernel_accuracy = 1e-09;
kernel_arg1_k = 3;
kernel_matrix_train = [1, 0.00063552195, 0.0232973875, 0.0314808142, 0.0253875997, 0.00949575536, 5.6220218e-08, 0.059931389, 0.00811644516, 0.0160909574, 0.015735126;0.00063552195, 1, 0.016644693, 0.0307950196, 0.00192078929, 0.000641144264, 0.0159940052, 0.0410916875, 0.0317872146, 0.0471061878, 0.0584778703;0.0232973875, 0.016644693, 1, 0.0404004218, 0.00252407102, 0.0387231541, 0.00761988276, 0.0157545905, 0.0442440323, 0.0162319021, 0.0942839544;0.0314808142, 0.0307950196, 0.0404004218, 1, 0.0343465901, 0.0200568627, 0.0094783743, 0.0348421636, 9.68642289e-06, 0.0300857313, 0.000645263189;0.0253875997, 0.00192078929, 0.00252407102, 0.0343465901, 1, 0.0320318045, 0.0519168339, 0.0107967571, 0.0175955205, 0.0666875585, 0.00834301495;0.00949575536, 0.000641144264, 0.0387231541, 0.0200568627, 0.0320318045, 1, 0.0637576253, 0.0233512749, 0.0401128154, 0.0310648632, 0.0082500975;5.6220218e-08, 0.0159940052, 0.00761988276, 0.0094783743, 0.0519168339, 0.0637576253, 1, 0.017396999, 0.0353559489, 0.021632574, 9.76371569e-06;0.059931389, 0.0410916875, 0.0157545905, 0.0348421636, 0.0107967571, 0.0233512749, 0.017396999, 1, 0.0351867128, 0.0391758229, 0.01991466;0.00811644516, 0.0317872146, 0.0442440323, 9.68642289e-06, 0.0175955205, 0.0401128154, 0.0353559489, 0.0351867128, 1, 0.0578546831, 0.0541057952;0.0160909574, 0.0471061878, 0.0162319021, 0.0300857313, 0.0666875585, 0.0310648632, 0.021632574, 0.0391758229, 0.0578546831, 1, 0.000602074182;0.015735126, 0.0584778703, 0.0942839544, 0.000645263189, 0.00834301495, 0.0082500975, 9.76371569e-06, 0.01991466, 0.0541057952, 0.000602074182, 1];
kernel_name = 'OligoString';
kernel_seqlen = 60;
kernel_arg2_width = 1.2;
kernel_feature_class = 'string';
kernel_matrix_test = [0.0400919864, 0.0505129841, 0.0434960278, 0.00187572075, 0.00428478398, 0.0621865233, 0.018509456, 0.0423373103, 0.10150649, 0.0443354627, 0.0318780055, 0.0252189232, 0.0439034093, 0.03501569, 0.015754791, 0.00942253328, 0.0169836269;0.0160535721, 0.0153929795, 0.0536334231, 0.0357945126, 0.055303863, 0.00766295131, 0.00829896141, 0.00190386603, 0.0347964067, 0.095848668, 0.0258475755, 0.00945621729, 0.000636390339, 0.0266814943, 0.0892647699, 0.0397904532, 0.0202070796;9.71116495e-20, 0.02638634, 0.0257480216, 0.110337008, 0.0335043646, 0.0081824064, 0.041968027, 0.0760999785, 0.0155141091, 0.0348800161, 0.00817790979, 0.0185112472, 0.00818275845, 0.0608421318, 0.0251614294, 0.0690537289, 0.0152291947;0.0363586341, 0.00825493279, 0.0177381414, 0.0499857809, 0.0765929218, 0.0679346441, 0.000640423697, 0.00955049569, 0.0481454087, 0.0178140052, 0.03441654, 0.00936430847, 0.0413542511, 0.0305075556, 0.00126145467, 0.00829366452, 0.000625104106;0.00772159688, 0.0503509007, 0.025353684, 0.00766338823, 0.018056547, 0.0369765337, 0.0182123213, 0.0491387282, 0.0929418218, 0.0150639243, 0.0181913954, 0.0518707793, 0.0599242467, 0.0480672582, 0.0379441977, 0.0432847217, 0.0897703531;0.032375726, 0.0738094511, 0.0432561241, 0.058776312, 0.0824568734, 0.00125037243, 0.0233223558, 0.0270554067, 0.0367442981, 0.0178236327, 0.052823491, 0.0185136744, 0.0348517966, 0.0516079886, 0.0114086852, 0.0158747469, 9.69075184e-06;0.0276415283, 0.0181324436, 0.0152112914, 0.00943591621, 1.90579049e-05, 0.0192032952, 0.0655871535, 0.0387553569, 0.0160764299, 0.0571238717, 0.0452803886, 1.9085808e-05, 0.0422937424, 0.0323241016, 0.0439023423, 0.042646849, 0.0392545768;0.00881902262, 0.00128003078, 0.058064439, 0.0554947001, 0.0435864267, 0.0576648613, 0.0341784742, 0.00251343195, 0.0188545216, 0.0636325783, 0.0572896845, 0.0342832216, 0.0743800083, 1.92602061e-05, 0.0174210949, 0.00757197385, 0.0268171283;0.0407533028, 0.0790467788, 0.0425361365, 0.0323100063, 0.0242026279, 0.00996356719, 0.0583428367, 0.0327813441, 0.04266363, 0.00244701094, 0.0445282702, 0.0594955833, 0.0473391547, 0.0250075746, 0.043020612, 0.00881356344, 0.0151338461;0.0306696292, 0.0316379472, 0.0409767997, 0.00294204679, 0.000583711676, 8.00573576e-08, 0.0552867857, 0.0216864237, 0.09280655, 0.0217558303, 0.0248330281, 0.0333522455, 0.0226815084, 0.0561386767, 0.0288999029, 0.0366928209, 0.0482516882;0.0181787169, 0.000625443938, 0.0152196507, 0.0302766953, 0.0370068089, 0.0106592403, 0.0325638209, 0.0336258127, 0.0223401452, 0.0601186917, 0.0379137981, 0.0329376102, 0.0176178478, 0.0698892396, 0.0234983081, 0.00127036662, 0.0439153273];
kernel_data_test = {'TGAGCCGTTTAAACCGGTTATCCTATGTTGAACATCTGACCCGAGCTTAAGTCCACCCGC', 'ACTCTGCAGGGTGATGCGGACCCAAACTACCTAAATGACAATCGCGCCGAGTATACGGAT', 'TATGTATATGCATGCCTCATCCATAGTATCGCGCATATACTATCCGCCGCATTCGGGCTA', 'GTGTCCTCGATGCCGAGGATCCCGTACATCGCTGTAGTGATCACGTCCGCTTCATAAAAT', 'GTACTTGATCGGGGGACGCCACTCGGATCTAACCTAGATTCAGAAGTTGGTGCTAAGACC', 'GTACAGGCAGGACCTTGTGTACGGACCCCGTGTTCCATAGCTCTCCGTGTTTCCATTGCA', 'TATCCTACTGTTAACCCTAGAACTAGGAGTGAGGAAAACCCTGTGACTAACCCACGCGGG', 'AGACGACAACTCCGGTTTTAGTGTACTCGAGTCAATGAATTACTGTCGGTCACTCCGAAC', 'GGTTCGAAACACGCGCAAAAGTCCTAAGGGGACATTCACACGTCAAAATATGGCGCCCTC', 'CCAAAGCTGAGGGGGAGCGATCGTTGATGGTAAGTCGCGTAGTCCATCCCCGTCGGCATG', 'GATGTTTTATATCGATACTGACAGTGACTAGCTTCGGCCGATAACACCGTTATCCCCTCG', 'ATTCGGGGGAGCCTACAACTCGAGTCTTGCGTACCCTCCGAAGCCAGTTAGTCTTACAAT', 'TAGGCGTAAACCCGTCCTTACTACCAACTTTAATGCACCATATTCGGACGGGCCCCGTGG', 'GGGATACAATCTCCCGTCCTACCACATGTGGGTACGTTGAATCATAGGACAGCATCCAAT', 'CCTGCTGAGTCGTGAAGCTCCGGCAGTGCATTCGCGTAGACGAGCGAGGTTCAGGAAGTT', 'ACACTTCACTACGGTCGCTTTATCAAGCTGAGACGTCTTCGGATTATATCTCGACATCGT', 'TATAGGAACCTCTCTGTAGACGGAGGAGGATGTATACATGAACAGGTTGACGCGTTACTT'};
