kernel_alphabet = 'DNA';
kernel_data_train = {'CCCATATAAGGCGCGGCTGCTTGATAACGTGTAAGTGAAACATGGAAGTGTTAAGCCCCT', 'ACGGGTTGACGTTGGAAAACCGGGCCTATCGAACGCGCCTTGAATATCTCCGTTGTGTTC', 'GGGTCACACTGTATGAGTAGTAGCCGATACGCCTTTGTTCCACTGGAACTCTAGGTAAAT', 'AAGGTTGTGCTGCGCAGTGATACCACGTTTCGTCTCCGGGCGTTAAGCACTTCCGAGACC', 'GGCACGAAGTCCTTCTGTCTTCTCACTGGGACGTACAACGAATTCGCTGTAGGCCGGAGA', 'AGCCCGCTCGCGGCCCAAGTCCAATGACTACGGCTAGAGTCGTAGTGAACAGAACCGGAA', 'ACAGATCCTGGTCTCTCCGAACGTGTGAAGCACGCTGGTCGTGTCGATTTGAATCCGCGC', 'GTACCTCCGCTTGGAGGCATCGACTCGACTGTTTTATAAACGCACCTCACCGCCCCTATG', 'ATTGCGCATTATGACCTTAGTTAGTCCTATCAAAAGATGCCGCATCAGGCTGGCTCGCGA', 'ATCCGGAATGCTGAACTAATAGAGCAGGGGGGGGGGAACTTGCATTATCCGGTACCCGCC', 'CGGGACAACAGTATAGGTACACTTGGTCATCAAGGCGTTGTTCCCACCAACGTGCCAATC'};
kernel_arg0_size = 10;
init_random = 42;
kernel_feature_type = 'Char';
kernel_accuracy = 1e-09;
kernel_arg1_k = 4;
kernel_matrix_train = [1, 7.34177315e-09, 0.0199184604, 0.0116171243, 1.45993828e-06, 0.000358645908, 4.53276582e-11, 0.0181261268, 5.41888954e-15, 1.06454647e-11, 0.00169801923;7.34177315e-09, 1, 0.00169917453, 0.0199220319, 0.00169802656, 7.33041247e-09, 0.00989939737, 0.0198338298, 0.0297484327, 0.0353506651, 0.00991618523;0.0199184604, 0.00169917453, 1, 1.62538254e-14, 0.00169771483, 0.0198288149, 8.949357e-05, 1.13477503e-11, 0.0212507378, 8.40823812e-05, 0.0181243374;0.0116171243, 0.0199220319, 1.62538254e-14, 1, 0.00169801924, 5.07081469e-28, 0.00169660074, 1.46726865e-06, 2.39343379e-18, 0.018603025, 2.20025874e-08;1.45993828e-06, 0.00169802656, 0.00169771483, 0.00169801924, 1, 0.0198323703, 1.4574769e-06, 0.00178768065, 9.25809488e-05, 6.88616295e-09, 1.45993828e-06;0.000358645908, 7.33041247e-09, 0.0198288149, 5.07081469e-28, 0.0198323703, 1, 0.0198016949, 0.0100969751, 1.46607607e-08, 1.06454647e-11, 5.91098631e-60;4.53276582e-11, 0.00989939737, 8.949357e-05, 0.00169660074, 1.4574769e-06, 0.0198016949, 1, 7.31799669e-09, 0.0178268199, 0.00928644197, 7.31800231e-09;0.0181261268, 0.0198338298, 1.13477503e-11, 1.46726865e-06, 0.00178768065, 0.0100969751, 7.31799669e-09, 1, 0.0178570641, 1.36936181e-06, 0.00178768065;5.41888954e-15, 0.0297484327, 0.0212507378, 2.39343379e-18, 9.25809488e-05, 1.46607607e-08, 0.0178268199, 0.0178570641, 1, 0.0167489292, 0.0357141293;1.06454647e-11, 0.0353506651, 8.40823812e-05, 0.018603025, 6.88616295e-09, 1.06454647e-11, 0.00928644197, 1.36936181e-06, 0.0167489292, 1, 1.06454647e-11;0.00169801923, 0.00991618523, 0.0181243374, 2.20025874e-08, 1.45993828e-06, 5.91098631e-60, 7.31800231e-09, 0.00178768065, 0.0357141293, 1.06454647e-11, 1];
kernel_name = 'OligoString';
kernel_seqlen = 60;
kernel_arg2_width = 1.7;
kernel_feature_class = 'string';
kernel_matrix_test = [9.25813543e-05, 8.96614777e-05, 0.0195533804, 0.00348569993, 0.00504429047, 0.039666143, 0.00178768073, 0.0178571429, 0.0473284902, 0.0295466654, 0.0134033524, 8.87926578e-05, 0.000179322955, 0.00169801923, 5.4189054e-15, 0.00169801923, 0.0116867404;0.0100969682, 7.34176773e-09, 0.0357154112, 0.0179468043, 0.00981929335, 2.93216073e-08, 7.33041252e-09, 0.00169804856, 0.0117067858, 0.0193640869, 0.000179322967, 0.00168142774, 1.46726869e-06, 0.000179322955, 0.0277732875, 0.00679207687, 0.00338937809;5.06990566e-28, 7.97671731e-19, 7.35113489e-09, 0.027768349, 3.55312199e-45, 2.93163507e-08, 0.019828815, 0.0277698087, 8.96454037e-05, 1.44542517e-06, 7.97707945e-19, 5.36500263e-15, 7.32909837e-09, 7.32910378e-09, 1.13477357e-11, 0.0195516709, 0.00989643464;2.91987656e-06, 5.67543468e-11, 7.97778288e-19, 0.0178571429, 0.0353667641, 0.0178571168, 5.82833731e-39, 0.00348715987, 0.0215303897, 0.000179016449, 1.47459913e-06, 0.00336430841, 0.0198323705, 0.029748563, 2.20025552e-08, 0.000179322954, 7.96250069e-19;2.18908969e-33, 0.0117038659, 1.13541698e-11, 8.96615004e-05, 2.8913462e-06, 0.00169802409, 1.13606232e-11, 0.0100969681, 0.0376895133, 1.12388857e-11, 7.97814759e-19, 0.0210455147, 0.0456304929, 0.0216200585, 0.0196447949, 0.00339604576, 0.0296902123;0.00169801922, 0.0476056982, 0.0178555158, 0.00991618516, 0.0353653181, 7.24413617e-23, 0.00169948648, 7.34176226e-09, 0.00518371912, 0.000355156066, 0.0357157527, 7.27002527e-09, 8.96688075e-05, 0.0179482641, 0.00178767811, 5.41971101e-15, 2.16331422e-14;0.00178465289, 2.18538491e-33, 7.96390924e-19, 0.00187561997, 8.86350108e-05, 0.00169514083, 0.0199792568, 0.0229123424, 1.45746556e-06, 1.44322455e-06, 0.0197987801, 3.54774004e-45, 7.3179969e-09, 0.0116869579, 0.000179018984, 0.000180476698, 0.0199386258;1.45994959e-06, 7.34176209e-09, 0.0278604502, 0.0200116928, 0.0210455141, 0.0277747467, 0.00169801918, 0.00518373367, 0.00187734213, 0.0196386006, 0.0316273642, 0.0176826877, 0.0357142847, 1.13497851e-11, 1.13497685e-11, 1.59562946e-18, 0.00169470362;9.40408807e-05, 1.45994324e-06, 0.0117071278, 1.45993189e-06, 0.00981925759, 0.00509402794, 0.0100058029, 0.0217096176, 0.018215709, 0.00168142037, 0.00348568467, 0.0176825817, 0.0198337435, 8.9661085e-05, 2.26994383e-11, 1.45993189e-06, 8.94925674e-05;0.0279024836, 1.06454647e-11, 0.0167502356, 0.00318529438, 1.11107584e-45, 1.36933856e-06, 0.0124874916, 8.41043546e-05, 0.0464137113, 0.0092126606, 2.06265575e-08, 8.32757344e-05, 0.00930083472, 5.08263796e-15, 0.0186016286, 0.0279024833, 0.0168014533;7.33041252e-09, 5.91098635e-60, 1.08368391e-14, 0.00991618523, 0.0193640869, 0.00169803141, 1.59562952e-18, 0.0314465823, 0.00991618524, 0.00168288067, 0.0178586028, 0.00991097735, 7.34176231e-09, 0.0594971114, 0.00991617076, 1.62567397e-14, 3.61496972e-23];
kernel_data_test = {'TGAGCCGTTTAAACCGGTTATCCTATGTTGAACATCTGACCCGAGCTTAAGTCCACCCGC', 'ACTCTGCAGGGTGATGCGGACCCAAACTACCTAAATGACAATCGCGCCGAGTATACGGAT', 'TATGTATATGCATGCCTCATCCATAGTATCGCGCATATACTATCCGCCGCATTCGGGCTA', 'GTGTCCTCGATGCCGAGGATCCCGTACATCGCTGTAGTGATCACGTCCGCTTCATAAAAT', 'GTACTTGATCGGGGGACGCCACTCGGATCTAACCTAGATTCAGAAGTTGGTGCTAAGACC', 'GTACAGGCAGGACCTTGTGTACGGACCCCGTGTTCCATAGCTCTCCGTGTTTCCATTGCA', 'TATCCTACTGTTAACCCTAGAACTAGGAGTGAGGAAAACCCTGTGACTAACCCACGCGGG', 'AGACGACAACTCCGGTTTTAGTGTACTCGAGTCAATGAATTACTGTCGGTCACTCCGAAC', 'GGTTCGAAACACGCGCAAAAGTCCTAAGGGGACATTCACACGTCAAAATATGGCGCCCTC', 'CCAAAGCTGAGGGGGAGCGATCGTTGATGGTAAGTCGCGTAGTCCATCCCCGTCGGCATG', 'GATGTTTTATATCGATACTGACAGTGACTAGCTTCGGCCGATAACACCGTTATCCCCTCG', 'ATTCGGGGGAGCCTACAACTCGAGTCTTGCGTACCCTCCGAAGCCAGTTAGTCTTACAAT', 'TAGGCGTAAACCCGTCCTTACTACCAACTTTAATGCACCATATTCGGACGGGCCCCGTGG', 'GGGATACAATCTCCCGTCCTACCACATGTGGGTACGTTGAATCATAGGACAGCATCCAAT', 'CCTGCTGAGTCGTGAAGCTCCGGCAGTGCATTCGCGTAGACGAGCGAGGTTCAGGAAGTT', 'ACACTTCACTACGGTCGCTTTATCAAGCTGAGACGTCTTCGGATTATATCTCGACATCGT', 'TATAGGAACCTCTCTGTAGACGGAGGAGGATGTATACATGAACAGGTTGACGCGTTACTT'};
