kernel_alphabet = 'DNA';
kernel_arg0_size = 10;
init_random = 42;
kernel_arg3_outer_degree = 5;
kernel_feature_type = 'Char';
kernel_seqlen = 60;
kernel_accuracy = 1e-15;
kernel_data_train = {'CCCATATAAGGCGCGGCTGCTTGATAACGTGTAAGTGAAACATGGAAGTGTTAAGCCCCT', 'ACGGGTTGACGTTGGAAAACCGGGCCTATCGAACGCGCCTTGAATATCTCCGTTGTGTTC', 'GGGTCACACTGTATGAGTAGTAGCCGATACGCCTTTGTTCCACTGGAACTCTAGGTAAAT', 'AAGGTTGTGCTGCGCAGTGATACCACGTTTCGTCTCCGGGCGTTAAGCACTTCCGAGACC', 'GGCACGAAGTCCTTCTGTCTTCTCACTGGGACGTACAACGAATTCGCTGTAGGCCGGAGA', 'AGCCCGCTCGCGGCCCAAGTCCAATGACTACGGCTAGAGTCGTAGTGAACAGAACCGGAA', 'ACAGATCCTGGTCTCTCCGAACGTGTGAAGCACGCTGGTCGTGTCGATTTGAATCCGCGC', 'GTACCTCCGCTTGGAGGCATCGACTCGACTGTTTTATAAACGCACCTCACCGCCCCTATG', 'ATTGCGCATTATGACCTTAGTTAGTCCTATCAAAAGATGCCGCATCAGGCTGGCTCGCGA', 'ATCCGGAATGCTGAACTAATAGAGCAGGGGGGGGGGAACTTGCATTATCCGGTACCCGCC', 'CGGGACAACAGTATAGGTACACTTGGTCATCAAGGCGTTGTTCCCACCAACGTGCCAATC'};
kernel_matrix_train = [1, 2.49630617e-17, 6.60840754e-16, 6.21111248e-20, 7.04626461e-22, 5.427244e-15, 4.81042526e-21, 2.16626328e-15, 1.44425245e-17, 2.32752677e-19, 9.49619253e-17;2.49630617e-17, 1, 3.11086876e-16, 6.81573496e-19, 2.27416245e-25, 1.17245492e-17, 3.89510537e-22, 1.04087151e-13, 8.80822244e-19, 1.40299352e-11, 5.74127362e-13;6.60840754e-16, 3.11086876e-16, 1, 1.77790153e-13, 4.32360917e-17, 1.40226026e-20, 1.32705939e-13, 1.42889057e-19, 4.71689914e-15, 2.68318876e-23, 3.19879247e-11;6.21111248e-20, 6.81573496e-19, 1.77790153e-13, 1, 1.06209261e-14, 2.67629796e-12, 1.60509966e-19, 3.26514687e-14, 1.83405298e-16, 1.69964804e-27, 1.4430674e-20;7.04626461e-22, 2.27416245e-25, 4.32360917e-17, 1.06209261e-14, 1, 2.87063738e-20, 1.09183335e-15, 1.75044349e-20, 2.28574491e-17, 3.68695043e-15, 1.91271463e-17;5.427244e-15, 1.17245492e-17, 1.40226026e-20, 2.67629796e-12, 2.87063738e-20, 1, 4.26543296e-21, 8.16220399e-14, 3.77414034e-17, 7.37678612e-14, 1.17513534e-19;4.81042526e-21, 3.89510537e-22, 1.32705939e-13, 1.60509966e-19, 1.09183335e-15, 4.26543296e-21, 1, 2.13426969e-20, 3.22042702e-19, 8.18572073e-20, 7.1014894e-13;2.16626328e-15, 1.04087151e-13, 1.42889057e-19, 3.26514687e-14, 1.75044349e-20, 8.16220399e-14, 2.13426969e-20, 1, 8.10397898e-14, 3.86273057e-14, 1.06477125e-13;1.44425245e-17, 8.80822244e-19, 4.71689914e-15, 1.83405298e-16, 2.28574491e-17, 3.77414034e-17, 3.22042702e-19, 8.10397898e-14, 1, 4.69241185e-11, 7.39101534e-13;2.32752677e-19, 1.40299352e-11, 2.68318876e-23, 1.69964804e-27, 3.68695043e-15, 7.37678612e-14, 8.18572073e-20, 3.86273057e-14, 4.69241185e-11, 1, 7.47843649e-19;9.49619253e-17, 5.74127362e-13, 3.19879247e-11, 1.4430674e-20, 1.91271463e-17, 1.17513534e-19, 7.1014894e-13, 1.06477125e-13, 7.39101534e-13, 7.47843649e-19, 1];
kernel_name = 'SimpleLocalityImprovedString';
kernel_feature_class = 'string';
kernel_arg1_length = 5;
kernel_matrix_test = [1.35308618e-18, 5.04408941e-10, 7.89243761e-17, 1.43074864e-20, 3.031404e-16, 4.3264282e-18, 1.05519241e-18, 2.20907521e-09, 8.61071701e-11, 2.20505028e-14, 2.0007056e-17, 3.39830642e-15, 3.79292131e-13, 1.43916496e-17, 1.36687105e-15, 8.69543136e-18, 3.7668949e-16;1.24830734e-22, 3.63937572e-21, 1.90353411e-11, 7.15033876e-14, 2.45606555e-15, 4.17655329e-21, 1.20654771e-20, 1.41673752e-17, 4.32024342e-17, 3.03176846e-10, 4.2861049e-14, 4.8185948e-10, 3.79481666e-11, 3.49254569e-16, 1.28218257e-13, 8.7525615e-12, 2.44252048e-17;9.50780857e-18, 3.52316907e-17, 1.71475906e-14, 8.16366772e-13, 2.03110888e-13, 7.42261812e-18, 9.15320177e-15, 4.10542037e-14, 4.85955008e-16, 4.07725662e-14, 5.08100668e-15, 1.46988372e-20, 4.10947439e-16, 1.89287247e-16, 3.68924715e-16, 4.28470979e-15, 2.85256334e-15;1.02753997e-10, 5.54713817e-17, 3.35205147e-17, 2.65519248e-13, 3.43616722e-15, 1.0001931e-14, 4.44693322e-15, 1.74888024e-16, 8.52939094e-14, 9.27217085e-12, 9.17518813e-19, 6.91432818e-19, 4.07124246e-18, 1.34488298e-16, 4.45955909e-16, 4.09874245e-12, 9.54221847e-16;8.18190288e-15, 1.12518243e-14, 5.05288304e-12, 2.42868936e-22, 1.47118263e-16, 1.1135923e-12, 4.70660854e-14, 2.77820961e-15, 5.06215176e-16, 5.49569357e-19, 4.34667271e-15, 3.02121819e-13, 2.70993244e-11, 2.18330656e-16, 4.43292377e-14, 1.20565144e-12, 2.93455113e-14;7.12985111e-20, 9.84109074e-17, 1.63680716e-12, 3.6632219e-15, 1.0396767e-09, 1.53863301e-19, 9.85928266e-19, 1.77554952e-18, 4.49848238e-14, 1.50521178e-12, 3.19396718e-08, 4.29489183e-12, 1.37465579e-15, 4.99400257e-13, 1.97467336e-17, 5.22977048e-17, 6.0378454e-13;1.01809373e-12, 2.97936363e-15, 1.05579736e-19, 1.86822294e-25, 5.55791386e-17, 6.29776782e-14, 8.9504087e-14, 1.72148221e-15, 1.55467627e-17, 6.18085324e-12, 8.81319588e-17, 5.69615729e-17, 9.78203636e-19, 2.06171522e-17, 3.39709294e-17, 8.66656023e-16, 2.6202633e-18;1.19021438e-14, 3.51167974e-17, 9.66891042e-14, 1.09550459e-13, 1.09529968e-15, 3.76001309e-15, 1.06776813e-14, 7.03417996e-17, 4.5824713e-15, 7.5700234e-13, 1.66515634e-17, 1.31858736e-11, 5.60250547e-17, 7.33109602e-16, 1.06523324e-11, 1.32407879e-15, 7.91448493e-16;2.42133855e-16, 3.99672134e-10, 3.6611018e-15, 2.13450925e-18, 3.74629911e-19, 1.04398377e-16, 3.11937274e-11, 8.35839103e-21, 7.32956695e-15, 1.67257378e-18, 5.10845363e-17, 9.15616748e-14, 1.5440352e-16, 2.97093866e-13, 1.65800421e-15, 1.48655034e-15, 2.83975858e-22;2.41216135e-23, 3.0139607e-15, 1.45480043e-14, 1.78678269e-18, 5.62103109e-21, 4.28168201e-20, 1.36493842e-11, 2.97972025e-16, 2.72805333e-13, 4.4498591e-18, 8.35806011e-19, 1.71489039e-12, 1.84346582e-16, 2.57114778e-11, 3.9845826e-19, 1.14260605e-16, 2.62495579e-18;4.6547743e-16, 6.42477999e-14, 2.48683574e-14, 8.88514963e-17, 1.39462396e-11, 4.82126494e-14, 1.13865071e-13, 2.16751879e-19, 4.89173786e-21, 2.45361994e-12, 1.63432347e-13, 7.76578559e-17, 1.69394372e-12, 5.24779827e-18, 5.85504738e-21, 1.03716708e-17, 1.09525709e-17];
kernel_arg2_inner_degree = 7;
kernel_data_test = {'TGAGCCGTTTAAACCGGTTATCCTATGTTGAACATCTGACCCGAGCTTAAGTCCACCCGC', 'ACTCTGCAGGGTGATGCGGACCCAAACTACCTAAATGACAATCGCGCCGAGTATACGGAT', 'TATGTATATGCATGCCTCATCCATAGTATCGCGCATATACTATCCGCCGCATTCGGGCTA', 'GTGTCCTCGATGCCGAGGATCCCGTACATCGCTGTAGTGATCACGTCCGCTTCATAAAAT', 'GTACTTGATCGGGGGACGCCACTCGGATCTAACCTAGATTCAGAAGTTGGTGCTAAGACC', 'GTACAGGCAGGACCTTGTGTACGGACCCCGTGTTCCATAGCTCTCCGTGTTTCCATTGCA', 'TATCCTACTGTTAACCCTAGAACTAGGAGTGAGGAAAACCCTGTGACTAACCCACGCGGG', 'AGACGACAACTCCGGTTTTAGTGTACTCGAGTCAATGAATTACTGTCGGTCACTCCGAAC', 'GGTTCGAAACACGCGCAAAAGTCCTAAGGGGACATTCACACGTCAAAATATGGCGCCCTC', 'CCAAAGCTGAGGGGGAGCGATCGTTGATGGTAAGTCGCGTAGTCCATCCCCGTCGGCATG', 'GATGTTTTATATCGATACTGACAGTGACTAGCTTCGGCCGATAACACCGTTATCCCCTCG', 'ATTCGGGGGAGCCTACAACTCGAGTCTTGCGTACCCTCCGAAGCCAGTTAGTCTTACAAT', 'TAGGCGTAAACCCGTCCTTACTACCAACTTTAATGCACCATATTCGGACGGGCCCCGTGG', 'GGGATACAATCTCCCGTCCTACCACATGTGGGTACGTTGAATCATAGGACAGCATCCAAT', 'CCTGCTGAGTCGTGAAGCTCCGGCAGTGCATTCGCGTAGACGAGCGAGGTTCAGGAAGTT', 'ACACTTCACTACGGTCGCTTTATCAAGCTGAGACGTCTTCGGATTATATCTCGACATCGT', 'TATAGGAACCTCTCTGTAGACGGAGGAGGATGTATACATGAACAGGTTGACGCGTTACTT'};
