{"name":"DynamicObjectArray","generic":13,"parameters":{"array":[{"name":"MatrixSerializable","generic":11,"parameters":{"name":"K_train","value":[[0.9999999999999998,0.19268393000177506,0.7153525397112754,0.7431371911244077,0.7798692534451153,0.4234989770554085,0.9517150345683196,0.8729352974883314,0.9432347150588399,0.8019872802482738,0.7165401897905634,0.8290100923450595,0.49885762662737317,0.39278048556070679,0.9637098306852131,0.9967412926060856,0.7519482073734656,0.9027897102051106,0.9278145087104127,0.38250092846380559,0.8542189827583606,0.9191346639597742,0.9646368138859188,-0.9800253413193071,-0.3936527640582432,-0.9956032910426137,-0.9732251593368527,-0.7122999467465743,-0.8146626060220923,-0.4869642363777345,-0.832520742117418,-0.9999988877606679,-0.5803659483911344,-0.2903000429026867,-0.8479407945578669,-0.989995754813735,-0.9605478708669162,-0.9420190305698913,-0.9987857334819632,-0.5418623263967347,-0.9396297050037611,-0.9958120346183828,-0.24362872065009753,-0.9771325607685,-0.8907359016789237,-0.8182538903985855,-0.6551997232041961,-0.03247613259380269,-0.6277675766325758,0.03809164467067158,-0.3237944172663813,-0.9972288408240578,-0.2649561650717426,-0.0018380009727816823,-0.842581832394805,-0.9998330561452222,-0.4826958419590075,0.0018145536602565927,-0.08311480960356022,-0.0975482100760164,-0.059474413245525149,-0.5710604490014242,0.0033323747792193549,0.021476980772776198,-0.0020396845727117757,-0.04657274385309485,0.00012621058889338553,-0.1337663396533516,-0.0030451740742428728,-0.8104880788500892,-0.44989795361356357,-0.007643957808902476,-0.6700416756652361,-0.4688129783271831,-0.9893824701132776,0.017241917587931627,-0.7187558416700994,-0.5552847167231441,-0.7592587400588704,-0.7296335159971056,-0.5302208375060216,-0.4189147667758025,-0.725083439723802,-0.03255501307452495,-0.29229774966578739,-0.9515612926455693,-0.5383074480687783,-0.6996739054187208,-0.38102971636763496,-0.8294989223808196,-0.9676394882702971,-0.9019315742291204],[0.19268393000177506,1.0000000000000003,0.68557937236995,0.6564214586573499,0.6156186872974712,0.920612328406327,0.36582924564424276,0.49726692951629528,0.38268053350914429,0.5896543888494996,0.68436094087309,0.5562840039825943,0.871817000518819,0.9379049785321367,0.3398853451056002,0.15650069368498943,0.6468787676439198,0.4526222925374078,0.0562472380323895,0.9433278429288299,0.024452331882441434,0.42600069298828577,0.08810748432073559,-0.29817482593476665,-0.937436210322882,-0.23942368682584323,-0.3167865560544965,-0.6886999908760756,-0.5742430465546734,-0.8800886344610525,-0.5518007684898875,-0.19338808376955969,-0.8096669361990094,-0.9826535530262264,-0.5316607417352446,-0.1318165396436448,-0.34701221144845947,-0.3850149023818875,-0.17014345862286538,-0.8402018578875152,-0.3895494386091189,-0.23824258493235662,-0.9948232935629238,-0.10526150509540977,-0.47119123156977035,-0.569800798929714,-0.7442728917439132,-0.8790674371021606,-0.7691876143963023,-0.18951169165210345,-0.9704600739385886,-0.15917995402736158,-0.9900256582548698,-0.6836448670613962,-0.5387456603854912,-0.18416145888644309,-0.883006461408613,-0.4048754006125179,-0.9602061402061122,-0.9719942039700693,-0.9326508327747475,-0.8172383703115645,-0.37465305449075517,-0.24251764146643019,-0.6884400704597281,-0.911183644009089,-0.48620227387438127,-0.9906905517661171,-0.7083692190549206,-0.014416114499150798,0.0005503899327709834,0.32361864190183478,-0.001341497554492727,0.00027904928579689653,-0.13016287835449259,-0.2614140193608838,-0.003687679657564945,-9.334793428505423e-7,-0.007142769034370377,-0.6707653176007249,0.000001700087316422822,0.0013094520927110112,-0.004123225626394613,0.20451587363599839,0.011748482898944944,-0.07451420084617082,1.1985304270071919e-7,-0.002571715906847831,0.002957640233521338,-0.018245813243024209,-0.09176745762468265,-0.453971674581113],[0.7153525397112754,0.68557937236995,1.0,0.9989671580431644,0.9941919575456721,0.9043456412196741,0.8855948785659346,0.9597582155896743,0.8973626546558375,0.9892179431359582,0.9999981620069831,0.9806799600522295,0.9463769995262279,0.8836370860331445,0.8660542453846769,0.6642378018227854,0.9981912126575613,0.9389581325155229,0.46285950053770416,0.8762202918654548,0.3538686398438946,0.9244587593795399,0.5409113572210648,-0.8307572709104326,-0.8842550151972902,-0.771764564695175,-0.8471254517203086,-0.9999879052082868,-0.9855721906219911,-0.9405456751867368,-0.9793511509365325,-0.7162765338257132,-0.9784324465736809,-0.7977182584841651,-0.9728534235324585,-0.6245656626190722,-0.8715987327306127,-0.898937235252571,-0.6843949267830927,-0.9650073545969519,-0.901957814966092,-0.7704523227951574,-0.7485201277877084,-0.5762111228702487,-0.9481372422253238,-0.9844263799205392,-0.9955167657969153,-0.35689924150692489,-0.9906701092743512,-0.0017439488630323678,-0.8288716424850047,-0.6682882067170518,-0.7719001058838626,-0.16962171146589015,-0.975237687987457,-0.7039687691425309,-0.9383806222656331,-0.03757735257386996,-0.4983427103164154,-0.5291825050673257,-0.44067943090315239,-0.975470939682955,-0.029437096024439257,-0.005943779184794852,-0.17297656243305158,-0.40388953164216009,-0.06493900331893933,-0.5965882111346151,-0.18742267126938323,-0.3036130728571112,-0.06296949943780354,0.01807335735606275,-0.18138007678293006,-0.07047620793013429,-0.6217418980540438,-0.00813718453448255,-0.21844548877728776,-0.11078918663629058,-0.25324522624530818,-0.9997308743473149,-0.09805670138476681,-0.051641285085753049,-0.22362684874288694,0.002649967287559637,-0.01735117187035159,-0.5099756051067942,-0.10206809432698823,-0.20334878240812316,-0.03938527451521649,-0.3245057477116965,-0.5487615171483639,-0.9396507923003766],[0.7431371911244077,0.6564214586573499,0.9989671580431644,1.0,0.9980520332162649,0.8848074463288062,0.9050722774135676,0.9714028864206028,0.9158920799063941,0.9948391665400727,0.9990524121339912,0.9885212583008766,0.9310685787967902,0.862497581073161,0.8869531521480919,0.6932468884111923,0.9998918342376637,0.9533692301616725,0.4928617819833782,0.8545622322481068,0.3820632093878588,0.9404702737488883,0.5712026460794631,-0.853833652934074,-0.8631599222577827,-0.7976327628452309,-0.8692478152863939,-0.9987316933753718,-0.9922248085429218,-0.9245428525038619,-0.9874869500267419,-0.7440348315097791,-0.968136937939765,-0.7718536154138905,-0.9823010436717313,-0.6542314885116265,-0.8921119387690026,-0.9173338883724168,-0.7129743706067826,-0.9522893814628575,-0.9200955737177579,-0.7963726997598714,-0.7208959537939597,-0.6063594742999522,-0.9614098582952692,-0.9913743525168233,-0.9902048665858093,-0.32934983325063119,-0.9834888244620776,-0.0008378868555779725,-0.8044351591010065,-0.6972163104988108,-0.7450434931588973,-0.15015201184584119,-0.984225926256223,-0.7320653529816571,-0.9221309659149515,-0.02982106476145402,-0.4682935364657678,-0.49894386214697769,-0.41132306552303568,-0.9645811574687491,-0.02283397990383,-0.0037434966889306638,-0.15329932447150114,-0.37520745559363546,-0.05391541365100836,-0.5663826469753348,-0.1668844020781965,-0.3303831568901996,-0.0750344889719719,0.013314810387152356,-0.2027788068016212,-0.08334925725761319,-0.65144529695754,-0.005392616486082471,-0.24180212144058184,-0.1273679296862777,-0.2781631817934459,-0.9997523263745642,-0.11356250686214824,-0.06239025112061567,-0.2472319248105241,0.001417924369856961,-0.022941527400667885,-0.5402512870365379,-0.11792040986998022,-0.22594742848711703,-0.048544881542998349,-0.35191662100918066,-0.5790359438898508,-0.9539797585467413],[0.7798692534451153,0.6156186872974712,0.9941919575456721,0.9980520332162649,1.0000000000000003,0.8555172247584076,0.9291797850964769,0.9842446181367391,0.9386149546794542,0.9992296852741507,0.9943960843437973,0.9960085745298949,0.9072280486688242,0.8311797219729847,0.9131511044246456,0.7320242200740609,0.9988613061194386,0.9701487545348302,0.5343879337594121,0.8225929545545599,0.4217961525318014,0.9595467835494186,0.6126012902070966,-0.883273463644073,-0.831897980326728,-0.8313291480364824,-0.89726061830504,-0.9936517453631778,-0.9980515179783917,-0.8997996489436746,-0.9953866005984551,-0.7807241031059893,-0.950889108113967,-0.7347316170285871,-0.9920419025766224,-0.6941906985917847,-0.9177408812944664,-0.939863385579329,-0.7510185696251778,-0.9318398961759965,-0.9422483752891837,-0.8301501488238086,-0.6817337905706288,-0.6473187876116704,-0.9765640773919154,-0.9976131322393053,-0.9796249827264648,-0.2928498805222298,-0.9703956226085702,-0.000198475621253697,-0.7690304876731137,-0.7358537139247118,-0.7067579952481888,-0.12547565781255239,-0.9933211712245417,-0.7693070357245053,-0.8970675905134967,-0.020941729480805694,-0.4275411094604081,-0.45773409585641869,-0.37187449284469978,-0.9465453561328288,-0.015429838232233673,-0.00170929502219071,-0.12833126042468266,-0.3368972753042841,-0.04076502807987422,-0.5247689402763046,-0.14070120488221156,-0.36845279273366068,-0.09369211273470223,0.008223669486106474,-0.23406871687217205,-0.10313288632289891,-0.6914759367411408,-0.00273009210033348,-0.2756232465077816,-0.1522380734705378,-0.313959745477476,-0.99641807793209,-0.1369728090473632,-0.0792004410643455,-0.2813702470235721,0.0004469409894741962,-0.0323147760615039,-0.5818387099294071,-0.14180332681179109,-0.2587949376533282,-0.06309988166191157,-0.39074688278638028,-0.6203576577738135,-0.9706417977010603],[0.4234989770554085,0.920612328406327,0.9043456412196741,0.8848074463288062,0.8555172247584076,1.0000000000000003,0.6308278536461089,0.75866004225112,0.6484631675958769,0.8357527498219693,0.9035534735720402,0.80911107889729,0.9934118242169228,0.9988450343331033,0.6029055420190737,0.3722497462322297,0.8781562714078811,0.7176799746730567,0.20193120087378817,0.9979289616498815,0.12803425806028738,0.6920711048839033,0.26252245155087697,-0.5559337339838179,-0.9989102974662794,-0.48488962890182066,-0.577222414479986,-0.9063646321121096,-0.8236201934565305,-0.9953051296664317,-0.8054273009999097,-0.4244612482212966,-0.9721377737023402,-0.9764622241460644,-0.7885761837264219,-0.3349419194594494,-0.6106711869473446,-0.6508758555720777,-0.39200945951360258,-0.9839819267136638,-0.655541728055858,-0.48339594427233908,-0.9549039048542438,-0.292097575227372,-0.7350212131556654,-0.8200682911813949,-0.9398065624747666,-0.648175633476597,-0.9531146843990876,-0.050313237331353,-0.9872021134602835,-0.3761752470071776,-0.9657872712217136,-0.4174387263015373,-0.7945604229284735,-0.41175238774484559,-0.9959081641555808,-0.17923496497257783,-0.7834496298103184,-0.8093301438580077,-0.7316566719652261,-0.9752944154193887,-0.15813918285724813,-0.07708114019904508,-0.42229952616288438,-0.6962400304158435,-0.24046345125116,-0.8614821622534243,-0.4428361629199968,-0.09824196864740859,-0.003451549486406967,0.1246084071062819,-0.038444579824831567,-0.004704672753824158,-0.33236269701978979,-0.08748408864567893,-0.054500729351884148,-0.014019104690098865,-0.07128699652650783,-0.8945691045236593,-0.010648078723609817,-0.0018978386261722118,-0.056899135880917179,0.05750923352150817,-8.59558641691088e-8,-0.2377301635961937,-0.011670569283777724,-0.04772303834973276,-0.0007190721184991874,-0.11028740963412456,-0.2689794813934261,-0.7189544776428698],[0.9517150345683196,0.36582924564424276,0.8855948785659346,0.9050722774135676,0.9291797850964769,0.6308278536461089,1.0,0.979427813541089,0.9996349233695445,0.9426812722252005,0.8864477469959453,0.9579828488365355,0.7046118260643421,0.5991533226523024,0.9991013248382493,0.9244944095864013,0.9110332635258382,0.9907931738187705,0.7777033580512515,0.5883391644065366,0.6731903511315671,0.9954956044449596,0.8416620868902404,-0.9936214119128828,-0.6000659456789214,-0.9760500321102417,-0.9967142538648991,-0.8833947080712384,-0.9500330468184928,-0.693329324143875,-0.9598640118423798,-0.952164329340547,-0.7783046454685751,-0.4861585934070643,-0.9678050093851692,-0.9003731689701604,-0.9995304026862851,-0.9995276703059766,-0.9357693697514892,-0.7442852100695747,-0.9992806448611219,-0.9755602122056923,-0.4304345311566737,-0.8676962161140621,-0.9865857604660807,-0.9520612146971379,-0.8402123158184749,-0.11377682511613878,-0.818184892808451,0.004197771099253406,-0.5244080111921784,-0.9268145385026887,-0.45627155661610688,-0.02680748925950625,-0.9651066506583772,-0.9460507438427928,-0.6892473226810258,-0.00020362460970902205,-0.20680199450463195,-0.2300439730844447,-0.16620673656282829,-0.7702142777692951,-0.000030397717213143579,0.0010110007577443042,-0.027940171880186969,-0.1422262873531806,-0.0022267944511558904,-0.28471818257927,-0.033021579080172499,-0.6184058667220788,-0.2596448448748285,-0.000005037836613881657,-0.4628523135954007,-0.27550316977838276,-0.8985620845925137,0.0005135150531406046,-0.5139720267486249,-0.3517141882654701,-0.5586106305023597,-0.895731758323553,-0.32898980188222645,-0.2342939608531504,-0.5208099578820397,-0.0029463199433481296,-0.13902012701240605,-0.8173645626713326,-0.33626411758415755,-0.4936348700882658,-0.20435999628254879,-0.6417340575593636,-0.8476081428280288,-0.9905127783833405],[0.8729352974883314,0.49726692951629528,0.9597582155896743,0.9714028864206028,0.9842446181367391,0.75866004225112,0.979427813541089,0.9999999999999998,0.9844940229550286,0.9904027447614683,0.9602875879979801,0.9960770777506176,0.8232618983778649,0.7297586438776135,0.9700808365767325,0.8331111263859948,0.9747601508650082,0.9977090818786651,0.6521170151462703,0.7197401415725547,0.5391098800517764,0.9941097784075453,0.7265448799140916,-0.9508043557426811,-0.7306006436409741,-0.9133768419310128,-0.960085449208406,-0.9583850211954494,-0.9933343478667713,-0.8136458024822896,-0.996649082987557,-0.8736289293524859,-0.8833985246394978,-0.621432953563618,-0.998663972392383,-0.800368083446178,-0.9728410225602264,-0.9851356264444262,-0.8491474285618268,-0.8562463510880034,-0.9863407957360991,-0.9124831225521581,-0.5650851795992238,-0.7584610188699932,-0.9992226231255196,-0.9940801044560734,-0.9295349515635001,-0.1990111246655255,-0.9136694185575738,0.00008767197423091707,-0.658994076700581,-0.8363668917077192,-0.5914529743223715,-0.06849533164801532,-0.9980586517977748,-0.8643103893012842,-0.8101423049541405,-0.005408652251259342,-0.3170443875868392,-0.34478448260742086,-0.26709962714877086,-0.8770441136112853,-0.0032581823459613297,-0.000004954670750707686,-0.07051077419420272,-0.23653949515859364,-0.014885378780842477,-0.4079852076950508,-0.07935146367607286,-0.48311560861856758,-0.16029387690157005,0.0010081509608029836,-0.3340360741173534,-0.1729192273165492,-0.7979799904400727,-0.00005235551944104415,-0.381500714703719,-0.2359237053253775,-0.424152932816651,-0.9659391344633357,-0.21675188839691218,-0.14049190128791606,-0.3879608331726695,-0.000018126788367346015,-0.07101641932728152,-0.6976786544960695,-0.22285458356060407,-0.3624426271376087,-0.11775935343153209,-0.506717193104253,-0.73373728063785,-0.9978463626579458],[0.9432347150588399,0.38268053350914429,0.8973626546558375,0.9158920799063941,0.9386149546794542,0.6484631675958769,0.9996349233695445,0.9844940229550286,0.9999999999999999,0.9512018063794659,0.8981766319754162,0.9652910692717618,0.7213951846921755,0.6170001083445023,0.9975922834968565,0.9141654789355974,0.9215351699299214,0.9940821372762817,0.7619779616990219,0.606238279764051,0.6557848810696692,0.9976917948556171,0.8276858354016738,-0.9902217861454041,-0.6179078586103093,-0.9698757152955114,-0.9941661634569152,-0.8952617974278263,-0.9579987723124588,-0.7102776906742989,-0.9670062717992567,-0.9437194267850001,-0.7936549623800322,-0.5040756007089837,-0.9741928342719896,-0.8887504067285673,-0.9983380253459034,-0.9999930998947869,-0.926144109092037,-0.7603781874825305,-0.9999404614131096,-0.9693287251531689,-0.448006089215915,-0.8546524443797634,-0.9906223591791863,-0.9598653968498443,-0.8537736924509928,-0.12361945395555928,-0.8324564344526111,0.00310560230715295,-0.5424176101834829,-0.9166244403502508,-0.4740344592108915,-0.03099909960477853,-0.9717615247943866,-0.9371400923228316,-0.7062521528481943,-0.0004118074898156316,-0.2202049775864818,-0.24412488940250924,-0.17824360332874424,-0.7857549228309264,-0.00010249595917153826,0.0006104618440749513,-0.03223977314901453,-0.15332876207198227,-0.0031144897233575817,-0.30014020342651789,-0.03778451421478312,-0.6005666575789894,-0.24515920702665429,-3.664608256201669e-9,-0.4451650238011155,-0.2606308520197546,-0.8868516976446553,0.00026855997572940605,-0.49601990845949786,-0.3353282461907154,-0.5405973477612048,-0.9070223707531407,-0.3129985877956167,-0.22048347777418723,-0.5028381251472206,-0.0020923386569971487,-0.12850278233581056,-0.802643222160536,-0.3201415213208716,-0.4757633215561526,-0.19144485819846109,-0.6240460433502884,-0.8338316782280013,-0.9938564754861026],[0.8019872802482738,0.5896543888494996,0.9892179431359582,0.9948391665400727,0.9992296852741507,0.8357527498219693,0.9426812722252005,0.9904027447614683,0.9512018063794659,1.0000000000000003,0.9894959240369718,0.9987426252848244,0.8906579071044228,0.8102488938687681,0.9280414379523706,0.7556386484015084,0.9962219946988067,0.9788501668220435,0.5605551411224118,0.801290704509293,0.447261835449792,0.9697426397557136,0.638371778328945,-0.9003398682031976,-0.8109991151499086,-0.8513082338302569,-0.9133654718847127,-0.9884884736842515,-0.9997310796020743,-0.8826954125956424,-0.9983830175455309,-0.8028114326782284,-0.9382670283763249,-0.7105754129526686,-0.9962125037401064,-0.7187119715685622,-0.9322521660480837,-0.952322810739012,-0.7740889335722071,-0.917290825221132,-0.9544597874043653,-0.8501855227987717,-0.6565227906457646,-0.6726681817091366,-0.9842130164392892,-0.9995540407623249,-0.971065903347493,-0.2707858137788073,-0.9602977624246741,-0.00004546894183890008,-0.7458045104699174,-0.7593634542739757,-0.6819910624935432,-0.11120583563726429,-0.9970795546107953,-0.7917922530834246,-0.8797743446064335,-0.01634474880348368,-0.40234853222220975,-0.43214166720444327,-0.34770000152989796,-0.9334474606801976,-0.011688030725783913,-0.0009136433586289486,-0.11387573119742392,-0.31355622829615828,-0.03363410351560833,-0.4986633980685588,-0.125469297629605,-0.3930583898004541,-0.10667213399087886,0.005793060020448689,-0.2548083329853136,-0.11682422466492362,-0.7160537748215341,-0.001613414368044036,-0.29784550752305119,-0.16909717717501336,-0.3373115752403755,-0.992340462123399,-0.15293046972537015,-0.09100541329572476,-0.30377575139986426,0.000156074220289232,-0.03927577317853341,-0.6078541108548817,-0.1580535199427629,-0.2804509486248758,-0.07345643423630256,-0.41575460424544227,-0.6460476267469156,-0.9792669976421943],[0.7165401897905634,0.68436094087309,0.9999981620069831,0.9990524121339912,0.9943960843437973,0.9035534735720402,0.8864477469959453,0.9602875879979801,0.8981766319754162,0.9894959240369718,0.9999999999999998,0.981050820462056,0.9457673964386169,0.8827753584965739,0.8669652577853,0.6654725350083559,0.9983045781944551,0.939602267043049,0.46411909170928247,0.8753359735603442,0.35504372974492007,0.9251690520967224,0.5421895258043498,-0.8317568606385997,-0.8833952208867564,-0.772876493747636,-0.8480863147250269,-0.9999766375733254,-0.9858933521977135,-0.9399062005081134,-0.9797343131773183,-0.7174631554629727,-0.9780375349875132,-0.7966490291776761,-0.9732913271251921,-0.6258246102225047,-0.8724939910022058,-0.8997457587263595,-0.6856133283586124,-0.9645088912356771,-0.9027556992986331,-0.7715663329496089,-0.7473721081048373,-0.5774862492948091,-0.9487342069193173,-0.9847598970482987,-0.9953338719193033,-0.355722119995367,-0.9904078371371059,-0.0016966164184902785,-0.8278655938169623,-0.6695198828952618,-0.7707866243453243,-0.16877535752965695,-0.9756564323854182,-0.7051685538517504,-0.9377305206833694,-0.03722733428646193,-0.49707072462383647,-0.5279050289120548,-0.43943216014416416,-0.9750506567981176,-0.029136937780615749,-0.005837248171729855,-0.17212156193670645,-0.4026679590074874,-0.06444885220126186,-0.5953177855078226,-0.18653185929040554,-0.3047246397825367,-0.0634528428453598,0.017853533385045037,-0.18225834522245644,-0.0709933419415661,-0.6230021843343988,-0.008006275819693746,-0.21940806014552773,-0.11146223593431486,-0.2542755539417568,-0.9997735119821288,-0.09868444811770343,-0.05206976455330093,-0.22460016664032685,0.002587479156435825,-0.017567010999324833,-0.5112505452367686,-0.10271045750873417,-0.20427863881242179,-0.03974779248286564,-0.32564573772495378,-0.550039633963493,-0.940291526824005],[0.8290100923450595,0.5562840039825943,0.9806799600522295,0.9885212583008766,0.9960085745298949,0.80911107889729,0.9579828488365355,0.9960770777506176,0.9652910692717618,0.9987426252848244,0.981050820462056,1.0000000000000003,0.8678177182588908,0.7822454891650379,0.9451924994917222,0.7848027104358734,0.9906294339064625,0.9878331437198472,0.59390553519158,0.7728576398942143,0.4802107859443052,0.9806817869896238,0.6708554785649682,-0.920412674736587,-0.7830327831347695,-0.8753510016881296,-0.9321433078949607,-0.9797125680896885,-0.9996364435475007,-0.8592136747569256,-0.9999773785823516,-0.8297909188345681,-0.9202250250705533,-0.6789432164992287,-0.9993179323162907,-0.7492151119050767,-0.9488973729354958,-0.9662435108880617,-0.8024669305637689,-0.89689561398396,-0.9680526389299018,-0.8743058680130912,-0.6238023888937057,-0.7044511880595485,-0.9918237773126694,-0.9997941348472688,-0.9580434416928297,-0.24367938597731363,-0.9453658112114832,-3.0617719328899516e-7,-0.7151887885650186,-0.7883754426890022,-0.6497164845880912,-0.09438098071195834,-0.9996539480922368,-0.8193349184177474,-0.8560660775391372,-0.011492249192796364,-0.37077214592748655,-0.39993425144033,-0.31763372743762316,-0.914822590300528,-0.00783863978741972,-0.0003168622185020789,-0.09681289006092735,-0.2846769494333477,-0.025738735012790359,-0.4655195288945564,-0.10740843074702632,-0.42512920058385075,-0.12466559602523798,0.0034455797572191008,-0.2824305155026368,-0.13572318397388059,-0.7466420908307936,-0.0006927255499450583,-0.32722330224599335,-0.19197733772401416,-0.3679931328210203,-0.9849311043774549,-0.17468654779816704,-0.10749404620042687,-0.3333673960320241,0.000015446632168916297,-0.049433883720099169,-0.6407934699833648,-0.18017518521845367,-0.30916319361141877,-0.08807446873018725,-0.4482482563278274,-0.6783922424731582,-0.9881504613230389],[0.49885762662737317,0.871817000518819,0.9463769995262279,0.9310685787967902,0.9072280486688242,0.9934118242169228,0.7046118260643421,0.8232618983778649,0.7213951846921755,0.8906579071044228,0.9457673964386169,0.8678177182588908,0.9999999999999999,0.9867826059273205,0.6777952614752121,0.44565586628922407,0.9257400355802465,0.7860312764443852,0.2610240795227592,0.984022254835928,0.17578103197600265,0.7623577036853142,0.328269325659953,-0.632038032738717,-0.9870040867010159,-0.5613526496567289,-0.6528746118264247,-0.9479260483863403,-0.8803231621510755,-0.9998389721071077,-0.8646188567917962,-0.4998474459641727,-0.9925283528101941,-0.9457671077523895,-0.8498709936709894,-0.4063045805257198,-0.6852827374663113,-0.7236818241168953,-0.4662825681041532,-0.9979143062835589,-0.7280973522220116,-0.5598477000344495,-0.9155762489821302,-0.360417256633009,-0.8018885664812592,-0.8772760054501949,-0.9724018234406942,-0.5724070337683768,-0.9812921605992089,-0.028858967149140093,-0.9626531230905162,-0.44976522920805198,-0.9304125716389042,-0.34544564040668848,-0.8551293554567607,-0.48674803265349017,-0.9997023534012658,-0.1309531743852691,-0.7148714784704705,-0.7432154399473652,-0.6593095856881625,-0.994134750652888,-0.11324147294541101,-0.048483375342439048,-0.3500442066190493,-0.6220779204252604,-0.183781370622198,-0.8018253973529725,-0.36955941555053309,-0.13998894118858846,-0.010125489968733283,0.08572662545930787,-0.06360698191265305,-0.012578717346879622,-0.4035637905797003,-0.056415655900624427,-0.08498978671560519,-0.028357598213685183,-0.10654167595790369,-0.938785430989463,-0.022955040654574225,-0.006787351382600106,-0.08811224299409773,0.034003594739590328,-0.0003535795628568247,-0.30099399465100676,-0.024619387365730596,-0.07607362475392686,-0.003755336344249253,-0.15458674788855104,-0.3353229990526785,-0.7872016157023084],[0.39278048556070679,0.9379049785321367,0.8836370860331445,0.862497581073161,0.8311797219729847,0.9988450343331033,0.5991533226523024,0.7297586438776135,0.6170001083445023,0.8102488938687681,0.8827753584965739,0.7822454891650379,0.9867826059273205,1.0000000000000003,0.5709959899211883,0.3427111487866807,0.8553503724919257,0.6875564740790056,0.1793875008330396,0.9998669602327445,0.1104888525537999,0.66135272462826,0.2368837468887405,-0.5238929328690763,-0.999999049801692,-0.4532518140247139,-0.5452009293551131,-0.8858353077111316,-0.7974684234330357,-0.989521488210421,-0.7783903966921151,-0.39372423831900446,-0.95990526680525,-0.985647604366367,-0.7608034851783136,-0.3065091318718204,-0.5788149641630938,-0.6194456299991761,-0.36197047515887956,-0.9743540514747829,-0.6241777064256807,-0.4517742167628883,-0.9679107843833127,-0.26520871982152569,-0.7053723022898704,-0.7937358394961814,-0.9227414181950376,-0.6791487835598977,-0.9377844615646537,-0.0615454359312782,-0.993708136941053,-0.34653262496500517,-0.9770351805718626,-0.44859720103106595,-0.7670402644767588,-0.38127063639538386,-0.9904296869164739,-0.20176932793876418,-0.8102609441933237,-0.8348821315162314,-0.7604949283603045,-0.9636842926393783,-0.1793163267719342,-0.09144742828983486,-0.4535340680312297,-0.7261395160738208,-0.26626935814134258,-0.8838638027240594,-0.474353838993723,-0.08323867973086327,-0.0018898365692306798,0.14332377054671958,-0.030153054343655146,-0.002752184504372407,-0.3040143681013159,-0.102911753560477,-0.04410513461979693,-0.009813899917542406,-0.05896658037377483,-0.8730306177593035,-0.0071717041777470259,-0.000890942214812104,-0.04621359067739533,0.06965208210252214,0.00001271347314947637,-0.2132658328229411,-0.007965633797621727,-0.03817841799123244,-0.00023735524740038904,-0.0942102516939225,-0.24305426708430148,-0.688863828522283],[0.9637098306852131,0.3398853451056002,0.8660542453846769,0.8869531521480919,0.9131511044246456,0.6029055420190737,0.9991013248382493,0.9700808365767325,0.9975922834968565,0.9280414379523706,0.8669652577853,0.9451924994917222,0.6777952614752121,0.5709959899211883,1.0000000000000003,0.9394810112958605,0.8933926852593117,0.9841948474247102,0.8016418827248814,0.5601324085776563,0.7000986434359984,0.9905951329747751,0.8626468723559008,-0.997504197949683,-0.5719134916186371,-0.9843449734979457,-0.9992508300694891,-0.8637056688692807,-0.93623845442366,-0.6662896458388478,-0.947327562727353,-0.9641020469688016,-0.7534990750159241,-0.45822221916414976,-0.9564248081593234,-0.9174704609897573,-0.999930929489517,-0.9973279987321779,-0.9496141125406756,-0.7184247965834893,-0.9967769325076448,-0.9839464970340921,-0.40319351659914889,-0.8871318168010456,-0.9788292048395815,-0.9385131056512975,-0.81800954492696,-0.09925674476639654,-0.7949409260771649,0.006375267428209073,-0.4962169968893555,-0.9415755378203705,-0.4286601722442943,-0.02098778925761409,-0.9533167911475849,-0.9587397552405943,-0.6621319598474195,-0.00004062810333173699,-0.18660254421971218,-0.2087417814462091,-0.14820641248824438,-0.7451364510855075,-3.052168483067207e-7,0.0019386472674146299,-0.021958355641860516,-0.1257151570034062,-0.0012003710329525724,-0.26120459215165128,-0.026341887479511416,-0.6461645939328047,-0.28310007757437496,-0.00007205748993091706,-0.490829495064396,-0.2995322021266845,-0.915802903965105,0.0011396898772360119,-0.5422194953275183,-0.37794257781412707,-0.5868230854997822,-0.8769055636722907,-0.3546538445831029,-0.2567392069785876,-0.5490685299719771,-0.00470299505738523,-0.15643224849377919,-0.8395983136514711,-0.3621169181717661,-0.5218143568481716,-0.22545259491076473,-0.6691836917209392,-0.8682598355969884,-0.9838295649429539],[0.9967412926060856,0.15650069368498943,0.6642378018227854,0.6932468884111923,0.7320242200740609,0.3722497462322297,0.9244944095864013,0.8331111263859948,0.9141654789355974,0.7556386484015084,0.6654725350083559,0.7848027104358734,0.44565586628922407,0.3427111487866807,0.9394810112958605,1.0,0.7025021133153794,0.8667936164165702,0.9544066465520944,0.3328773034500992,0.8917313394648366,0.8856376625132537,0.9826296595608968,-0.961001364087049,-0.34354679114944677,-0.9848414139870557,-0.9518160850051687,-0.6610662735405448,-0.7692725475071888,-0.43398262028290099,-0.7886195911013398,-0.9966200109341346,-0.5265510371554775,-0.24588002940344884,-0.8054694639203329,-0.9981441249889361,-0.9354791512644355,-0.912699416717108,-0.9995042870642479,-0.4881405361114634,-0.909827641515604,-0.9852287565306628,-0.2027510912013468,-0.9910483610722694,-0.8530931290849583,-0.7731498067110098,-0.6022627604365111,-0.020686859728177275,-0.5743400550802194,0.054874532604980718,-0.27722396111672378,-0.9999801877411036,-0.22237680884567197,-0.0004405298516356766,-0.7995974145186469,-0.9980478240398274,-0.4298012617449855,0.004751183265771371,-0.061156019762725517,-0.07326792144105367,-0.04177900046704869,-0.5172352345760144,0.007449477239996421,0.03352593711134386,-0.0005204180342795647,-0.03152278827956473,0.0009033928566953909,-0.10435757838852375,-0.0009602646185820045,-0.8525078270470518,-0.5031714178000313,-0.014257440228499294,-0.7209312753208248,-0.5223526407873325,-0.9978734223712105,0.027845943527649083,-0.7673560294733206,-0.6089342890921183,-0.8053598500134886,-0.6791155651035947,-0.584025888757638,-0.4715623761361198,-0.7733309173699976,-0.04788743875138094,-0.3397877432595298,-0.9730326477028464,-0.5920791688494352,-0.7492585736928743,-0.43258486153706846,-0.8696921296114852,-0.9847354881699649,-0.8658131724309303],[0.7519482073734656,0.6468787676439198,0.9981912126575613,0.9998918342376637,0.9988613061194386,0.8781562714078811,0.9110332635258382,0.9747601508650082,0.9215351699299214,0.9962219946988067,0.9983045781944551,0.9906294339064625,0.9257400355802465,0.8553503724919257,0.8933926852593117,0.7025021133153794,1.0,0.9576407028096106,0.5026197544603211,0.8472550785326833,0.3913255743850696,0.945273109932753,0.5809857198140296,-0.8610114270672298,-0.8560264289385038,-0.8057701612682235,-0.8761012726443402,-0.9978836663631485,-0.9939442865279375,-0.9189961171927971,-0.9896915469295816,-0.7528364478041741,-0.964393591926609,-0.7632663692235984,-0.9849357308352225,-0.6637360656649658,-0.8984213902735834,-0.9229325266298191,-0.7220717046146473,-0.9477779176188953,-0.9256075838451664,-0.8045282309207487,-0.7117884935114386,-0.6160644775882795,-0.9653044770289,-0.9931903396506218,-0.9880524501306591,-0.3206055649633108,-0.980738042032996,-0.0006320096928873079,-0.7962782744358989,-0.7064415471377076,-0.7361612045343141,-0.1441221849816183,-0.9867098903398189,-0.7409880403333757,-0.9165067632006086,-0.02754903317701904,-0.45863081747729558,-0.48919365456840827,-0.40193147755318817,-0.9606490425052959,-0.020921358291893227,-0.0031685746193520038,-0.14720135833144558,-0.3660624623325836,-0.05061302887891802,-0.5565836600391225,-0.16050309513095763,-0.33922226182894207,-0.07921077842047275,0.011970944414748527,-0.20995546088745543,-0.08778954900582725,-0.6609646382981369,-0.004656999909467584,-0.24959260111087387,-0.1330087724968121,-0.2864375145676006,-0.9993169392296744,-0.11885743744154469,-0.06613479495325406,-0.255099771155304,0.0011216914939021618,-0.024968033456048565,-0.5500567766838259,-0.12332720556483123,-0.23350109874573647,-0.05176484792072959,-0.3609477473841758,-0.5888065270504187,-0.9582240138453508],[0.9027897102051106,0.4526222925374078,0.9389581325155229,0.9533692301616725,0.9701487545348302,0.7176799746730567,0.9907931738187705,0.9977090818786651,0.9940821372762817,0.9788501668220435,0.939602267043049,0.9878331437198472,0.7860312764443852,0.6875564740790056,0.9841948474247102,0.8667936164165702,0.9576407028096106,1.0,0.6954628033763308,0.6771709886224381,0.584208074549537,0.9991621097706906,0.7671185327301228,-0.9693639177368495,-0.6884306012497187,-0.9382311948694233,-0.9766578343937703,-0.9372913555346097,-0.9833043690529086,-0.7757550488354533,-0.9888529326632474,-0.9034083239211981,-0.851360755187308,-0.5766131966757033,-0.9928886060786473,-0.8366133616276712,-0.9861985614192184,-0.9944780816060502,-0.8813939065091174,-0.8216106604484414,-0.9952064422547651,-0.9374641196131413,-0.5199564449801367,-0.7973813432810567,-0.9996000947564165,-0.9844907510918053,-0.9033008131664176,-0.16788386533941539,-0.885189661086122,0.0005809205910665412,-0.6147619151058911,-0.8697682598634631,-0.5463860544107287,-0.05196826055810696,-0.9915707108143919,-0.8950715196924806,-0.7720207784434143,-0.002566828254229306,-0.27814515214109589,-0.30456058119854609,-0.23103769133496739,-0.8443546871004207,-0.0013122040806194994,0.000010716829712815373,-0.0536750047971476,-0.20252697385185007,-0.00898809694083048,-0.3653598106496293,-0.061207762558212797,-0.5280934522359643,-0.19072348760747324,0.00023038528249580916,-0.37553248576546058,-0.2044955713143787,-0.8343948022268954,4.734256082874699e-9,-0.4246220037603767,-0.272310362283154,-0.46831475771549166,-0.9465393918162524,-0.25182082283020498,-0.16897526771264033,-0.4312646582569134,-0.00027874095192783417,-0.09074643967997252,-0.7394968054982971,-0.25835580163030766,-0.40497226090279439,-0.14375346699352857,-0.5518233862672283,-0.7739648099265298,-0.9999978738617182],[0.9278145087104127,0.0562472380323895,0.46285950053770416,0.4928617819833782,0.5343879337594121,0.20193120087378817,0.7777033580512515,0.6521170151462703,0.7619779616990219,0.5605551411224118,0.46411909170928247,0.59390553519158,0.2610240795227592,0.1793875008330396,0.8016418827248814,0.9544066465520944,0.5026197544603211,0.6954628033763308,1.0000000000000003,0.17204505900276208,0.9854663016045828,0.7209972255744436,0.9930936035971885,-0.8393162249715004,-0.18001522286431013,-0.8901342488124033,-0.8226417076488864,-0.45963103109461547,-0.5759961174764372,-0.2513397424781386,-0.5983622884289443,-0.9272711513471679,-0.33109907352017178,-0.11086565522748998,-0.6183136236660169,-0.970630981246394,-0.7951008880150127,-0.7597894141424108,-0.9447134971531107,-0.2971787409944179,-0.7555313487122933,-0.8911215032411362,-0.08332339494677822,-0.9855176938859173,-0.6775104277319064,-0.580434503229549,-0.40149451339900257,-0.0010606674707225543,-0.37497208400933088,0.15401611062175755,-0.1320934124723735,-0.9525391968016655,-0.09560388526945915,0.0009879176622513123,-0.6113081289998068,-0.9343203977882172,-0.24789703729216426,0.03862996156755061,-0.011703552731325944,-0.01619948132988677,-0.0055916244577807389,-0.3227638153580262,0.048203194473271569,0.11277760455126607,0.000864338497989796,-0.0030462361787136225,0.019546948562197746,-0.029541168439287094,0.00045705826920854005,-0.9678398853338929,-0.7030227268828011,-0.06818471634232315,-0.8855900033920942,-0.7209495904086745,-0.9716458456830339,0.1006794011452404,-0.9177389283474767,-0.797596692487593,-0.9417229822717147,-0.47813862024067618,-0.776273437116412,-0.6727387091072608,-0.9216593155174405,-0.14109959019613586,-0.5361794663921902,-0.9974651377239906,-0.7832330315857502,-0.9055512042345678,-0.6341119160001247,-0.9761074815783474,-0.9916471153767102,-0.69416203531119],[0.38250092846380559,0.9433278429288299,0.8762202918654548,0.8545622322481068,0.8225929545545599,0.9979289616498815,0.5883391644065366,0.7197401415725547,0.606238279764051,0.801290704509293,0.8753359735603442,0.7728576398942143,0.984022254835928,0.9998669602327445,0.5601324085776563,0.3328773034500992,0.8472550785326833,0.6771709886224381,0.17204505900276208,0.9999999999999999,0.10486473445200199,0.6507946687491656,0.228456674546546,-0.5130345571470337,-0.9998435252765298,-0.4426020415062429,-0.5343267687855858,-0.878476747390673,-0.7883051976103919,-0.9870449429648313,-0.768948861546078,-0.38343751536564549,-0.9552748396102608,-0.9882592369772691,-0.7511325031826509,-0.29708125330302007,-0.5679610994891375,-0.6086922686272183,-0.35194974880560089,-0.9705905452638316,-0.6134416274442784,-0.4411313658362689,-0.9718418152589617,-0.25633718012183506,-0.6951277947769675,-0.7845156233710047,-0.9165148931687122,-0.6895196949226651,-0.9321289158163196,-0.06567262223423667,-0.9954000106713266,-0.3366601288900952,-0.9803577544864538,-0.4592740959438888,-0.7574478130385601,-0.37108209220724666,-0.9880556635194425,-0.209716694621763,-0.8190682656182075,-0.8432328726515875,-0.7700484018946511,-0.9592606255528584,-0.18681420075184927,-0.09665075861369287,-0.46423198191550577,-0.7360927491516055,-0.2752863155886015,-0.8910798009622427,-0.4851273742060606,-0.07847573179862154,-0.0014926425465536659,0.14999935965720696,-0.027622198695756083,-0.002238218982191374,-0.2946171933127004,-0.10847660615861181,-0.04088168757103022,-0.008601226177635932,-0.05510353208103057,-0.8653446637167157,-0.006188459899937081,-0.0006550026608427536,-0.04289414120185598,0.07409333097584504,0.00003513775776230076,-0.2052526270885692,-0.006910708836141564,-0.03523597340167699,-0.0001448110237780594,-0.08908451547403199,-0.2345257189776578,-0.6784880222050674],[0.8542189827583606,0.024452331882441434,0.3538686398438946,0.3820632093878588,0.4217961525318014,0.12803425806028738,0.6731903511315671,0.5391098800517764,0.6557848810696692,0.447261835449792,0.35504372974492007,0.4802107859443052,0.17578103197600265,0.1104888525537999,0.7000986434359984,0.8917313394648366,0.3913255743850696,0.584208074549537,0.9854663016045828,0.10486473445200199,0.9999999999999998,0.6113215668750681,0.9590064316188992,-0.7436080339948753,-0.1109718059401368,-0.8052337025927554,-0.7241595408877297,-0.3508602027601928,-0.4624473583186393,-0.1677968449967096,-0.484656668953288,-0.8534838364423064,-0.2352019603556683,-0.060061529987843708,-0.504686120698423,-0.9168242767462335,-0.6926939978566804,-0.6533784390755111,-0.87766080161689,-0.20609012508736289,-0.6487072305358392,-0.806474023424671,-0.041418423736138767,-0.9429475510061679,-0.5653936221986373,-0.46683440616541146,-0.2975393907009898,-4.0947099976199358e-8,-0.27375931747858475,0.2344498515817585,-0.07514626301846705,-0.888977128354209,-0.04958540334352735,0.007665657493889679,-0.49762938521230146,-0.8631046498573847,-0.16497283266000507,0.0790369738256444,-0.0021948186772230576,-0.0038292910154518776,-0.000505112414903507,-0.2279902056281624,0.09355155906140672,0.18235852789361063,0.007177657499906269,-0.00010213634637772334,0.04782240970649565,-0.009786606350157126,0.005351570569539406,-0.9964559697780184,-0.8042149520876624,-0.12239313933814776,-0.9502220501531195,-0.8198632716620119,-0.9184827082936703,0.16654066173031963,-0.9711916948390001,-0.8840217006142197,-0.984880993117572,-0.36817366655129538,-0.8666633848380037,-0.7772976531499913,-0.973566681861818,-0.21840152200905128,-0.64926341659492,-0.9709989179206228,-0.872374333960642,-0.9635313667902233,-0.7421445030936897,-0.9988172034536547,-0.9556535884224202,-0.5828381343188603],[0.9191346639597742,0.42600069298828577,0.9244587593795399,0.9404702737488883,0.9595467835494186,0.6920711048839033,0.9954956044449596,0.9941097784075453,0.9976917948556171,0.9697426397557136,0.9251690520967224,0.9806817869896238,0.7623577036853142,0.66135272462826,0.9905951329747751,0.8856376625132537,0.945273109932753,0.9991621097706906,0.7209972255744436,0.6507946687491656,0.6113215668750681,1.0000000000000003,0.7906286539119548,-0.9785315923205423,-0.6622421177251423,-0.951368952779534,-0.9845850756746494,-0.922622832858549,-0.9750954002223395,-0.7517326100794071,-0.9819673285414868,-0.9197047283788665,-0.830504562960629,-0.5493431970673666,-0.9872052307755365,-0.8571599543830569,-0.9921306039172055,-0.997936994177449,-0.8992951239070991,-0.7993310536568934,-0.9983729760320597,-0.9506824604130528,-0.49275291783584487,-0.819741957026271,-0.9976061059561714,-0.9765423440421875,-0.88569457186141,-0.15038989959222555,-0.866316217533782,0.0012240165598116915,-0.5876723779619857,-0.8884271673426554,-0.5191027586455826,-0.04329610409443267,-0.9854628586789522,-0.9120044578572761,-0.7478770422187774,-0.0014608878787249168,-0.25565762083278167,-0.2811834