{"name":"DynamicObjectArray","generic":13,"parameters":{"array":[{"name":"MatrixSerializable","generic":11,"parameters":{"name":"distance_matrix_aa","value":[[0.0,0.5202063373257824,0.26580596012037457,0.22273225222829003,0.20841566564962753,0.3733702104944361,0.11532561135457228,0.18193733562147688,0.10779434193855867,0.38227251048836549,0.22935871281423943,0.1872929989848494,0.34058817062780236,0.38522499460932499,0.10143883946186913,0.12226304174229041,0.2188013497115511,0.1923042729606669,0.38058080169940586,0.38888189926540897,0.20248846435482163,0.2497921746837047,0.30685011052648256,3.4039867986133665,2.5655357033244727,5.56966374799449,4.766487573742955,4.339440306828843,5.548764532908445,2.893963446281217,4.704110398233106,2.1726532606998196,3.300219667890567,2.231043478970777,3.687731899992374,4.112519581313918,4.750837165415102,7.356847257486237,2.347741383703048,3.127426061406049,3.4734984272709976,14.001766654378514,2.1434224586556298,8.948584735110181,2.992896961052831,5.50908880380221,2.6016268443149017,1.5394247352392586,2.381715656374297,0.9877391253982435,2.5026677730088875,1.626522987266069,2.138466936001973,1.4625644635710773,3.493860114688626,2.4042157797288756,2.8789085718961466,1.2209836624460322,1.851328407348111,1.713517795769588,1.5941840373926009,1.8059564450267114,0.847300692890103,1.0586973373651539,1.229696522955905,1.7447875369752582,1.0177726631940314,1.918541590231133,1.5386793004873647,2.527352898392313,1.9531744187323164,0.8975696129571158,1.82478767841899,2.018432403635962,3.7152694985257188,1.0016379205502629,1.2974153043747517,2.1138058687938359,3.0761956486540966,1.9539607664997368,2.9674040021205205,1.6406132863593939,1.6692732876931645,0.9963577103776297,1.4153773809985988,11.881037630617648,1.8970718745115947,2.4541513112554509,2.094552533909574,3.0280477307795206,1.466583817561699,6.163704509437055],[0.5202063373257824,0.0,0.3744106010124726,0.27203134925871988,0.3035913167322078,0.19491952339168679,0.43917211129082908,0.4017821172779974,0.4135249234144803,0.4608585023772176,0.23353362655198654,0.34083295926436199,0.22662159241344788,0.20907260694567329,0.4492422965742024,0.567765735630511,0.2781319407186691,0.43799117728885447,0.6842687864231876,0.21496400351370543,0.7382368611165784,0.46647913908922175,0.6467825570063059,1.8958585256145873,6.780261207729246,1.8961901229441869,2.0082041849673089,4.405801314955214,3.3512599117552437,5.452692545718161,2.483925775142349,1.6474903863849564,4.56232095591981,12.637242656183912,2.2894328721984769,1.6553990094974225,2.0603372396316175,2.2467622639404847,1.6375715866441119,5.227217971409867,2.0349378961802375,1.9816914590780013,9.310596159459458,1.639134980761272,2.0881723353266765,3.243983739369328,2.4134812123719788,3.2663663476890316,2.3633182582119485,1.4429226257115016,2.936200814402256,1.5432271857765139,21.770101799701459,1.7916648841358077,2.2730483581956428,1.6599342454937678,3.5384158285104299,1.3951363206603603,2.804384600526165,6.495630323972114,4.879038172308651,1.9582068160678068,2.473830108496132,1.3773394455258335,2.8448256151443975,2.440687622555285,2.43284295589555,4.158802241678073,1.733142967971943,1.3168223631062786,1.030108489957829,0.6346488971821287,1.2279959076068488,1.0392704592203046,1.6422479586143555,1.0018473038467786,1.3255880677268626,1.106873801884129,1.252373528466983,2.026471651503999,0.9881919497803584,1.05862206006615,1.2822909623137886,0.9958934837042074,1.007495560619032,1.555612960916509,1.1161620402917425,1.212150757603374,0.9406135994540621,1.330960619673628,1.466504081842656,2.414117247367193],[0.26580596012037457,0.3744106010124726,0.0,0.2715153149576998,0.2430250958686991,0.17157922801528614,0.17851162877022284,0.11783526398954043,0.23745811254820355,0.14568133589924443,0.3254119742996798,0.21702967015975628,0.13066610452687495,0.17545332009612583,0.186849198327383,0.2831356828421418,0.26816023576089156,0.10080449007114861,0.3410290074246344,0.17601687095481378,0.4656141138314682,0.11443045244594752,0.3188374501615439,5.747092260898469,4.8723733676554,4.656503156279345,5.952279339875138,2.988967762882788,3.2961571761807888,5.055538873594887,18.048232008105516,4.218344892883882,4.65665437933407,3.5453882723165988,14.412570520097868,3.4811275129901575,6.56770187319648,7.48731515327427,4.3381265246519329,4.296397885726079,7.626461589843873,4.463737187473959,3.477632049251773,2.962291177696334,10.239061489704456,3.5184655765387418,6.7525293349396959,2.0177066471426468,5.284654167409626,1.2089980097835989,6.3481639840264629,2.322388267883681,3.212481925813848,1.9777964253437704,14.824125397094475,4.470794079174038,9.03431354598722,1.3981469508094513,2.980158538220166,2.3227793328725454,2.08084139043396,2.840788063444385,1.1585037445070852,1.0999028554730855,1.4030496807449207,2.6898732629100237,1.1930090514942374,3.012834537348477,2.206599007810913,2.31547226528694,1.4925860155039006,0.777891325432009,2.2089572971325719,1.507169049765659,3.5161908592917596,1.0027345350718855,1.551057389886026,1.6851731143076563,1.9855302869930783,3.3371085245733327,1.2580267073691949,1.6494483379664887,2.4386276407358937,0.9939298588341821,1.559868637150359,2.5941092970599044,1.763278502180354,1.9528557317093643,1.2500521317156948,2.2591719062167128,1.9224215951424609,7.490372422117493],[0.22273225222829003,0.27203134925871988,0.2715153149576998,0.0,0.03050295784355893,0.1545739305936699,0.12658201224748159,0.1587594121119302,0.12042481742376701,0.4013224559695006,0.059120183853261839,0.057897355260172558,0.14843105942110405,0.20413863538724173,0.13825175530286488,0.23069350733597539,0.004650048986851849,0.21388085123383406,0.3996602591475913,0.22217486489804509,0.3618310198144735,0.27077229895823498,0.32709369770495386,3.1827038635748186,7.0920479189581349,4.969360392144852,4.325097248612272,14.420058356947978,28.794363174806727,9.751211209723327,4.557698454501027,2.0928380754488624,15.389928671094755,4.983488287009423,3.425943420382537,3.7847772461851929,4.312334394073566,6.748596748344737,2.251308863005684,11.684964524423805,3.24255891326313,5.327385212727027,5.049247998381012,3.6706476774731615,2.825136167440409,26.842464543296356,2.4790030157127496,2.6384962645488767,2.2819213921258179,0.9882756093842983,2.43046761312712,1.5908014720441997,4.4436806088827549,1.6255295457216173,3.260059074924664,2.302170693945285,3.784998419676135,1.210234928037993,2.3448450829058915,3.3435780472303389,3.0286072115610529,1.7570556597215137,1.2980546940603893,1.0560414540226329,2.1301748311491965,2.100570017710536,1.6602256831856935,3.1586009150324667,1.5886395878965385,2.412646044918426,1.8925001575460175,0.8488240595670762,1.7744289791958393,1.9522646750813305,3.4493973413462246,1.0015657730273118,1.2824760723203324,2.0393081517682449,2.6408161534758958,1.8932213107108047,1.6650327802066994,1.6039036919387593,1.6305292081909404,0.9965177422098709,1.3934980195247194,3.2195722643111255,1.8409858017388146,2.347041459451325,1.765149576244311,2.8559525987784459,1.4415142031381059,6.983169363668761],[0.20841566564962753,0.3035913167322078,0.2430250958686991,0.03050295784355893,0.0,0.14047102013884167,0.10794743000542116,0.12888057542261698,0.10266953705194251,0.37541515093881608,0.08946181159094226,0.02744286262582756,0.11846445964779294,0.17472365240674896,0.12015591703255371,0.21488991784905255,0.026887381597510728,0.18458210679450733,0.3737131713208841,0.1929797288509121,0.34981646905762706,0.24227033809012728,0.2995797444163357,3.491125985978123,5.929369647452501,5.821242478424762,4.947280378045358,10.03612656390336,15.346144309644622,7.788793611505418,5.258208975442047,2.202967617104197,11.215479739921142,4.347926304199491,3.7916759354339359,4.24426107566026,4.930366718328072,8.459500196358752,2.384557215156093,9.092952921884626,3.5646245493720345,5.8414739469838319,4.351630727686552,3.872564592619521,3.058171136046767,22.601002522778093,2.6487936903193747,2.6844825544851087,2.4198531657352908,0.9875424436538914,2.5921364527713455,1.6398719048864526,3.929286662010568,1.6782395080651199,3.58617004687206,2.443239372752825,4.244543488409936,1.2249519853100473,2.4926265155004376,2.9741111936699289,2.7019228645152104,1.8243282970523645,1.18146630240744,1.05967309708587,1.9180400942547278,2.2117840216778807,1.5092023146179008,3.461612827911657,1.6374862780565418,2.5713781061629579,1.976069470610676,0.8400719459060209,1.843717863470014,2.0434487795849698,3.8209193761949269,1.001664381795762,1.302943364516408,2.1420513494215598,2.73136984198705,1.97688095422274,1.6737093273150992,1.654337207870217,1.683770183050983,0.9962990254923235,1.4235021766505614,3.3552152197126916,1.918200368271569,2.4951721331145646,1.7818801207388327,3.095077305761405,1.4759075604110624,8.834474053985778],[0.3733702104944361,0.19491952339168679,0.17157922801528614,0.1545739305936699,0.14047102013884167,0.0,0.2736488218868361,0.22240779259889699,0.2569583461996304,0.2630676619426569,0.21175896799379338,0.17531098123350165,0.0354116122237234,0.051179653754128539,0.28596973434181646,0.403973796378389,0.15103986813498797,0.25145864321579106,0.4870975190777756,0.07000507970406683,0.5752270162701219,0.2719308220651773,0.4585494819285231,3.026037604147196,17.65776356449646,2.852708025259554,3.191413045776048,4.513716264459116,5.310895580792397,12.884530350643127,4.715605713858812,2.578214515485372,10.506741336334916,9.009759763309141,4.243507312871698,2.364991050164034,3.3383982048420317,3.6895181572330046,2.511905361451186,8.777665119957002,3.4226954192192449,2.901580728156277,10.091805496879753,2.215743000694931,3.704143466718966,5.953158608513236,3.7684639053100139,4.175791116072865,3.286623611884072,1.2514411082728987,3.645436560123252,1.9045494685864544,7.056913742778767,1.9645864231053825,4.2321275633840769,2.5587115739129309,8.74931969463502,1.2985890507883487,3.4354603594514296,4.663416538990305,4.0337040522395839,2.1999872711429315,1.828087765194972,1.1661103648111384,2.4572999744298427,2.881648104338042,2.081383620004158,5.869961465532342,1.900840309981535,1.76296389643918,1.2778140934209335,0.7236132158282655,1.6588895988997215,1.2893432195128197,2.360407344395076,1.0021389432707373,1.4067781358881957,1.4008080841498172,1.6089780457473784,2.457947745109512,1.1519096595524739,1.3543712336043968,1.7996831950552182,0.9952474071370202,1.2871227622334276,2.0364978975633765,1.4346331120778658,1.5685518340893555,1.1234494331127867,1.7572783249302442,1.6559112787684614,4.189895117554277],[0.11532561135457228,0.43917211129082908,0.17851162877022284,0.12658201224748159,0.10794743000542116,0.2736488218868361,0.0,0.06523301509338948,0.06155577358415448,0.31597575832718297,0.1559600362019144,0.08222261216562728,0.23864674264254447,0.28178033918148367,0.014014817256725895,0.10993661762604663,0.12197864655739228,0.11861952276404866,0.31419256944355086,0.28403476526805945,0.2476862936992841,0.17773509734115756,0.23692731638779464,4.477975152622432,3.3699571958338896,9.472524619642928,7.323135616327448,6.025403687698441,7.574498594993917,3.9852139610633068,8.042832485140237,2.508155895706647,4.836533250775429,2.7702494017624148,5.003727175115962,5.851771006286813,7.285282826110126,19.539215983608537,2.7611447914033935,4.411483681438105,4.60395444598695,14.656336350386522,2.681964505340189,6.345633523603315,3.7678062760611557,8.980471602016003,3.142751980974225,1.7957139838606533,2.811178286779624,0.9857535141422854,3.0595401647662299,1.7679535410735257,2.604015219491253,1.733733770542703,4.641196454507765,2.8444862947560756,4.264781115410438,1.2617452690449774,2.3158941676007109,2.0171469327999245,1.8528140704708889,2.0033655614752594,0.8818774107142028,1.0685997794439138,1.3647223599147703,2.154235796254237,1.09406274275992,2.378474855143814,1.764952017172171,3.029245189418413,2.2020907863555565,0.8190341357986191,2.028499939532996,2.2918453455240619,5.0564154198859569,1.0019053343433604,1.3545255672161927,2.4249102543753735,3.907076017295444,2.2031661473790375,1.9478012941524979,1.7861766298202473,1.8233795142538659,0.9957648788557973,1.5000693712476224,4.925809762224568,2.1257524386506336,2.9189036948967876,2.199316034761822,3.826299470881328,1.5641549565222377,21.689284429293538],[0.18193733562147688,0.4017821172779974,0.11783526398954043,0.1587594121119302,0.12888057542261698,0.22240779259889699,0.06523301509338948,0.0,0.12306636094377269,0.25906931278137126,0.2158536185877675,0.10179775638757817,0.18544092993630449,0.22846747325123105,0.0795113140738085,0.18561275023378019,0.15523004436845698,0.05705890849263175,0.25722150738211016,0.22992149620891376,0.3394043474657215,0.1170443484488045,0.19785045019215037,6.112488052064628,4.002480013285439,8.406577161506999,13.296111251232457,4.432167689687704,5.1967631882439069,4.943134020154455,15.91382566746196,2.8964449106288896,6.3924624714247539,3.1387254688457468,7.163318299452054,5.652777263594511,13.170218020303777,19.513159027622643,3.2564629473411696,5.600258016144496,6.3555549665306458,7.27821708591199,3.0571022437426245,4.246011866001289,4.834920655412417,5.809064507470438,3.826038798078835,1.9362571111815595,3.3292829505016865,0.9838859961671662,3.6990047159399777,1.9159155490893385,2.90606508118383,1.8887196768958095,6.428430902745472,3.3780642673886929,5.731317072515865,1.3015504560351717,2.6384523901706538,2.1924453836068786,1.9942346760584822,2.2166206295412795,0.9514039003275391,1.0780189475970615,1.4188460742760665,2.4272519287498688,1.1106317209748409,2.690093758778052,1.9121451466400992,3.4985774293422926,2.1104739572643185,0.7975402169712348,2.249319212931891,2.123550637761794,5.82549751900587,1.0021573977139038,1.4110044237270519,2.4133136613849635,2.798543973078688,2.479810303953615,1.5949070254618317,1.9388405761607659,1.985823848098531,0.9952065449191193,1.5855003096614993,3.551675823091377,2.376945273045039,2.827575248495137,1.69327621795484,3.296204102530526,1.6634394830522339,50.323747096452688],[0.10779434193855867,0.4135249234144803,0.23745811254820355,0.12042481742376701,0.10266953705194251,0.2569583461996304,0.06155577358415448,0.12306636094377269,0.0,0.3703285918288758,0.13339102564530334,0.07832281702904734,0.2243070542673101,0.2637905152652262,0.05295862806762533,0.10853405098535798,0.11605653727851297,0.17886924384161999,0.368619114198823,0.2656081843838013,0.22947790285689119,0.23670121257130753,0.29419251448608399,3.5586155450026419,3.5782665955331014,6.022455413497877,5.090147979077271,7.3763211116440809,12.340594936263898,4.223659693297165,5.420695356743961,2.226031395552226,5.116229044154161,2.941368908116751,3.8725159160328705,4.347362182476538,5.072202983115518,8.898312527266676,2.4126379881912847,4.663609628554537,3.635273727191598,15.862740228067775,2.863170271634425,6.825382555696946,3.1084244515427148,12.481770758572706,2.6849014149240295,1.9430586959997219,2.448956252298347,0.9873953055852527,2.6264503425677105,1.6499490729312008,2.7614581540370679,1.6890786403993863,3.6577583321506945,2.4730282832549488,4.347659299303283,1.227930497625605,2.5115131425317775,2.162487781620078,1.992728055655161,1.838232822063517,0.9743670407023225,1.060403796655339,1.4850295281011923,2.2350820113148099,1.2021304170411172,2.5616933005012578,1.647516660075537,2.60504470810893,1.993433812189031,0.8383246968838927,1.8580488080546403,2.0624397263595517,3.90311923274224,1.0016841813970794,1.3070970656259562,2.1635229565871199,3.1992115404142167,1.9942645551377949,2.1009662872270526,1.6646995468674886,1.6947206297900233,0.9962551178550754,1.4296172467496622,5.279961937863019,1.9342120478258205,2.5265081663585078,2.143094713004051,3.146708418175977,1.4829301135025364,9.314733353856188],[0.38227251048836549,0.4608585023772176,0.14568133589924443,0.4013224559695006,0.37541515093881608,0.2630676619426569,0.31597575832718297,0.25906931278137126,0.3703285918288758,0.0,0.4497712513504848,0.35159457966160187,0.2689100216070742,0.2500996989806928,0.32371876669419816,0.2727575568617381,0.39828229872516698,0.2050413693221429,0.33405092480393658,0.2524606348250378,0.47708946208127919,0.14646620017546875,0.3089821111472187,7.039104281725801,3.1745330265034137,4.594151473670871,5.332964542112797,2.1837597185805399,2.3252702775973748,2.9952359504424979,5.0130771002087279,5.518012845741705,2.861279258199293,2.7898597373820728,8.067634573577087,3.6552181863795418,5.352882373486199,3.7154121967782629,4.9181315709137849,2.732065690538671,9.429558806206586,3.12912668607216,2.672572087600839,3.01079543579733,18.11647440269124,2.42245672478413,14.16334954608389,1.5592556717456825,12.86031211336677,1.0637333391797839,4.266417144514593,3.2897099910202498,2.5738779500793016,1.4286522246616469,9.271530676590205,5.112754389870444,5.499882497871525,1.2324674708758066,2.16623815523154,1.8402432339800577,1.6448120644240175,4.5979797122909888,1.0385350628010899,1.0765898092099194,1.095946198809202,1.9524365957189785,1.0463629521965774,2.2632557008769886,1.5647320715482014,2.2700890106293807,1.375517992284948,0.9376847146352556,2.140045259750843,1.3923852350152775,3.705774516708296,1.0036688503816043,1.815637768661585,1.5786522500884864,1.9119469040491799,6.210868326908003,1.171430696030547,1.524786904772125,2.560571064303732,0.9918680738013543,1.4186875917116567,2.5913670805187616,1.654495008030628,1.869483224753554,1.1369709932275172,2.210629621679731,2.467903706184325,3.6515046455317554],[0.22935871281423943,0.23353362655198654,0.3254119742996798,0.059120183853261839,0.08946181159094226,0.21175896799379338,0.1559600362019144,0.2158536185877675,0.13339102564530334,0.4497712513504848,0.0,0.116618365842217,0.20574576829298747,0.2601195113418715,0.1506941509982724,0.23752269365608526,0.06272530906714538,0.2695921301520052,0.4481906008621277,0.2776481352581512,0.3597360400309358,0.3246947344046908,0.3788870250616784,2.728435975005345,6.369038269418905,3.8866296070057189,3.491451406622794,97.37318610961144,19.627023191495906,7.332019498470289,3.6368596412929348,1.9150153758725639,8.404775968868034,6.003543673560325,2.89807959376892,3.141063371801324,3.483380615750257,4.8662063071475238,2.0390376358639696,9.974862372722768,2.770560724686412,5.075621515054399,4.277631582228784,3.6175992280600415,2.4714657851125878,18.354363738931715,2.2136871692333557,2.3336016911084265,2.0627596032738606,0.9895777015187607,2.1768035631479036,1.5080882546282675,5.259890163183244,1.5369466853847747,2.7828297539016608,2.078409467133835,3.1412105412439259,1.1845979446079927,2.1112830163994404,3.4656888805880499,2.975255523700412,1.645269443252792,1.405520491377114,1.0496297223887133,1.9849776995713038,1.9211145104390646,1.565670817821917,2.7114018672386908,1.5062881845123042,2.1632138848987965,1.7552358530102439,0.8645584240560346,1.6594638279243375,1.8032561913058656,2.9142229405709427,1.0013908482827357,1.2470450264435036,1.872653257322307,2.5246477254873418,1.7558171131587833,1.721094587471228,1.5189886881491939,1.541092418647804,0.996905900664659,1.342054568854869,3.204885697533846,1.713598879074527,2.1129710193470867,1.8300520878687064,2.493978391049288,1.3827894923355582,4.9844698347981029],[0.1872929989848494,0.34083295926436199,0.21702967015975628,0.057897355260172558,0.02744286262582756,0.17531098123350165,0.08222261216562728,0.10179775638757817,0.07832281702904734,0.35159457966160187,0.116618365842217,0.0,0.14233885324741056,0.17856347924774727,0.09499949109030499,0.1912801793760467,0.05429018530240551,0.15793927949248444,0.34985837191926907,0.1790597341320253,0.32889437074571767,0.2162653353577405,0.27439275401056759,3.830687887353053,4.9375554264950118,6.895341096467244,5.692724722965448,7.890396175760232,10.817768924288119,6.233522451086429,6.112852619889274,2.3155106595177785,8.36605474912755,3.769675868228589,4.201408264633068,4.772719114281517,5.670108709477616,10.98142762171036,2.5221623247853679,7.125209256522027,3.920720273567433,6.783676016945665,3.7287049160005076,4.234354029161939,3.308384330325336,13.966139802033588,2.8268348108401897,2.3619804703299658,2.562585721828771,0.9868440328921092,2.7611066946239668,1.6884122880106865,3.452401973617343,1.7304958360670023,3.9471888774619399,2.589415477810002,4.773080626439508,1.2391651320344135,2.6461961928422479,2.630661696637531,2.3977272875942337,1.8915873599592768,1.0734431428543732,1.0631470429524186,1.7201794616875537,2.3254932137615276,1.3599971327779917,3.3324149644353664,1.6857986747272509,2.7370799628520428,2.0603577548997746,0.8318055100469817,1.9130704263381034,2.135776151700694,4.237843973036009,1.0017583928453354,1.322799164613611,2.246677206714952,2.9107418780113605,2.0612643028936197,1.711170391370407,1.704267669198726,1.7365698251703557,0.9960905713051441,1.452813434042379,3.600657021357456,1.9958192453082207,2.649127383466673,1.8386039023894878,3.3523779919086897,1.5096085674706883,11.625572978454697],[0.34058817062780236,0.22662159241344788,0.13066610452687495,0.14843105942110405,0.11846445964779294,0.0354116122237234,0.23864674264254447,0.18544092993630449,0.2243070542673101,0.2689100216070742,0.20574576829298747,0.14233885324741056,0.0,0.05744828863558045,0.25121258752710409,0.36641605974061428,0.14489033667066263,0.21221228777848318,0.43865268432031159,0.07625863613253589,0.53341225224393,0.23033940653762209,0.4133481654907592,3.487573220083302,13.679256444040427,3.2141002506206308,3.6628903237206167,4.639078188102811,5.487849050473828,14.013422837606197,5.784776946971782,2.820606278953976,11.24314422881015,6.975982228511798,5.168128859987438,2.628513261436993,3.856842361266406,4.27051415681409,2.8694683929636066,9.2837110640337,4.016931530414296,3.232415924686933,7.425034845278044,2.4162251501385967,4.442646527475518,6.1781070605490628,3.687386566778076,3.5536375770244366,3.226245537761094,1.1661014264050127,3.569903987958615,1.888226714013779,5.77815738936504,1.9468271309534489,5.166905129765044,2.9266521534096929,8.299090256210999,1.2943089339778656,3.3689803603470427,3.979857253562648,3.493280808360529,2.1761744508495064,1.6374232264789579,1.0779163772678482,2.219982479863564,2.8365447827237,1.815579720562377,5.6671032717188709,1.8846048726589957,1.9323246162871644,1.3774458310304639,0.7791552751406647,1.8308048977631846,1.389295764509568,2.6300239944682057,1.0021121874964905,1.4006768531059804,1.5160678021105914,1.741124286445866,2.426733549875386,1.2149074720299023,1.475558091804167,1.9553292326113828,0.9953066546479492,1.405734032025238,2.200646299353499,1.5612384239101954,1.7043124201343734,1.1988415557666666,1.9154446671307533,1.6450717002609563,4.94599174412712],[0.38522499460932499,0.20907260694567329,0.17545332009612583,0.20413863538724173,0.17472365240674896,0.051179653754128539,0.28178033918148367,0.22846747325123105,0.2637905152652262,0.2500996989806928,0.2601195113418715,0.17856347924774727,0.05744828863558045,0.0,0.29461035713351715,0.41913067379846349,0.20066832201670263,0.2594642444049674,0.5121258816759042,0.018893116884356934,0.6011436740245816,0.281596814953479,0.48016076274985178,2.906260056780544,9.302292210513548,2.7489634817486006,3.077646296332507,3.708251194587853,4.216098387831762,7.795292798141125,4.588116784820762,2.4522866688537,6.8659072073027069,8.248592439423968,4.108692494526766,2.2670915014637487,3.2219613725213387,3.5778067173929175,2.39166173047664,6.092060528910316,3.295824836689647,2.807935474118016,9.110286463943512,2.133694575366277,3.567195268452602,4.6021518823614999,4.605550732059323,3.8233783248381254,3.8897283978841119,1.374075437319481,4.418655007985054,2.053536617576651,6.53194666670471,2.1273000995440398,4.095470425826181,2.438042667474821,14.021846836732895,1.3362161073715875,4.106268042353559,4.307200588053752,3.724320292497057,2.4214497516322108,1.7991851496304017,1.285559333906559,2.2765888876383468,3.3201265286212755,2.040387954307563,8.084335390476476,2.048995887007533,1.6724674005721918,1.2012674802414703,0.6496805030969755,1.5610220404750329,1.2132400001875128,2.2602031026079056,1.0023699671880245,1.4607717360478612,1.320663222668706,1.5299280174589257,2.7530995158752904,1.0971864089025019,1.267483192310445,1.690995527057833,0.9947360440192865,1.1975830163761757,1.961532391213012,1.3491827563366808,1.4852911371878186,1.0568800584533323,1.6720776326799028,1.7533240228277132,4.074144227769136],[0.10143883946186913,0.4492422965742024,0.186849198327383,0.13825175530286488,0.12015591703255371,0.28596973434181646,0.014014817256725895,0.0795113140738085,0.05295862806762533,0.32371876669419816,0.1506941509982724,0.09499949109030499,0.25121258752710409,0.29461035713351715,0.0,0.09427229185836982,0.13373039424453524,0.12711473164819163,0.321945362671905,0.2970564356398281,0.22947101685848809,0.18607510506884807,0.2450518013135411,4.3197554186892159,3.244569990041486,8.765021206203138,6.896171312231439,6.3466164749355979,8.094717783607719,3.8088986812085596,7.5291490379753169,2.463487295366909,4.575945291393788,2.689870465332422,4.804977013967197,5.578816313828269,6.862674885931798,16.728561997673073,2.705340740841444,4.2005545352120159,4.4364085145875429,18.627327060171394,2.6006194176470855,7.059348072349555,3.657566762578541,9.72514572325165,3.068207160290832,1.7582301518379105,2.7530499288952554,0.9859954657505208,2.9892802971439655,1.7498945494419203,2.535765821117081,1.6927912430413015,4.470846831668784,2.7847883283037628,4.0241529525887949,1.2566940751616929,2.2442749283584435,1.9730585357602884,1.8154082600471453,1.9778150603779288,0.8765873562282953,1.0673869855362408,1.345325322144582,2.0914500091006826,1.082955086363916,2.308683310459041,1.7469826566981395,2.960517931265251,2.1695092320289617,0.8218535093669243,2.0020958417322625,2.2558769539370737,4.85337103291055,1.0018727168813245,1.347408864736774,2.3836796912985407,3.788045808788957,2.1705447916417754,2.0322946561286066,1.7675702750963487,1.8036387202774682,0.9958371614035242,1.489423735784992,5.344489010981525,2.095948128011744,2.8556346092269386,2.329042141099249,3.71240483272869,1.5518439085606193,16.710204576563503],[0.12226304174229041,0.567765735630511,0.2831356828421418,0.23069350733597539,0.21488991784905255,0.403973796378389,0.10993661762604663,0.18561275023378019,0.10853405098535798,0.2727575568617381,0.23752269365608526,0.1912801793760467,0.36641605974061428,0.41913067379846349,0.09427229185836982,0.0,0.2263251475533729,0.17980258890168816,0.27092412114721939,0.4239383428726555,0.13610676812646164,0.18364076329414787,0.191782046083203,5.621139671089597,2.376143157165509,13.071082224469766,7.942476721108848,4.190638302971378,5.464470482879403,2.7013661791402567,4.523210383437929,2.7920594895607424,3.107915025727601,2.0551659020811678,4.3757943426042928,8.025603378549393,7.151290690760377,7.5114451414271949,3.1214718828987575,2.939393481755544,5.561587847632379,19.496461974264315,1.9559410072264556,19.544907371242503,4.513709080767764,5.419481401255026,3.0991526615788986,1.3597578039396865,2.9810419862364445,0.8029885809593537,2.2565864231239569,1.8776578313493222,1.9704679753983999,1.257487296344715,4.26814268636661,3.2319838298777467,2.6501352096099328,1.1357556758531229,1.6399893678568578,1.5416540361249729,1.4236956125174323,2.1608022813561997,0.7103239815726963,0.9425930652721273,1.06889858644204,1.5338657631356319,0.8654788209437544,1.7202948066049495,1.323748754078033,3.4806024687493579,2.4052993847876098,1.0838117899799727,2.1914449791258967,2.5174166504614754,6.583493555542679,1.0020947017903037,1.3967060795167224,2.685613742910309,4.734663336120491,2.406636387209737,2.419085848923803,1.8993299450893074,1.943701022812775,0.9953453774418208,1.5637121342987599,9.828017402001569,2.310773820821729,3.33151646056362,2.6512344933839588,4.613955612697064,1.6380352329570228,6.130553238631215],[0.2188013497115511,0.2781319407186691,0.26816023576089156,0.004650048986851849,0.026887381597510728,0.15103986813498797,0.12197864655739228,0.15523004436845698,0.11605653727851297,0.39828229872516698,0.06272530906714538,0.05429018530240551,0.14489033667066263,0.20066832201670263,0.13373039424453524,0.2263251475533729,0.0,0.21042516313363636,0.3966152955414805,0.21873217054573086,0.3577387282876455,0.26741576934685698,0.3238584735673483,3.216124635511238,6.817786686460381,5.056670127396873,4.39018757495118,13.708378960446117,26.08055318276042,9.26224797681571,4.6304463065975549,2.1051619791593989,14.25346899977553,4.842388448339422,3.465283745776159,3.833662173598339,4.377016441333522,6.91381419771874,2.2661514312988197,11.019796248037526,3.277395167728784,5.453612052738142,4.893074208440918,3.72752492265477,2.850659572654487,30.48639302787498,2.4977906062020285,2.6602767521372057,2.2972719577544105,0.9881909536090195,2.4483819862703268,1.59637226154191,4.331801273736816,1.6315076113275078,3.295314256305102,2.317861105574312,3.8338895291724075,1.2119237475601617,2.361261667196234,3.266297972215473,2.961304237179134,1.7646567738186879,1.2772741349211352,1.056459994898619,2.0889085547605248,2.1130124922172128,1.639876154098895,3.1914592706806466,1.5941853173925194,2.4302441786079078,1.9019060469444645,0.8478095687752555,1.7822540196820894,1.962509999569606,3.489331926545742,1.0015771547856883,1.284819987404956,2.050823301971751,2.6719837664196599,1.9026371719006406,1.6736873184207007,1.60962709532796,1.636566639195346,0.9964924936379531,1.3969233692510253,3.2605447895997647,1.8496893110017896,2.3634957843787798,1.7773633099576907,2.8821189967459488,1.4454353136015124,7.160488527128173],[0.1923042729606669,0.43799117728885447,0.10080449007114861,0.21388085123383406,0.18458210679450733,0.25145864321579106,0.11861952276404866,0.05705890849263175,0.17886924384161999,0.2050413693221429,0.2695921301520052,0.15793927949248444,0.21221228777848318,0.2594642444049674,0.12711473164819163,0.17980258890168816,0.21042516313363636,0.0,0.20314409983662216,0.2615987240965487,0.34248370500683908,0.06038874150233591,0.1916600887370257,9.298476386891944,3.5891054204712828,9.191362464201573,16.282530515022978,3.5830838577875547,4.05224406136633,4.387474634053253,23.017838316793815,3.4015539735933157,5.5804634449533119,2.8520470126423325,12.018659651504607,5.890805516612844,21.49513164205419,14.737890146098513,3.929555642473619,4.952102084414694,9.88217997571667,7.731303451878976,2.7550752068901547,4.3002916761406679,6.598120069035598,4.405786392186685,4.821576263884438,1.7422769625866977,4.039609469757128,0.9536336108074408,4.013622539832989,2.0870085158944899,2.655500344556507,1.661471168998615,10.062167488907213,4.113966981519082,4.901364153296795,1.3443281420352025,2.331590040114795,1.9915193121444253,1.8090436517455709,2.472246384743981,0.9100446813168968,1.0878759229728472,1.2800245096209877,2.1422806296999936,0.9955636752896492,2.403125669189037,1.80141860619179,3.5014886741788078,2.045101697383359,0.8885647312394125,2.515051290605981,2.0593029781640297,6.098306473599418,1.0024188088158937,1.4724967791267854,2.3568588615770027,2.762083569043423,2.822059458237647,1.5425302708277645,2.1158547114340955,2.175238963482865,0.9946279835031315,1.6804681763401584,3.5567733513417978,2.5519601823836157,2.789537463409272,1.627220513069133,3.2854303491454814,1.7748375820258569,13.71505667385587],[0.38058080169940586,0.6842687864231876,0.3410290074246344,0.3996602591475913,0.3737131713208841,0.4870975190777756,0.31419256944355086,0.25722150738211016,0.368619114198823,0.33405092480393658,0.4481906008621277,0.34985837191926907,0.43865268432031159,0.5121258816759042,0.321945362671905,0.27092412114721939,0.3966152955414805,0.20314409983662216,0.0,0.5205117136079807,0.2072698093585142,0.2098522827259379,0.0834795367474756,6.289437467713569,1.9903267432222248,4.6343217545113879,5.387869047946004,2.1912533389412665,2.334035066663033,2.2886162886288989,3.8935920946235447,5.412210789115921,2.665102525900563,1.713997781387743,3.702643038346727,6.603494998628298,5.408214944418549,3.7409490807205705,6.732479984553954,2.520999306302679,4.854883060803824,3.146639852229174,1.5945169476478345,3.5616028561819257,3.789419508111119,2.432141087402087,2.4670817224976995,1.0358720582583808,2.344244509510084,0.4744868301900136,1.748216646506659,3.270390514988907,1.6491081578514815,0.887427469277163,3.5904269902167824,6.56994884304907,2.1532433893697475,0.7382747504229134,1.2424635129387807,1.2273102693681815,1.1156670241103355,2.0732158250846215,0.5857114219374469,0.5775188792774625,0.7887356806084616,1.141656329629542,0.6054168701744548,1.346370176259065,0.9317950610183942,9.968912484739912,3.142875335384264,1.6971676342778384,4.727032255143662,3.11255222797006,8.055577179012163,1.0036543259190154,1.81110751982595,3.830565771610497,4.766778242094115,2.4353460431565288,1.9072644896125806,3.450271713192715,3.533504373535648,1.0831731838293575,2.5118598948146588,3.2656028973438917,4.796368436633487,5.268296636867053,2.377713320233857,7.28225127855612,2.4578747876687347,3.676099427492962],[0.38888189926540897,0.21496400351370543,0.17601687095481378,0.22217486489804509,0.1929797288509121,0.07000507970406683,0.28403476526805945,0.22992149620891376,0.2656081843838013,0.2524606348250378,0.2776481352581512,0.1790597341320253,0.07625863613253589,0.018893116884356934,0.2970564356398281,0.4239383428726555,0.21873217054573086,0.2615987240965487,0.5205117136079807,0.0,0.6098931023137938,0.2843096279080096,0.4872883931416949,2.871567806307698,7.927868104843065,2.718542657106822,3.0453459845446328,3.4831157479233916,3.9225405937352777,6.811069463221665,4.559874383472014,2.4141481837138847,6.094262429529251,7.267219057683609,4.075519495309404,2.237151265434771,3.1894307183473535,3.5480413900074967,2.35509837539928,5.480194191012053,3.2606064603112618,2.7806987337424156,8.734351529101306,2.1084138048731519,3.5304146542511067,4.2513908446161319,5.023794053605773,3.693060760794738,4.17786261649073,1.4208762700267737,4.800519668753667,2.116769296363524,6.209768041894609,2.1966950782023124,4.061744483039033,2.401492808302165,14.330394436363074,1.3514404937496019,4.431143970129307,4.174143351571659,3.609640401687493,2.5177400526512856,1.7853642264596479,1.3313456381109883,2.250822592148508,3.5221704974897967,2.020874433183927,7.724872488197436,2.11185679902043,1.6435841500894082,1.1761706455843788,0.6247212592489121,1.5295118245745179,1.1883079674042954,2.229526039709407,1.0024613561544887,1.4828017700029737,1.2945550250275529,1.5045155229883303,2.8842284788891967,1.0792069418521775,1.2390532463027629,1.6562282040026624,0.9945338627346189,1.168151086299924,1.9381608741718269,1.3213672351588362,1.4584273570443347,1.0349126698589038,1.6449114451812257,1.7938536641836398,4.045633781008648],[0.20248846435482163,0.7382368611165784,0.4656141138314682,0.3618310198144735,0.34981646905762706,0.5752270162701219,0.2476862936992841,0.3394043474657215,0.22947790285689119,0.47708946208127919,0.3597360400309358,0.32889437074571767,0.53341225224393,0.6011436740245816,0.22947101685848809,0.13610676812646164,0.3577387282876455,0.34248370500683908,0.2072698093585142,0.6098931023137938,0.0,0.35661762721424886,0.19072881677264309,3.111486654913805,1.7150632136433668,4.386453311090958,3.487771900177518,2.783114326794159,3.2740834959702509,1.9058875211649869,2.5746716764994237,2.706216975311045,2.129864526812878,1.5343649592972318,2.4414814691672976,5.282413332363343,3.3110390925440149,3.561145861918583,2.9862802542075665,2.0573831566862879,2.7844258513185138,5.897236549897048,1.4369417763548296,10.771251093825376,2.41863972417853,3.222718384499883,1.8696672144368663,1.0142550717009003,1.797894977522196,0.5649409190705069,1.4925280120631524,2.12337146204853,1.4931499365977175,0.8972965290826246,2.388631848237266,2.9753966272123195,1.762869042382879,0.7839185704315471,1.1652802100973146,1.1666456012788707,1.0788794639201689,1.623549263477495,0.5463471802712087,0.6546040975929569,0.8141087610903738,1.09047599214177,0.6589943665608425,1.2473691601972493,0.9315992677413683,4.761722751821964,3.080556027504891,1.518642585817277,2.573029719521958,3.2304644043984207,4.885189591525613,1.0024706852586672,1.4850727184274604,3.341588452266183,7.620425549957063,1.8018739603904799,3.649692023402386,2.238237499076313,2.2157157770422106,1.0802604490072403,1.8839364359156259,8.307563616756298,2.7515508750830106,4.475909230733312,3.8557142445388,7.303918343763062,1.7980579911251767,3.200514047509401],[0.2497921746837047,0.46647913908922175,0.11443045244594752,0.27077229895823498,0.24227033809012728,0.2719308220651773,0.17773509734115756,0.1170443484488045,0.23670121257130753,0.14646620017546875,0.3246947344046908,0.2162653353577405,0.23033940653762209,0.281596814953479,0.18607510506884807,0.18364076329414787,0.26741576934685698,0.06038874150233591,0.2098522827259379,0.2843096279080096,0.35661762721424886,0.0,0.19716191656500332,18.48796130094372,3.341807266983553,9.202640663045539,17.134747757018226,2.9953458746646577,3.3040893622473015,4.074745875528342,18.312489684624464,4.2049215654192519,4.673304985353322,2.668666651295005,20.99358831744371,5.763579606281068,23.502978012305804,7.8297662593395949,5.072992746401125,4.310448030209109,24.357934643650745,5.506226106508597,2.5612566692219427,4.179858479560322,10.868181999176584,3.52761757115829,6.716956513914874,1.6043737855449985,5.26315003123955,0.8347797622625225,3.623641513799989,2.318871345228107,2.4918786621836079,1.5000831673625457,19.44666245179387,5.393532939446623,4.461685941113274,1.339589239353989,2.1290130578957799,1.851970508207373,1.6778859001560667,2.8351309173346537,0.8955201593279196,1.0373584379566948,1.1752816414713865,1.9505295195650612,0.905345177313567,2.2138417279507167,1.6222066190652862,3.3486528444415928,1.9209867685297122,1.001028205807518,2.8942423396864904,1.9363972435779986,5.971816614800614,1.0027301465391188,1.5499313889845877,2.224573405832497,2.6350484190846434,3.329001154574914,1.465962013080963,2.2587970445466638,2.4346680838466789,0.9939395577723983,1.8030560075856333,3.4454558315980958,2.4057646602204159,2.651271921825238,1.52609048982202,3.145747557410034,1.9202630315645164,7.534832952918586],[0.30685011052648256,0.6467825570063059,0.3188374501615439,0.32709369770495386,0.2995797444163357,0.4585494819285231,0.23692731638779464,0.19785045019215037,0.29419251448608399,0.3089821111472187,0.3788870250616784,0.27439275401056759,0.4133481654907592,0.48016076274985178,0.2450518013135411,0.191782046083203,0.3238584735673483,0.1916600887370257,0.0834795367474756,0.4872883931416949,0.19072881677264309,0.19716191656500332,0.0,6.687759354696925,2.1058375447107564,7.42232460742334,7.902442144046885,2.579657095647438,2.7951800573349554,2.4163046907049146,4.137780740543804,5.5976147684793748,2.8081837272437806,1.8130129897416945,3.9585467876910966,14.529499407072294,6.971647992201834,5.318352043162737,7.218855807978233,2.6536826965091535,5.180662510516688,4.154451893240968,1.6985315340006977,4.949803685865274,4.070581103043382,2.947003490612209,2.6721055011804819,1.124375932530349,2.5482161928249207,0.5604426625240446,1.8991774638669663,2.6345969368484525,1.7416170393916495,0.987836377690071,3.844271997530261,7.042883616194741,2.3064998299624959,0.8451615549970655,1.3538635837931553,1.3144847042330684,1.2002445195637044,2.2854279658185749,0.5824179236142942,0.6741501878295158,0.8634546462142705,1.2505725936124084,0.673665029868356,1.451814543872554,1.038774007194629,9.891696857964654,3.3122987054597408,1.476510697263214,3.4493587421259317,3.320956651586589,24.340488082943815,1.0030903414661814,1.6457634019522392,4.27575984551607,5.24662615269706,2.669688490920477,1.920576258120325,2.6859107026914765,2.7930910245049036,0.9931439590442529,1.9595975434484257,4.374720315098766,3.8054208403905029,5.862979856123536,2.40125466682293,8.080590614556716,2.1086888122077065,5.183251252125604],[3.4039867986133665,1.8958585256145873,5.747092260898469,3.1827038635748186,3.491125985978123,3.026037604147196,4.477975152622432,6.112488052064628,3.5586155450026419,7.039104281725801,2.728435975005345,3.830687887353053,3.487573220083302,2.906260056780544,4.3197554186892159,5.621139671089597,3.216124635511238,9.298476386891944,6.289437467713569,2.871567806307698,3.111486654913805,18.48796130094372,6.687759354696925,0.0,0.35499723