{"name":"DynamicObjectArray","generic":13,"parameters":{"array":[{"name":"MatrixSerializable","generic":11,"parameters":{"name":"distance_matrix_aa","value":[[2.0,2.0,2.0,2.0,2.0,2.0,2.0,2.0,2.0,2.0,2.0,2.0,2.0,2.0,2.0,2.0,2.0,2.0,2.0,2.0,2.0,2.0,2.0,2.0,2.0,2.0,2.0,2.0,2.0,2.0,2.0,2.0,2.0,2.0,2.0,2.0,2.0,2.0,2.0,2.0,2.0,2.0,2.0,2.0,2.0,2.0,2.0,2.0,2.0,2.0,2.0,2.0,2.0,2.0,2.0,2.0,2.0,2.0,2.0,2.0,2.0,2.0,2.0,2.0,2.0,2.0,2.0,2.0,2.0,2.0,2.0,2.0,2.0,2.0,2.0,2.0,2.0,2.0,2.0,2.0,2.0,2.0,2.0,2.0,2.0,2.0,2.0,2.0,2.0,2.0,2.0,2.0],[2.0,2.0,2.0,2.0,2.0,2.0,2.0,2.0,2.0,2.0,2.0,2.0,2.0,2.0,2.0,2.0,2.0,2.0,2.0,2.0,2.0,2.0,2.0,2.0,2.0,2.0,2.0,2.0,2.0,2.0,2.0,2.0,2.0,2.0,2.0,2.0,2.0,2.0,2.0,2.0,2.0,2.0,2.0,2.0,2.0,2.0,2.0,2.0,2.0,2.0,2.0,2.0,2.0,2.0,2.0,2.0,2.0,2.0,2.0,2.0,2.0,2.0,2.0,2.0,2.0,2.0,2.0,2.0,2.0,2.0,2.0,2.0,2.0,2.0,2.0,2.0,2.0,2.0,2.0,2.0,2.0,2.0,2.0,2.0,2.0,2.0,2.0,2.0,2.0,2.0,2.0,2.0],[2.0,2.0,2.0,2.0,2.0,2.0,2.0,2.0,2.0,2.0,2.0,2.0,2.0,2.0,2.0,2.0,2.0,2.0,2.0,2.0,2.0,2.0,2.0,2.0,2.0,2.0,2.0,2.0,2.0,2.0,2.0,2.0,2.0,2.0,2.0,2.0,2.0,2.0,2.0,2.0,2.0,2.0,2.0,2.0,2.0,2.0,2.0,2.0,2.0,2.0,2.0,2.0,2.0,2.0,2.0,2.0,2.0,2.0,2.0,2.0,2.0,2.0,2.0,2.0,2.0,2.0,2.0,2.0,2.0,2.0,2.0,2.0,2.0,2.0,2.0,2.0,2.0,2.0,2.0,2.0,2.0,2.0,2.0,2.0,2.0,2.0,2.0,2.0,2.0,2.0,2.0,2.0],[2.0,2.0,2.0,2.0,2.0,2.0,2.0,2.0,2.0,2.0,2.0,2.0,2.0,2.0,2.0,2.0,2.0,2.0,2.0,2.0,2.0,2.0,2.0,2.0,2.0,2.0,2.0,2.0,2.0,2.0,2.0,2.0,2.0,2.0,2.0,2.0,2.0,2.0,2.0,2.0,2.0,2.0,2.0,2.0,2.0,2.0,2.0,2.0,2.0,2.0,2.0,2.0,2.0,2.0,2.0,2.0,2.0,2.0,2.0,2.0,2.0,2.0,2.0,2.0,2.0,2.0,2.0,2.0,2.0,2.0,2.0,2.0,2.0,2.0,2.0,2.0,2.0,2.0,2.0,2.0,2.0,2.0,2.0,2.0,2.0,2.0,2.0,2.0,2.0,2.0,2.0,2.0],[2.0,2.0,2.0,2.0,2.0,2.0,2.0,2.0,2.0,2.0,2.0,2.0,2.0,2.0,2.0,2.0,2.0,2.0,2.0,2.0,2.0,2.0,2.0,2.0,2.0,2.0,2.0,2.0,2.0,2.0,2.0,2.0,2.0,2.0,2.0,2.0,2.0,2.0,2.0,2.0,2.0,2.0,2.0,2.0,2.0,2.0,2.0,2.0,2.0,2.0,2.0,2.0,2.0,2.0,2.0,2.0,2.0,2.0,2.0,2.0,2.0,2.0,2.0,2.0,2.0,2.0,2.0,2.0,2.0,2.0,2.0,2.0,2.0,2.0,2.0,2.0,2.0,2.0,2.0,2.0,2.0,2.0,2.0,2.0,2.0,2.0,2.0,2.0,2.0,2.0,2.0,2.0],[2.0,2.0,2.0,2.0,2.0,2.0,2.0,2.0,2.0,2.0,2.0,2.0,2.0,2.0,2.0,2.0,2.0,2.0,2.0,2.0,2.0,2.0,2.0,2.0,2.0,2.0,2.0,2.0,2.0,2.0,2.0,2.0,2.0,2.0,2.0,2.0,2.0,2.0,2.0,2.0,2.0,2.0,2.0,2.0,2.0,2.0,2.0,2.0,2.0,2.0,2.0,2.0,2.0,2.0,2.0,2.0,2.0,2.0,2.0,2.0,2.0,2.0,2.0,2.0,2.0,2.0,2.0,2.0,2.0,2.0,2.0,2.0,2.0,2.0,2.0,2.0,2.0,2.0,2.0,2.0,2.0,2.0,2.0,2.0,2.0,2.0,2.0,2.0,2.0,2.0,2.0,2.0],[2.0,2.0,2.0,2.0,2.0,2.0,2.0,2.0,2.0,2.0,2.0,2.0,2.0,2.0,2.0,2.0,2.0,2.0,2.0,2.0,2.0,2.0,2.0,2.0,2.0,2.0,2.0,2.0,2.0,2.0,2.0,2.0,2.0,2.0,2.0,2.0,2.0,2.0,2.0,2.0,2.0,2.0,2.0,2.0,2.0,2.0,2.0,2.0,2.0,2.0,2.0,2.0,2.0,2.0,2.0,2.0,2.0,2.0,2.0,2.0,2.0,2.0,2.0,2.0,2.0,2.0,2.0,2.0,2.0,2.0,2.0,2.0,2.0,2.0,2.0,2.0,2.0,2.0,2.0,2.0,2.0,2.0,2.0,2.0,2.0,2.0,2.0,2.0,2.0,2.0,2.0,2.0],[2.0,2.0,2.0,2.0,2.0,2.0,2.0,2.0,2.0,2.0,2.0,2.0,2.0,2.0,2.0,2.0,2.0,2.0,2.0,2.0,2.0,2.0,2.0,2.0,2.0,2.0,2.0,2.0,2.0,2.0,2.0,2.0,2.0,2.0,2.0,2.0,2.0,2.0,2.0,2.0,2.0,2.0,2.0,2.0,2.0,2.0,2.0,2.0,2.0,2.0,2.0,2.0,2.0,2.0,2.0,2.0,2.0,2.0,2.0,2.0,2.0,2.0,2.0,2.0,2.0,2.0,2.0,2.0,2.0,2.0,2.0,2.0,2.0,2.0,2.0,2.0,2.0,2.0,2.0,2.0,2.0,2.0,2.0,2.0,2.0,2.0,2.0,2.0,2.0,2.0,2.0,2.0],[2.0,2.0,2.0,2.0,2.0,2.0,2.0,2.0,2.0,2.0,2.0,2.0,2.0,2.0,2.0,2.0,2.0,2.0,2.0,2.0,2.0,2.0,2.0,2.0,2.0,2.0,2.0,2.0,2.0,2.0,2.0,2.0,2.0,2.0,2.0,2.0,2.0,2.0,2.0,2.0,2.0,2.0,2.0,2.0,2.0,2.0,2.0,2.0,2.0,2.0,2.0,2.0,2.0,2.0,2.0,2.0,2.0,2.0,2.0,2.0,2.0,2.0,2.0,2.0,2.0,2.0,2.0,2.0,2.0,2.0,2.0,2.0,2.0,2.0,2.0,2.0,2.0,2.0,2.0,2.0,2.0,2.0,2.0,2.0,2.0,2.0,2.0,2.0,2.0,2.0,2.0,2.0],[2.0,2.0,2.0,2.0,2.0,2.0,2.0,2.0,2.0,2.0,2.0,2.0,2.0,2.0,2.0,2.0,2.0,2.0,2.0,2.0,2.0,2.0,2.0,2.0,2.0,2.0,2.0,2.0,2.0,2.0,2.0,2.0,2.0,2.0,2.0,2.0,2.0,2.0,2.0,2.0,2.0,2.0,2.0,2.0,2.0,2.0,2.0,2.0,2.0,2.0,2.0,2.0,2.0,2.0,2.0,2.0,2.0,2.0,2.0,2.0,2.0,2.0,2.0,2.0,2.0,2.0,2.0,2.0,2.0,2.0,2.0,2.0,2.0,2.0,2.0,2.0,2.0,2.0,2.0,2.0,2.0,2.0,2.0,2.0,2.0,2.0,2.0,2.0,2.0,2.0,2.0,2.0],[2.0,2.0,2.0,2.0,2.0,2.0,2.0,2.0,2.0,2.0,2.0,2.0,2.0,2.0,2.0,2.0,2.0,2.0,2.0,2.0,2.0,2.0,2.0,2.0,2.0,2.0,2.0,2.0,2.0,2.0,2.0,2.0,2.0,2.0,2.0,2.0,2.0,2.0,2.0,2.0,2.0,2.0,2.0,2.0,2.0,2.0,2.0,2.0,2.0,2.0,2.0,2.0,2.0,2.0,2.0,2.0,2.0,2.0,2.0,2.0,2.0,2.0,2.0,2.0,2.0,2.0,2.0,2.0,2.0,2.0,2.0,2.0,2.0,2.0,2.0,2.0,2.0,2.0,2.0,2.0,2.0,2.0,2.0,2.0,2.0,2.0,2.0,2.0,2.0,2.0,2.0,2.0],[2.0,2.0,2.0,2.0,2.0,2.0,2.0,2.0,2.0,2.0,2.0,2.0,2.0,2.0,2.0,2.0,2.0,2.0,2.0,2.0,2.0,2.0,2.0,2.0,2.0,2.0,2.0,2.0,2.0,2.0,2.0,2.0,2.0,2.0,2.0,2.0,2.0,2.0,2.0,2.0,2.0,2.0,2.0,2.0,2.0,2.0,2.0,2.0,2.0,2.0,2.0,2.0,2.0,2.0,2.0,2.0,2.0,2.0,2.0,2.0,2.0,2.0,2.0,2.0,2.0,2.0,2.0,2.0,2.0,2.0,2.0,2.0,2.0,2.0,2.0,2.0,2.0,2.0,2.0,2.0,2.0,2.0,2.0,2.0,2.0,2.0,2.0,2.0,2.0,2.0,2.0,2.0],[2.0,2.0,2.0,2.0,2.0,2.0,2.0,2.0,2.0,2.0,2.0,2.0,2.0,2.0,2.0,2.0,2.0,2.0,2.0,2.0,2.0,2.0,2.0,2.0,2.0,2.0,2.0,2.0,2.0,2.0,2.0,2.0,2.0,2.0,2.0,2.0,2.0,2.0,2.0,2.0,2.0,2.0,2.0,2.0,2.0,2.0,2.0,2.0,2.0,2.0,2.0,2.0,2.0,2.0,2.0,2.0,2.0,2.0,2.0,2.0,2.0,2.0,2.0,2.0,2.0,2.0,2.0,2.0,2.0,2.0,2.0,2.0,2.0,2.0,2.0,2.0,2.0,2.0,2.0,2.0,2.0,2.0,2.0,2.0,2.0,2.0,2.0,2.0,2.0,2.0,2.0,2.0],[2.0,2.0,2.0,2.0,2.0,2.0,2.0,2.0,2.0,2.0,2.0,2.0,2.0,2.0,2.0,2.0,2.0,2.0,2.0,2.0,2.0,2.0,2.0,2.0,2.0,2.0,2.0,2.0,2.0,2.0,2.0,2.0,2.0,2.0,2.0,2.0,2.0,2.0,2.0,2.0,2.0,2.0,2.0,2.0,2.0,2.0,2.0,2.0,2.0,2.0,2.0,2.0,2.0,2.0,2.0,2.0,2.0,2.0,2.0,2.0,2.0,2.0,2.0,2.0,2.0,2.0,2.0,2.0,2.0,2.0,2.0,2.0,2.0,2.0,2.0,2.0,2.0,2.0,2.0,2.0,2.0,2.0,2.0,2.0,2.0,2.0,2.0,2.0,2.0,2.0,2.0,2.0],[2.0,2.0,2.0,2.0,2.0,2.0,2.0,2.0,2.0,2.0,2.0,2.0,2.0,2.0,2.0,2.0,2.0,2.0,2.0,2.0,2.0,2.0,2.0,2.0,2.0,2.0,2.0,2.0,2.0,2.0,2.0,2.0,2.0,2.0,2.0,2.0,2.0,2.0,2.0,2.0,2.0,2.0,2.0,2.0,2.0,2.0,2.0,2.0,2.0,2.0,2.0,2.0,2.0,2.0,2.0,2.0,2.0,2.0,2.0,2.0,2.0,2.0,2.0,2.0,2.0,2.0,2.0,2.0,2.0,2.0,2.0,2.0,2.0,2.0,2.0,2.0,2.0,2.0,2.0,2.0,2.0,2.0,2.0,2.0,2.0,2.0,2.0,2.0,2.0,2.0,2.0,2.0],[2.0,2.0,2.0,2.0,2.0,2.0,2.0,2.0,2.0,2.0,2.0,2.0,2.0,2.0,2.0,2.0,2.0,2.0,2.0,2.0,2.0,2.0,2.0,2.0,2.0,2.0,2.0,2.0,2.0,2.0,2.0,2.0,2.0,2.0,2.0,2.0,2.0,2.0,2.0,2.0,2.0,2.0,2.0,2.0,2.0,2.0,2.0,2.0,2.0,2.0,2.0,2.0,2.0,2.0,2.0,2.0,2.0,2.0,2.0,2.0,2.0,2.0,2.0,2.0,2.0,2.0,2.0,2.0,2.0,2.0,2.0,2.0,2.0,2.0,2.0,2.0,2.0,2.0,2.0,2.0,2.0,2.0,2.0,2.0,2.0,2.0,2.0,2.0,2.0,2.0,2.0,2.0],[2.0,2.0,2.0,2.0,2.0,2.0,2.0,2.0,2.0,2.0,2.0,2.0,2.0,2.0,2.0,2.0,2.0,2.0,2.0,2.0,2.0,2.0,2.0,2.0,2.0,2.0,2.0,2.0,2.0,2.0,2.0,2.0,2.0,2.0,2.0,2.0,2.0,2.0,2.0,2.0,2.0,2.0,2.0,2.0,2.0,2.0,2.0,2.0,2.0,2.0,2.0,2.0,2.0,2.0,2.0,2.0,2.0,2.0,2.0,2.0,2.0,2.0,2.0,2.0,2.0,2.0,2.0,2.0,2.0,2.0,2.0,2.0,2.0,2.0,2.0,2.0,2.0,2.0,2.0,2.0,2.0,2.0,2.0,2.0,2.0,2.0,2.0,2.0,2.0,2.0,2.0,2.0],[2.0,2.0,2.0,2.0,2.0,2.0,2.0,2.0,2.0,2.0,2.0,2.0,2.0,2.0,2.0,2.0,2.0,2.0,2.0,2.0,2.0,2.0,2.0,2.0,2.0,2.0,2.0,2.0,2.0,2.0,2.0,2.0,2.0,2.0,2.0,2.0,2.0,2.0,2.0,2.0,2.0,2.0,2.0,2.0,2.0,2.0,2.0,2.0,2.0,2.0,2.0,2.0,2.0,2.0,2.0,2.0,2.0,2.0,2.0,2.0,2.0,2.0,2.0,2.0,2.0,2.0,2.0,2.0,2.0,2.0,2.0,2.0,2.0,2.0,2.0,2.0,2.0,2.0,2.0,2.0,2.0,2.0,2.0,2.0,2.0,2.0,2.0,2.0,2.0,2.0,2.0,2.0],[2.0,2.0,2.0,2.0,2.0,2.0,2.0,2.0,2.0,2.0,2.0,2.0,2.0,2.0,2.0,2.0,2.0,2.0,2.0,2.0,2.0,2.0,2.0,2.0,2.0,2.0,2.0,2.0,2.0,2.0,2.0,2.0,2.0,2.0,2.0,2.0,2.0,2.0,2.0,2.0,2.0,2.0,2.0,2.0,2.0,2.0,2.0,2.0,2.0,2.0,2.0,2.0,2.0,2.0,2.0,2.0,2.0,2.0,2.0,2.0,2.0,2.0,2.0,2.0,2.0,2.0,2.0,2.0,2.0,2.0,2.0,2.0,2.0,2.0,2.0,2.0,2.0,2.0,2.0,2.0,2.0,2.0,2.0,2.0,2.0,2.0,2.0,2.0,2.0,2.0,2.0,2.0],[2.0,2.0,2.0,2.0,2.0,2.0,2.0,2.0,2.0,2.0,2.0,2.0,2.0,2.0,2.0,2.0,2.0,2.0,2.0,2.0,2.0,2.0,2.0,2.0,2.0,2.0,2.0,2.0,2.0,2.0,2.0,2.0,2.0,2.0,2.0,2.0,2.0,2.0,2.0,2.0,2.0,2.0,2.0,2.0,2.0,2.0,2.0,2.0,2.0,2.0,2.0,2.0,2.0,2.0,2.0,2.0,2.0,2.0,2.0,2.0,2.0,2.0,2.0,2.0,2.0,2.0,2.0,2.0,2.0,2.0,2.0,2.0,2.0,2.0,2.0,2.0,2.0,2.0,2.0,2.0,2.0,2.0,2.0,2.0,2.0,2.0,2.0,2.0,2.0,2.0,2.0,2.0],[2.0,2.0,2.0,2.0,2.0,2.0,2.0,2.0,2.0,2.0,2.0,2.0,2.0,2.0,2.0,2.0,2.0,2.0,2.0,2.0,2.0,2.0,2.0,2.0,2.0,2.0,2.0,2.0,2.0,2.0,2.0,2.0,2.0,2.0,2.0,2.0,2.0,2.0,2.0,2.0,2.0,2.0,2.0,2.0,2.0,2.0,2.0,2.0,2.0,2.0,2.0,2.0,2.0,2.0,2.0,2.0,2.0,2.0,2.0,2.0,2.0,2.0,2.0,2.0,2.0,2.0,2.0,2.0,2.0,2.0,2.0,2.0,2.0,2.0,2.0,2.0,2.0,2.0,2.0,2.0,2.0,2.0,2.0,2.0,2.0,2.0,2.0,2.0,2.0,2.0,2.0,2.0],[2.0,2.0,2.0,2.0,2.0,2.0,2.0,2.0,2.0,2.0,2.0,2.0,2.0,2.0,2.0,2.0,2.0,2.0,2.0,2.0,2.0,2.0,2.0,2.0,2.0,2.0,2.0,2.0,2.0,2.0,2.0,2.0,2.0,2.0,2.0,2.0,2.0,2.0,2.0,2.0,2.0,2.0,2.0,2.0,2.0,2.0,2.0,2.0,2.0,2.0,2.0,2.0,2.0,2.0,2.0,2.0,2.0,2.0,2.0,2.0,2.0,2.0,2.0,2.0,2.0,2.0,2.0,2.0,2.0,2.0,2.0,2.0,2.0,2.0,2.0,2.0,2.0,2.0,2.0,2.0,2.0,2.0,2.0,2.0,2.0,2.0,2.0,2.0,2.0,2.0,2.0,2.0],[2.0,2.0,2.0,2.0,2.0,2.0,2.0,2.0,2.0,2.0,2.0,2.0,2.0,2.0,2.0,2.0,2.0,2.0,2.0,2.0,2.0,2.0,2.0,2.0,2.0,2.0,2.0,2.0,2.0,2.0,2.0,2.0,2.0,2.0,2.0,2.0,2.0,2.0,2.0,2.0,2.0,2.0,2.0,2.0,2.0,2.0,2.0,2.0,2.0,2.0,2.0,2.0,2.0,2.0,2.0,2.0,2.0,2.0,2.0,2.0,2.0,2.0,2.0,2.0,2.0,2.0,2.0,2.0,2.0,2.0,2.0,2.0,2.0,2.0,2.0,2.0,2.0,2.0,2.0,2.0,2.0,2.0,2.0,2.0,2.0,2.0,2.0,2.0,2.0,2.0,2.0,2.0],[2.0,2.0,2.0,2.0,2.0,2.0,2.0,2.0,2.0,2.0,2.0,2.0,2.0,2.0,2.0,2.0,2.0,2.0,2.0,2.0,2.0,2.0,2.0,0.0,0.650455665658594,0.22327901024215503,0.18320384954610567,0.74376979960882,0.7017528899993413,0.5416118502934068,0.2332656516287196,0.4201584731329212,0.48222631435105725,0.7975626785154679,0.2187878155454709,0.2473479100301802,0.18746174275769046,0.36290148438416705,0.3505288896339913,0.5019636759786504,0.09283485270786637,0.43629859948568247,0.8975498505140536,0.30650801227963478,0.16664961068700918,0.6656160620459594,0.4046669939483869,1.0925354280393287,0.42517479669158006,0.21262812046921626,0.7416318701526075,0.8273619738545117,0.838931121003486,0.7223036355526747,0.22505088237498836,0.31927523207826888,0.5717086520775769,0.4333421602757348,1.3285139335971002,1.4009024842123866,1.3157679359348096,0.5971828582630134,0.6293024955428417,0.27545370893084966,0.724594252589057,1.1270524024252613,0.4877607990963335,1.1765650664612675,0.7453921769017622,0.8237725289657643,0.45265889465538497,0.3562525900943212,0.8941993918218923,0.4859251532315101,0.25096178751794376,1.913751363181871,1.4259521360320907,0.6458403030305748,1.0654299002187829,0.48267473520631878,0.612683588334749,0.3893511068319027,1.1327837941613839,0.8627895333943658,0.3331717096461987,0.40378320386801616,0.5952742642376344,1.0265299783841729,0.34310402026805228,0.7945634981584719,1.0461616554052163,0.37768972622005139],[2.0,2.0,2.0,2.0,2.0,2.0,2.0,2.0,2.0,2.0,2.0,2.0,2.0,2.0,2.0,2.0,2.0,2.0,2.0,2.0,2.0,2.0,2.0,0.650455665658594,0.0,0.7286699066405735,0.6474078193065014,0.41751667002923639,0.41928480806579818,0.11298306584244999,0.4498997009453836,0.6899508379083883,0.20857568891868934,0.1656631513359395,0.45899041471256166,0.8605744529028956,0.6197320452272183,0.5906150177510736,0.7354710538161636,0.17679335948814238,0.5714064179464125,0.7324582562365128,0.29773583473606615,0.9315662940650633,0.49575643730180216,0.4258191720650637,0.5424683096921036,0.6212536458788369,0.6252573693502835,0.469570347371304,0.6949377229814613,0.9723747943882742,0.21819600179170915,0.5411666361459344,0.4511298033331423,0.7240416304589514,0.2970160548774679,0.5117331235984408,1.189583359630401,0.8808749158894824,0.7708239790064221,0.9347557416321235,0.3004605887466312,0.4025574348499499,0.12566714455304335,0.9598444050129084,0.171290815564374,0.803132206691943,0.6514315431500593,1.1490082931714779,0.9859672654723508,0.3283287934892382,1.072315996642127,1.008508742889695,0.8561670833658215,1.9379839915990367,1.2917120395021545,1.0834695383945148,1.299758395427097,0.8031074977394829,1.1604759378545087,0.9022478550461719,1.0204727002940728,1.1059064941923434,0.7707546203942709,1.0096364327978918,1.0299968901141177,1.2492029201736744,0.9451866343330084,1.1694659174836513,1.1141514398690196,0.5322512431479615],[2.0,2.0,2.0,2.0,2.0,2.0,2.0,2.0,2.0,2.0,2.0,2.0,2.0,2.0,2.0,2.0,2.0,2.0,2.0,2.0,2.0,2.0,2.0,0.22327901024215503,0.7286699066405735,0.0,0.09033080180833196,0.5417372228439937,0.49607986299355469,0.6243097337324254,0.3052443944553752,0.6300758690611525,0.5321796330037164,0.870104698200236,0.2865987887772147,0.19630934389224867,0.1214943621847644,0.15771393542032614,0.564098519789522,0.5651452400387139,0.19333428657941199,0.21862009996179616,0.9487484643034092,0.24288622476614159,0.28460787867082668,0.45785870718371859,0.4558210039993506,1.103771964831179,0.47169840879972915,0.2839597264512881,0.7658803666309724,1.007399544871096,0.9119168513832435,0.7604468558157408,0.2917993114150089,0.5341918285387386,0.6327417186247136,0.48523004257016469,1.2581187104168777,1.3644221965623318,1.2956885407862398,0.7726124780161288,0.4518795491541126,0.34078847938549386,0.7938665947761785,1.099750036411204,0.5704957926973217,1.1630011247415358,0.7731983252597918,0.8223099460417953,0.41086753616505947,0.42538154857645246,1.0588245504962287,0.42195759906949467,0.252348961154087,1.9292708491797837,1.5387760618252922,0.6076699636220038,0.9380043483300358,0.674636783400939,0.552997381506346,0.5877867390215308,1.274368088741292,1.0275833187127728,0.5474650540772926,0.3429025019914722,0.6815783592706919,0.9282755448719107,0.2741823666620159,0.6919372252331384,1.205068418158325,0.2198841358673411],[2.0,2.0,2.0,2.0,2.0,2.0,2.0,2.0,2.0,2.0,2.0,2.0,2.0,2.0,2.0,2.0,2.0,2.0,2.0,2.0,2.0,2.0,2.0,0.18320384954610567,0.6474078193065014,0.09033080180833196,0.0,0.5868813854813045,0.5394938861060117,0.5400371158981969,0.21625874979387336,0.5904800558521769,0.44621254172554328,0.7940519036349614,0.19852399509633723,0.26562108954061539,0.03125177901766121,0.18321056719341267,0.5231946596480064,0.4798091739766136,0.15396883597535833,0.2582524929292008,0.8795655450833255,0.3309837005576017,0.24722164639677864,0.5011961651094785,0.3757692068586417,1.0503304608475564,0.44394762405671298,0.19484532976676323,0.6995677735867439,0.9711344678827714,0.8372675764433081,0.6893372970188576,0.20416635972043588,0.49357953508055099,0.5520884402486221,0.4050858935718482,1.2347730883660857,1.3343307115034263,1.2581993613714973,0.7545844077256187,0.4677160715108782,0.2541127138746642,0.7158492093763942,1.0580137754350219,0.4851125224202219,1.1187811728370485,0.7057686452197606,0.7860634950543275,0.4595416205500356,0.33869168836529509,1.0004740456821118,0.49125607976324867,0.26782015342901396,1.928331239149588,1.4917098780161569,0.6343210842538699,1.0082590985894218,0.6490825711504037,0.6356256228389262,0.5426355647069266,1.2131937044102095,1.0064853416131754,0.5056897267607003,0.4293619126571593,0.6321526517389178,0.9636369567484071,0.3627282810926598,0.7704468150166981,1.1678697182221576,0.1991960586708295],[2.0,2.0,2.0,2.0,2.0,2.0,2.0,2.0,2.0,2.0,2.0,2.0,2.0,2.0,2.0,2.0,2.0,2.0,2.0,2.0,2.0,2.0,2.0,0.74376979960882,0.41751667002923639,0.5417372228439937,0.5868813854813045,0.0,0.10257866100100838,0.34139160640316049,0.5586994924177173,1.0520025299730663,0.2814520095995299,0.4660177701344457,0.6972612442758683,0.6858208907259538,0.5856360862878138,0.42342105315560349,0.9944085220829475,0.25405191339354657,0.7281587196402473,0.4118724738797856,0.6545381442157836,0.6092255039749509,0.8139530779049233,0.10624378492537678,0.9260973991796297,0.8819269481946443,0.9945622805116301,0.5800590196070431,1.0107921807387304,1.3241064897813085,0.5150285386844877,0.8885115475228909,0.7258922659761942,0.9750050390726709,0.6963123122458352,0.8971624260560552,1.2364949423958976,0.973665491029108,0.9368026237773014,1.241759019682455,0.12663210754980298,0.7408310923494264,0.5266432963564182,1.131533503159798,0.32948207171682578,1.0016058144768448,0.9752519444766785,1.0389058827974465,0.8197961887048868,0.628092001699925,1.208355267925413,0.8213307147243046,0.731497874451236,1.9625059627625655,1.5953874176666197,0.9263754392777053,0.9833324782682532,1.1514084244378445,0.8555417219950353,0.9695914771450688,1.3462886872137994,1.400162010380899,0.9743608289110928,0.6952965713877599,0.9936647901412223,1.059128606178254,0.6115357032289158,0.9367423679884113,1.4423303493838538,0.4105949918412193],[2.0,2.0,2.0,2.0,2.0,2.0,2.0,2.0,2.0,2.0,2.0,2.0,2.0,2.0,2.0,2.0,2.0,2.0,2.0,2.0,2.0,2.0,2.0,0.7017528899993413,0.41928480806579818,0.49607986299355469,0.5394938861060117,0.10257866100100838,0.0,0.3177999263265153,0.5039858986061795,1.0258374740889156,0.2261313239866807,0.5639437558820259,0.6460462789860828,0.6516456924183587,0.5371749934261294,0.36989506641762817,0.9679247030686422,0.26461795286594205,0.682180403118225,0.3186786048401406,0.6164417260888112,0.5279834713231775,0.7676303524721897,0.04183994687689119,0.873754413720514,0.8090983413627833,0.9431009349009664,0.5263824765549718,0.9482691276655129,1.3090469951017126,0.6123232411236581,0.8248976630225714,0.6751570008453517,0.9468543939473542,0.634658525461505,0.843116523457407,1.1578950018392005,0.9847811878393344,0.922814931986576,1.1963665296146085,0.1558304778197571,0.6887366218377773,0.4735845118030387,1.0582543476092013,0.26740844873620525,0.926617517355039,0.9120702624902595,1.0439576281221222,0.7994041531963502,0.5712161264487512,1.2196052379301153,0.8024648958627941,0.6991200533745295,1.9602160897212775,1.6080307354770867,0.9188745239386349,0.9969053136826507,1.1086053806171999,0.7875785684388706,0.9521711584421791,1.3641367962717664,1.3712780659846514,0.948936337921376,0.6173726452423608,0.9865500173657608,1.0740273914343766,0.5784793368997167,0.9363658973875954,1.4358615708492198,0.35525360960212817],[2.0,2.0,2.0,2.0,2.0,2.0,2.0,2.0,2.0,2.0,2.0,2.0,2.0,2.0,2.0,2.0,2.0,2.0,2.0,2.0,2.0,2.0,2.0,0.5416118502934068,0.11298306584244999,0.6243097337324254,0.5400371158981969,0.34139160640316049,0.3177999263265153,0.0,0.33894449708527615,0.7476790071112718,0.09703896817475429,0.27623789386743227,0.3656945121327006,0.7576080055959498,0.5117210810857109,0.48463910207916086,0.683545146610794,0.09175253638774367,0.4613599221349134,0.6332597024168789,0.37376783902952878,0.836368670421332,0.49065267586866548,0.3232314045233472,0.6275486605057326,0.67342448506523,0.7082262006018838,0.35875412744194137,0.7638109756475866,1.0620044301003869,0.32810773155811809,0.6165743180889203,0.3965640784808993,0.6624059246899154,0.3820199332109113,0.5966556029246501,1.1767514373813993,0.9167369395483713,0.8196602678814322,1.006739304126713,0.21969105353841743,0.41410221527470306,0.21006973946601344,0.9873163087264709,0.05881270015646862,0.837708206021471,0.7219074919001828,1.050600941348798,0.8848640513520173,0.29516112910944505,0.9715968877492639,0.9081299156716752,0.7523344825754845,1.9450553929449457,1.3799651401298299,0.9841169921914621,1.2076858420002417,0.8845748553219019,1.0757953895456836,0.7975512282724556,1.0743428920162739,1.179928048181225,0.6636978786570015,0.9184539725271625,0.9283644182745311,1.1540319554341204,0.8467412373565224,1.0730066214490424,1.2018658716042326,0.4249684725435823],[2.0,2.0,2.0,2.0,2.0,2.0,2.0,2.0,2.0,2.0,2.0,2.0,2.0,2.0,2.0,2.0,2.0,2.0,2.0,2.0,2.0,2.0,2.0,0.2332656516287196,0.4498997009453836,0.3052443944553752,0.21625874979387336,0.5586994924177173,0.5039858986061795,0.33894449708527615,0.0,0.6156119713619004,0.28515798197495859,0.6055749960307783,0.15480834227458974,0.4721048520199581,0.1853534648956762,0.14782013165462266,0.5483938759840567,0.30986548879381717,0.19842356294868519,0.303326136277763,0.6949162762352326,0.5380824540877105,0.2929846220197579,0.4646134198715839,0.4175174543366997,0.8838219420045701,0.5008928191449877,0.024160286094792407,0.5305185444271908,0.9795935895844578,0.6527898555628137,0.4933507958209347,0.18719125942363797,0.5211471835775627,0.3456545727492371,0.382536496382137,1.1073692826627709,1.205439399148153,1.117694081757746,0.8180533489493278,0.4385174209421855,0.20225055262805145,0.5201738577736362,0.9028295282011531,0.2817892521027155,0.9634876234586499,0.5138592225673718,0.918681522601556,0.6474530256051364,0.12450246267525236,0.9415671702131163,0.6765088288993454,0.47259635887600956,1.9337896856641735,1.4267745019171594,0.7976209238036811,1.1155395883047075,0.7028254089748969,0.8233315087928234,0.5731055770015953,1.1315141939518357,1.0485320297678338,0.5292430553526396,0.631552468982955,0.7441210779420977,1.067612358164901,0.5662594328227754,0.9169175788917608,1.158131231138242,0.15449559797309579],[2.0,2.0,2.0,2.0,2.0,2.0,2.0,2.0,2.0,2.0,2.0,2.0,2.0,2.0,2.0,2.0,2.0,2.0,2.0,2.0,2.0,2.0,2.0,0.4201584731329212,0.6899508379083883,0.6300758690611525,0.5904800558521769,1.0520025299730663,1.0258374740889156,0.7476790071112718,0.6156119713619004,0.0,0.8181486844824827,0.8304497167905872,0.4780266347748049,0.4453993933485972,0.5930272750274154,0.7484873783955195,0.07154765867365989,0.8309548397115163,0.44434692883205209,0.8203082197843967,0.9586495732428029,0.6640307574417641,0.35060029226258,0.9960851467164268,0.5297423415700507,1.2001126329743653,0.5580952610799383,0.5964374516507326,0.8739137402172569,0.45112177137975598,0.8654425033150801,0.8321489453454007,0.4475975722213785,0.10450649071411747,0.6575631178752873,0.5539083998419603,1.5531942850369234,1.5519997316236188,1.4486895423472493,0.6044052630746484,0.9514176233327498,0.42948544997859636,0.773751780846108,1.3000415816257612,0.7712787300182744,1.3175609394260269,0.8708866901030556,0.8068012546379555,0.32332022263625706,0.5365770557539905,0.8666162297163316,0.3587884026830309,0.39070583929970428,1.8635177202199685,1.2920512271741168,0.554676047360035,1.1141254152249412,0.46876531904150167,0.5614192843533465,0.27276349157928789,0.9930076415966832,0.48048344774146348,0.08809084543787696,0.6584456244410981,0.5102035351613643,1.09570359905722,0.5065305941544067,0.7360105978954765,0.7227790394406533,0.7574974977883003],[2.0,2.0,2.0,2.0,2.0,2.0,2.0,2.0,2.0,2.0,2.0,2.0,2.0,2.0,2.0,2.0,2.0,2.0,2.0,2.0,2.0,2.0,2.0,0.48222631435105725,0.20857568891868934,0.5321796330037164,0.44621254172554328,0.2814520095995299,0.2261313239866807,0.09703896817475429,0.28515798197495859,0.8181486844824827,0.0,0.36833717441622029,0.43205405445223668,0.667480209404587,0.417496507069991,0.390819337129988,0.754647965125608,0.03878345692172414,0.4648109477409153,0.5437697942300677,0.44890562580870937,0.7505794726500614,0.557551770675818,0.23085555145546556,0.6883873892721759,0.7045307690069755,0.7668377897376477,0.3075890270021698,0.8090352025397118,1.128649871826501,0.41940887803569279,0.6675033344307704,0.46287344361270796,0.7332110171600644,0.4427751978045785,0.6572974426665008,1.160943333499436,0.9485459137730046,0.8623368819900142,1.055578884918964,0.15704240697674555,0.4797769825534247,0.2759120410787225,0.9998135479788565,0.050273820737569138,0.8553078704348778,0.7684761014737932,0.9675423783052208,0.7973021864017342,0.36021314936730355,1.0004269599152765,0.8211288266858106,0.6619696935237652,1.949557941330891,1.4466073360673795,0.8990013305436296,1.1290842031280402,0.9420349256793164,0.9985916950294531,0.7313525414344636,1.1540227338336782,1.2315210916011757,0.7331122289644947,0.835732999001833,0.842287883347232,1.0738159726930477,0.7593922620876158,0.990282159509665,1.2669750003214615,0.3302828904480709],[2.0,2.0,2.0,2.0,2.0,2.0,2.0,2.0,2.0,2.0,2.0,2.0,2.0,2.0,2.0,2.0,2.0,2.0,2.0,2.0,2.0,2.0,2.0,0.7975626785154679,0.1656631513359395,0.870104698200236,0.7940519036349614,0.4660177701344457,0.5639437558820259,0.27623789386743227,0.6055749960307783,0.8304497167905872,0.36833717441622029,0.0,0.6145495974446911,0.9951900938331775,0.7678279101180476,0.7378086434082143,0.8753763876234997,0.330150172214415,0.7222977759794875,0.8694234027749654,0.24319113296459889,1.058005022205404,0.6489559881885023,0.5718037167496999,0.47356236150372,0.590320884261115,0.5566377501216956,0.624594827602584,0.6425063379344391,0.8800049558216229,0.05295908594018628,0.4841627442132437,0.6068090033701858,0.8649143776509829,0.2692379986697445,0.44392713627531035,1.2399768068486985,0.8782057212300636,0.7733485294236585,0.8707355156869076,0.4288323835544297,0.5596911536054072,0.09353993257573286,0.956362848942816,0.33304091616042938,0.7923541946028272,0.5980087589394691,1.2615296874101215,1.112303910833138,0.4883392120666215,1.1869433672886634,1.133183257916988,0.9913277786110166,1.9293653667364468,1.185595039928166,1.2021745554214345,1.3998714160340687,0.7304839195322782,1.2684144876840882,1.0332801962697547,1.1331673915673815,1.0318492695857933,0.909287479937597,1.1296692046126476,1.1520992319214419,1.3531672143032685,1.073058546845811,1.2811977272947078,1.0181918511871258,0.6821694093646917],[2.0,2.0,2.0,2.0,2.0,2.0,2.0,2.0,2.0,2.0,2.0,2.0,2.0,2.0,2.0,2.0,2.0,2.0,2.0,2.0,2.0,2.0,2.0,0.2187878155454709,0.45899041471256166,0.2865987887772147,0.19852399509633723,0.6972612442758683,0.6460462789860828,0.3656945121327006,0.15480834227458974,0.4780266347748049,0.43205405445223668,0.6145495974446911,0.0,0.4599849244553086,0.1675831111081583,0.2901183791432777,0.4091933271737142,0.4551744496751071,0.1268125187456522,0.35816661744067437,0.7143346603243515,0.5175439977318053,0.1400116575202932,0.6083659185359786,0.2677370865052198,0.9227269343490943,0.3537512541912192,0.13077862195648513,0.5430323405792306,0.8641975555255027,0.6603260913970785,0.5215128043901331,0.03261313378551118,0.3802414490211746,0.3646885143846389,0.2322801132614708,1.1916414520743253,1.2680720041916943,1.1715860338772429,0.6854524311349628,0.5815623377714534,0.057246287440511179,0.5328684865831905,0.9629648803364131,0.38264905490193226,1.015620840292351,0.5464968910105504,0.9565449638344259,0.6482693053128322,0.14180719632440665,0.9244733802661921,0.6787457336489398,0.4625121977555835,1.922806288518122,1.367958829577324,0.8149325141911661,1.1657827289468137,0.5631698680341343,0.8070842714171105,0.5800208668899282,1.0625678797075236,0.9314835874092475,0.41072464396585897,0.6107889905052761,0.763590387566395,1.1225952909698778,0.5524811232587108,0.9438525145389315,1.0601764803195395,0.30740533792368698],[2.0,2.0,2.0,2.0,2.0,2.0,2.0,2.0,2.0,2.0,2.0,2.0,2.0,2.0,2.0,2.0,2.0,2.0,2.0,2.0,2.0,2.0,2.0,0.2473479100301802,0.8605744529028956,0.19630934389224867,0.26562108954061539,0.6858208907259538,0.6516456924183587,0.7576080055959498,0.4721048520199581,0.4453993933485972,0.667480209404587,0.9951900938331775,0.4599849244553086,0.0,0.29597090600021888,0.3292307045485873,0.377693597549983,0.6958550971079052,0.3383000089185743,0.40895399005007596,1.085098122268132,0.2396755635858639,0.40915785510945359,0.6165797712023138,0.6325662558768188,1.2493985678976343,0.6489005129733831,0.45272013178330786,0.9372802037623917,0.8545825085494336,1.0320867812653268,0.9249725122073214,0.4660196114032795,0.34547209721091556,0.79139112523586,0.6602950530242715,1.4239822762867476,1.502312577022543,1.4344322870942919,0.6446657779189822,0.5811602720584266,0.5141293853168785,0.9300997633513095,1.2650234254686775,0.706744541222272,1.3151104709451769,0.9423503318963389,0.7226325295944943,0.23076751018577827,0.5903365691960262,0.9969017673280465,0.2481101716288306,0.05727316538748484,1.9077516945807012,1.5274327277321809,0.4590739900050956,0.9008580347845453,0.5389793402570039,0.3823974843125458,0.4153784963320093,1.2622837180479909,0.8527902529104731,0.36199426223974276,0.23971973723238797,0.5354368483730738,0.8801276233347616,0.09844666599813781,0.5878489324546824,1.0861674133001163,0.3833757400483601],[2.0,2.0,2.0,2.0,2.0,2.0,2.0,2.0,2.0,2.0,2.0,2.0,2.0,2.0,2.0,2.0,2.0,2.0,2.0,2.0,2.0,2.0,2.0,0.18746174275769046,0.6197320452272183,0.1214943621847644,0.03125177901766121,0.5856360862878138,0.5371749934261294,0.5117210810857109,0.1853534648956762,0.5930272750274154,0.417496507069991,0.7678279101180476,0.1675831111081583,0.29597090600021888,0.0,0.1789979114569896,0.5256589420081645,0.4514906829473954,0.15847686185364805,0.25351413608220016,0.8540707719818554,0.36131280977774996,0.25203848924934538,0.4986998809461592,0.36922639907996188,1.027690923277592,0.4506159806349955,0.16385327196246625,0.6729744581144637,0.9718248078426169,0.8116417696933898,0.6619905522500292,0.17329085485610128,0.49633127310558197,0.5230560409698405,0.375594227048589,1.2178565459330127,1.3173407438234249,1.2394882907742538,0.7627443874730084,0.4662606050738364,0.2234144162576554,0.6885464454455148,1.0369823787665909,0.4564230513343255,1.097829712108502,0.6790149249550704,0.8064691925220836,0.4876096540304401,0.30824119983953737,0.9911606694703838,0.5189845441822505,0.29796546893999018,1.9291795978858056,1.4818935067201258,0.6590868516969929,1.025034242803478,0.6557019004406148,0.6635802546599912,0.5430973346212941,1.2005786164734099,1.0120556425041148,0.5079035873795936,0.45910227652856719,0.6298662588132693,0.9798703107459166,0.3927345029198122,0.7928843545527327,1.1661229140497256,0.19520742782091997],[2.0,2.0,2.0,2.0,2.0,2.0,2.0,2.0,2.0,2.0,2.0,2.0,2.0,2.0,2.0,2.0,2.0,2.0,2.0,2.0,2.0,2.0,2.0,0.36290148438416705,0.5906150177510736,0.15771393542032614,0.18321056719341267,0.42342105315560349,0.36989506641762817,0.48463910207916086,0.14782013165462266,0.7484873783955195,0.390819337129988,0.7378086434082143,0.2901183791432777,0.3292307045485873,0.1789979114569896,0.0,0.6839954765691967,0.426854319922777,0.33522315973027658,0.15981717215420719,0.8105704743646773,0.39671875500096939,0.4264660696567617,0.32970981851020689,0.5374443582975342,0.9632299024711375,0.6154508496020072,0.16146162675783724,0.6221546172379183,1.0978465487168108,0.7833713114420813,0.6069752998089048,0.3217077187150146,0.6568474471682462,0.47989893095266025,0.5027284416929976,1.1125976086801562,1.2335843196125518,1.1627411036694287,0.9107463512656735,0.31431167117653627,0.33514571762861436,0.6538050023819622,0.9512059494180745,0.4287038670931862,1.0205835650970752,0.6187903802830245,0.8699750072991235,0.522846692701843,0.2689516131118689,1.0823314407065313,0.5311092488500552,0.3829738626231059,1.9411068600856246,1.5357200614779608,0.6913341574485742,0.9737621091601842,0.811655201119182,0.691341731395813,0.6924711429931476,1.2687388055045293,1.1411144441783634,0.6660476130089689,0.4937154564995153,0.7633775614703044,0.9428459020472325,0.4216272611149687,0.7725008571965674,1.2700678672090105,0.06330877736922269],[2.0,2.0,2.0,2.0,2.0,2.0,2.0,2.0,2.0,2.0,2.0,2.0,2.0,2.0,2.0,2.0,2.0,2.0,2.0,2.0,2.0,2.0,2.0,0.3505288896339913,0.7354710538161636,0.564098519789522,0.5231946596480064,0.9944085220829475,0.9679247030686422,0.683545146610794,0.5483938759840567,0.07154765867365989,0.754647965125608,0.8753763876234997,0.4091933271737142,0.377693597549983,0.5256589420081645,0.6839954765691967,0.0,0.7677829790028142,0.3749117978421562,0.7589141393517096,0.9984172879005979,0.6017117151840079,0.33077279197616046,0.9372587900427614,0.5682631994600496,1.2261654977100479,0.5949959416058575,0.5289267072341239,0.9054291430963493,0.5188155206948681,0.9104679049058917,0.8682820430656685,0.3798378833859754,0.03299550293278103,0.6995228427180084,0.5928443757774241,1.5415210906029696,1.5553803162047966,1.460292066540122,0.6332229516675978,0.8907673444243461,0.428297790585675,0.8179266770029368,1.3103752294026668,0.7071589548967445,1.3333923308000409,0.9036594803409278,0.7653856266385561,0.28830600067004155,0.4926723094559794,0.819073160194099,0.32397766147945686,0.32219398824520187,1.8707090406172987,1.3413736120499205,0.5179882654960499,1.0707588220851439,0.5027160474914454,0.5028048195140857,0.235153716798585,1.0370843983351308,0.5416209066978752,0.04086982802435425,0.5977133736637936,0.47200474319462878,1.0493309613424582,0.4411874243144348,0.6984668128325351,0.7861182154612154,0.6929178585643457],[2.0,2.0,2.0,2.0,2.0,2.0,2.0,2.0,2.0,2.0,2.0,2.0,2.0,2.0,2.0,2.0,2.0,2.0,2.0,2.0,2.0,2.0,2.0,0.5019636759786504,0.17679335948814238,0.5651452400387139,0.4798091739766136,0.25405191339354657,0.26461795286594205,0.09175253638774367,0.30986548879381717,0.8309548397115163,0.03878345692172414,0.330150172214415,0.4551744496751071,0.6958550971079052,0.4514906829473954,0.426854319922777,0.7677829790028142,0.0,0.48601289784751558,0.5788008754923706,0.4535394590922793,0.7808245735285244,0.5785940153072873,0.26934036714907358,0.7111927369961499,0.7342651638777789,0.7891322000933707,0.33189427651445799,0.8351883002495206,1.1362134789937999,0.3814684887850157,0.6942517539822838,0.4857396837966311,0.7470427704684359,0.46929057801769588,0.6807804537094285,1.192942852733437,0.9144984517451803,0.8365755027235531,1.0749718641246254,0.12970005729197235,0.5030610656144595,0.29786650098009839,1.0297069731455247,0.07755074030411585,0.8857991544091546,0.7949211496248364,0.9797407657198981,0.8200664911204264,0.3854146214223395,0.9981316917612478,0.8432709167730944,0.6896028450354534,1.9505198524493029,1.4422661819408993,0.9164501003595518,1.1377261860967243,0.9607139321976257,1.0233065545346103,0.7411276859993324,1.1485723426200277,1.2441848672875429,0.7459193912863664,0.8645586557899457,0.8594759681895856,1.0819325018753446,0.7872382265782375,1.0047831035259123,1.2707637535429673,0.3670009888436762],[2.0,2.0,2.0,2.0,2.0,2.0,2.0,2.0,2.0,2.0,2.0,2.0,2.0,2.0,2.0,2.0,2.0,2.0,2.0,2.0,2.0,2.0,2.0,0.09283485270786637,0.5714064179464125,0.19333428657941199,0.15396883597535833,0.7281587196402473,0.682180403118225,0.4613599221349134,0.19842356294868519,0.44434692883205209,0.4648109477409153,0.7222977759794875,0.1268125187456522,0.3383000089185743,0.15847686185364805,0.33522315973027658,0.3749117978421562,0.48601289784751558,0.0,0.4062370825609931,0.8223788156229623,0.3964142005832461,0.09514975519584577,0.6453455699820616,0.3146686216333587,1.0232705022615146,0.3359697071351204,0.17484455317259943,0.6592370992148707,0.8435967370683564,0.7655676052395037,0.6391369773217264,0.13298247521052393,0.34451173424923289,0.48575996272097396,0.343653371196601,1.272965737377847,1.3475282042633213,1.2575654530108916,0.6338866258355091,0.6130827964132077,0.18382116387792372,0.6455492956634746,1.0599417084196799,0.41556584168547247,1.1110680078207416,0.6629490351652463,0.8822922003461069,0.5373477853332549,0.26666721856815397,0.8779335537512559,0.5695227840869422,0.34158057030361668,1.9179636774906049,1.4010998692187602,0.7198097991815006,1.1098745285523555,0.5159318318055812,0.6965431495414053,0.472016937287574,1.102270840760292,0.8923776354697476,0.35704748098294489,0.4922555872606264,0.6688677604424665,1.068985478506392,0.43280650252634048,0.860236957946232,1.0529361328034355,0.35121750151422939],[2.0,2.0,2.0,2.0,2.0,2.0,2.0,2.0,2.0,2.0,2.0,2.0,2.0,2.0,2.0,2.0,2.0,2.0,2.0,2.0,2.0,2.0,2.0,0.43629859948568247,0.7324582562365128,0.21862009996179616,0.2582524929292008,0.4118724738797856,0.3186786048401406,0.6332597024168789,0.303326136277763,0.8203082197843967,0.5437697942300677,0.8694234027749654,0.35816661744067437,0.40895399005007596,0.25351413608220016,0.15981717215420719,0.7589141393517096,0.5788008754923706,0.4062370825609931,0.0,0.9284960254664103,0.23962522983112923,0.49267235310064896,0.31678558913747237,0.5884521809942606,1.053313414018279,0.6616627698290556,0.28154405714456556,0.7211410758656466,1.1617244920586625,0.9125156514858086,0.7263154946390227,0.3886720057600409,0.7312226102312563,0.6178619740612527,0.5538053490374422,1.1539125764268253,1.2862641882778017,1.227066534866792,0.9405031442313652,0.4695714152801848,0.3998867203246178,0.7885427409478246,1.021126807895741,0.5797709289726329,1.0952331610410662,0.731096907944153,0.972717175037791,0.6087891726952446,0.41895166004944997,1.1863160548318546,0.6180291845257619,0.46296765109745088,1.942957613229294,1.6132244199206452,0.7850794889587499,0.9695012533405049,0.8550198539821788,0.5432832096240006,0.7768557212775903,1.373942298195576,1.1775235009458709,0.7430221490665143,0.33903062362854977,0.8560326728970018,1.0548855043396648,0.33914551910056425,0.8363030374714393,1.3344492998128282,0.22260247951249169],[2.0,2.0,2.0,2.0,2.0,2.0,2.0,2.0,2.0,2.0,2.0,2.0,2.0,2.0,2.0,2.0,2.0,2.0,2.0,2.0,2.0,2.0,2.0,0.8975498505140536,0.29773583473606615,0.9487484643034092,0.8795655450833255,0.6545381442157836,0.6164417260888112,0.37376783902952878,0.6949162762352326,0.9586495732428029,0.44890562580870937,0.24319113296459889,0.7143346603243515,1.085098122268132,0.8540707719818554,0.8105704743646773,0.9984172879005979,0.4535394590922793,0.8223788156229623,0.9284960254664103,0.0,1.1230690680566127,0.7571746817158533,0.6270157513989941,0.5308042082511674,0.37391517207236515,0.5002053135816594,0.7149891661480303,0.41280886029868565,0.8881368978251305,0.2605271758165885,0.24630308456786549,0.7089109564789955,0.9860671899494937,0.3740167982113916,0.5063323775547517,1.172219382063914,0.8077066687981099,0.6409297865365741,0.6555343446519794,0.5557855149229032,0.6636498910257518,0.19521509756328846,0.7887861399215894,0.4183055702102501,0.6071266780807756,0.36568922283240898,1.3908956304059484,1.2152127476867439,0.5860939603550599,1.3368353738782944,1.2360382065811593,1.086232217141026,1.9053788727612334,1.0129970314783794,1.317238219868028,1.5227569394692722,0.5620802906129584,1.328457847855274,1.153788211560067,1.2984276917237079,0.8316772003805586,1.0303931429995224,1.1905303344841909,1.2754008844498906,1.4859513123525968,1.1529202582045735,1.3974797984188797,0.8909900865492999,0.756324402613991],[2.0,2.0,2.0,2.0,2.0,2.0,2.0,2.0,2.0,2.0,2.0,2.0,2.0,2.0,2.0,2.0,2.0,2.0,2.0,2.0,2.0,2.0,2.0,0.30650801227963478,0.9315662940650633,0.24288622476614159,0.3309837005576017,0.6092255039749509,0.5279834713231775,0.836368670421332,0.5380824540877105,0.6640307574417641,0.7505794726500614,1.058005022205404,0.5175439977318053,0.2396755635858639,0.36131280977774996,0.39671875500096939,0.6017117151840079,0.7808245735285244,0.3964142005832461,0.23962522983112923,1.1230690680566127,0.0,0.460381904954629,0.5291586950232325,0.6659592189939654,1.2469689014336938,0.6747828151567606,0.5175810670836508,0.9431571404946652,1.0388419754446839,1.0952744933377905,0.9463548254863432,0.521563518064751,0.5707455853912781,0.839700159536727,0.6951001231413077,1.3495484798893838,1.4599176888731798,1.4054557251895977,0.7538711739731187,0.6718159717312785,0.5674441844777762,0.9891107374530546,1.2254367518100807,0.7866725764566029,1.2896600799002096,0.9522593750082249,0.9182435385764415,0.46433731521746637,0.6501792280722544,1.1670700980407026,0.4773075628718298,0.2959080112212042,1.9246493138009347,1.6290899275589937,0.678635538069829,0.9579502488760738,0.6722918549234205,0.32046182521305757,0.6404968113392587,1.3991663943357105,1.0197476623185893,0.5878888950292717,0.10219920919848516,0.7515451690821485,1.0515178056732493,0.17154359038988116,0.7569775290057184,1.2465468650999252,0.45662100538738356],[2.0,2.0,2.0,2.0,2.0,2.0,2.0,2.0,2.0,2.0,2.0,2.0,2.0,2.0,2.0,2.0,2.0,2.0,2.0,2.0,2.0,2.0,2.0,0.16664961068700918,0.49575643730180216,0.28460787867082668,0.24722164639677864,0.8139530779049233,0.7676303524721897,0.49065267586866548,0.2929846220197579,0.35060029226258,0.557551770675818,0.6489559881885023,0.1400116575202932,0.40915785510945359,0.25203848924934538,0.4264660696567617,0.33077279197616046,0.5785940153072873,0.09514975519584577,0.49267235310064896,0.7571746817158533,0.460381904954629,0.0,0.7318348492285357,0.24477935405834939,0.9792636745450485,0.268448801830155,0.26949720177524985,0.6031344183200242,0.7573092548989898,0.692554901255947,0.5765622056423223,0.10752512428865104,0.3096487522026597,0.41360669129869417,0.2735948033023388,1.2826452865547223,1.3380585750113239,1.235984560294496,0.5568757759775533,0.7026906918184304,0.10969957310088613,0.5723694686849274,1.0376559781184796,0.5088651499685803,1.0820230813177046,0.6052019673184776,0.9602992868121206,0.6096799450885372,0.21849490545804974,0.9462998459953363,0.6416824922456947,0.4134036250290548,1.910980644846564,1.3280202015062859,0.7943190763508907,1.1863921760788685,0.4304314769257295,0.7543906046999483,0.5476696270864161,1.0177363284687924,0.8173479174535577,0.37043275276730577,0.5535178492721353,0.7451867664781362,1.1484598955175097,0.5004170640223988,0.9348359214264258,0.9718580860514872,0.44306033141600767],[2.0,2.0,2.0,2.0,2.0,2.0,2.0,2.0,2.0,2.0,2.0,2.0,2.0,2.0,2.0,2.0,2.0,2.0,2.0,2.0,2.0,2.0,2.0,0.6656160620459594,0.4258191720650637,0.45785870718371859,0.5011961651094785,0.10624378492537678,0.04183994687689119,0.3232314045233472,0.4646134198715839,0.9960851467164268,0.23085555145546556,0.5718037167496999,0.6083659185359786,0.6165797712023138,0.4986998809461592,0.32970981851020689,0.9372587900427614,0.26934036714907358,0.6453455699820616,0.31678558913747237,0.6270157513989941,0.5291586950232325,0.7318348492285357,0.0,0.8395488787111585,0.7785511001173728,0.9102005783213227,0.48727539474105799,0.916550179529025,1