{"name":"DynamicObjectArray","generic":13,"parameters":{"array":[{"name":"MatrixSerializable","generic":11,"parameters":{"name":"distance_matrix_aa","value":[[2.2250738585072014e-308,3.3371522897950069,2.5173059337146705,1.5295240403968569,1.3089680085345875,2.7233742789004196,1.0812816838326396,1.7091752786911263,0.7318277651293061,2.8044132771490988,2.0634816288473836,1.3114528178303094,2.5274198693268166,2.9269659508757126,0.9615771451290756,0.7677582697100323,1.476982578203764,1.8868517567287322,1.8870662804048913,2.9935843012100036,1.5227153378430785,2.0959382755839037,1.6293770222721765,6.137520691361946,5.757403345851321,6.834130358822293,6.498626678875486,7.279077305628139,7.414721096089054,5.893867867968775,6.121250850081861,5.6213876109146378,6.208063372404432,6.177809482881412,5.8619256157717489,6.779867779815387,6.435207044025018,6.791718800455593,5.797341837934223,6.1840001101945909,6.0121692146789329,7.509195113635629,5.625990880570823,7.740520053253203,5.714598352976817,7.291363250271175,5.207307456650561,5.2835216836632299,5.0863454833593029,3.96508054140793,4.742311372881881,5.119969259109673,6.481819410450863,4.298009586230214,5.795147207165265,5.813420062581635,5.314383172537951,3.7077358427265905,4.555768822791509,5.852081752403901,5.7490968226198089,4.749125303250646,5.851581551735261,3.746679144071976,5.561176865532506,4.462295780956952,5.4986795070126839,5.041374126383307,4.112101884131842,6.545098430615454,6.733163959991275,5.757696357311749,5.986149180161416,6.789189498329599,6.6402817060935359,4.073267162155561,4.901555189314475,6.687646770784919,7.120862220432338,4.9741798982348179,8.732295450330089,6.1615689630964669,5.638451171666245,4.736637828734347,5.897601315945627,8.13803161905454,6.381418829326991,6.7420656933804479,7.268295874416767,6.8889071808026689,4.983113879505858,6.66952500280385],[3.3371522897950069,2.2250738585072014e-308,2.5722862901308756,2.0883188962712966,2.0281842812604196,1.3502170225864095,2.4203740188073254,2.4043184781856326,2.6053245246657008,3.214376637547997,2.3558009824470127,2.0256994719646976,1.4870814382983473,1.6013447678149584,2.448870123289303,3.2073103246302328,2.0948734312202497,2.72646982200985,4.120914499106053,1.6910430275471873,4.169406835371766,2.987788812827591,3.880314481585418,5.933765937329037,8.404094843380009,6.149850631646074,6.226844424236522,8.792011521950912,8.16484350090515,8.305064736317329,6.7044643142932209,5.375345789392995,8.187423607791964,8.8245009804101,6.376948057548635,5.675125917819902,6.284509605578856,6.682889816200358,5.400394784470973,8.429888724618998,6.102138860717672,6.517994562202578,8.27268237809951,5.873829338575701,6.071636682236717,8.007279000921925,6.247177750830087,7.930213181191917,6.147982791534792,6.611772038936618,6.660303419710769,5.077641789089405,9.12851090797955,6.944701083758901,6.331510891374119,5.444739723055262,7.140733738730628,6.3544273402552779,7.2024603203201968,8.498773249932589,8.395788320148496,5.745352891794651,8.498273049263949,6.393370641600663,8.207868363061193,7.108987278485639,8.14537100454137,7.688065623911994,6.75879338166053,4.838099879213611,3.977940771717051,2.4641729307149364,4.537297972889134,4.011180796847501,5.613782661482143,4.675057328945134,4.631030587935767,4.23645363992967,4.727777310590501,5.738023944794817,5.395143160535081,4.060813741397906,4.633510697536445,3.9955747099044109,3.894186700133836,5.755340600857441,4.249729170818877,4.567875288848602,3.9311435846217606,4.92397636691938,4.913474919099581,6.8534504991873359],[2.5173059337146705,2.5722862901308756,2.2250738585072014e-308,1.455118832999045,1.208337925180083,1.222069267544466,1.4360242498820309,0.8081306550235441,1.7854781685853643,0.6420903474171218,1.9890764214495716,1.205853115884361,1.0852048518325282,0.970941522315917,1.5557287885855949,1.7495476640046382,1.4025773708059522,0.6304541769859382,1.5486282089751782,0.8812432625836881,1.986778929096245,0.4213676581307668,1.3080281914545425,3.620214757647276,5.831808553249132,4.316824425107622,3.981320745160816,6.219725231820036,5.592557210774275,5.732778446186454,4.132178024162345,3.104081677199967,5.6151373176610879,6.252214690279224,3.80466176741776,4.262561846100716,3.917901110310348,4.2744128667409229,3.280035904219552,5.857602434488123,3.529852570586797,4.991889179920959,5.700396087968635,5.223214119538532,3.4993503921058419,5.4349927107910489,3.674891460699211,5.357926891061041,3.575696501403917,4.039485748805742,4.088017129579894,2.6026633253950024,6.556224617848676,4.372414793628026,3.7592246012432439,3.296114128866964,4.568447448599753,3.7821410501244019,4.6301740301893219,5.9264869598017129,5.82350203001762,3.173066601663776,5.925986759133073,3.821084351469788,5.635582072930317,4.536700988354764,5.573084714410496,5.115779333781119,4.186507091529654,4.0277924969007838,4.215858026276605,3.240390423597079,3.468843246446745,4.271883564614929,4.122975772378865,2.1027710388142588,2.384249255599805,4.170340837070249,4.603556286717668,3.1657376546639419,6.214989516615417,3.644263029381796,3.1211452379515745,2.2193318950196767,3.380295382230957,5.620725685339871,3.864112895612321,4.224759759665777,4.750989940702096,4.371601247087998,2.465807945791188,4.28116420905646],[1.5295240403968569,2.0883188962712966,1.455118832999045,2.2250738585072014e-308,0.317404476143877,1.474540885376709,1.3032065616754949,1.287151021053802,0.9650209680311219,2.0972091804161669,0.5339575884505265,0.6354271634082198,1.278586475803106,1.678132557352002,1.3317026661574727,2.090142867498402,0.05254146219309286,1.6093023648780199,3.003747041974223,1.744750907686293,3.0522393782399357,1.870621355695761,2.7631470244535878,4.888687297838236,7.286927386248178,5.585296965298583,5.249793285351776,7.67484406481908,7.04767604377332,7.187897279185499,5.587296857161389,4.3725542173909279,7.070256150660133,7.707333523278269,5.259780600416805,5.531034386291676,5.186373650501308,5.565722359068528,4.548508444410512,7.312721267487168,4.984971403585842,6.260361720111918,7.15551492096768,6.491686659729493,4.954469225104887,6.890111543790094,5.1300102936982558,6.8130457240600859,5.030815334402962,5.494604581804786,5.543135962578939,3.9604743319575745,8.01134345084772,5.827533626627071,5.214343434242289,4.564586669057924,6.023566281598798,5.237259883123447,6.085292863188366,7.381605792800758,7.2786208630166648,4.628185434662821,7.381105592132117,5.276203184468833,7.090700905929363,5.991819821353809,7.028203547409541,6.5708981667801649,5.641625924528698,5.296265037091744,5.484330566467564,4.508862963788039,4.737315786637705,5.540356104805889,5.391448312569825,3.5578898718133038,3.6527217957907647,5.438813377261209,5.872028826908627,4.620856487662987,7.483462056806378,4.912735569572757,4.389617778142534,3.487804435210637,4.648767922421917,6.889198225530832,5.132585435803281,5.4932322998567379,6.019462480893057,5.640073787278958,3.7963074619677514,5.736283042055504],[1.3089680085345875,2.0281842812604196,1.208337925180083,0.317404476143877,2.2250738585072014e-308,1.414406270365832,0.9858020855316179,0.969746544909925,0.6476164918872449,1.7798047042722898,0.8513620645944036,0.3180226872643428,1.218451860792229,1.617997942341125,1.0142981900135957,1.772738391354525,0.26486301395078418,1.2918978887341429,2.686342565830346,1.684616292675416,2.7348349020960587,1.553216879551884,2.4457425483097108,4.828552682827359,6.969522910104301,5.525162350287706,5.189658670340899,7.357439588675203,6.730271567629442,6.870492803041621,5.269892381017513,4.31241960238005,6.752851674516256,7.389929047134392,4.942376124272927,5.4708997712807989,5.126239035490431,5.482750791921006,4.4883738293996349,6.99531679134329,4.703201206144345,6.200227105101041,6.838110444823803,6.431552044718616,4.637064748961009,6.572707067646217,4.812605817554379,6.495641247916209,4.713410858259085,5.17720010566091,5.225731486435062,3.811001250575085,7.693938974703843,5.510129150483194,4.896938958098412,4.5044520540470469,5.70616180545492,4.91985540697957,5.767888387044489,7.064201316656881,6.961216386872788,4.310780958518944,7.063701115988241,4.958798708324956,6.773296429785486,5.6744153452099319,6.710799071265663,6.253493690636287,5.324221448384822,5.236130422080867,5.424195951456688,4.448728348777162,4.6771811716268278,5.480221489795012,5.331313697558948,3.2404853956694268,3.592587180779888,5.378678762250332,5.81189421189775,4.303452011519109,7.4233274417955,4.852600954561879,4.329483163131657,3.4276698201997597,4.58863330741104,6.829063610519954,5.072450820792405,5.43309768484586,5.95932786588218,5.579939172268081,3.674145870971271,5.418878565911628],[2.7233742789004196,1.3502170225864095,1.222069267544466,1.474540885376709,1.414406270365832,2.2250738585072014e-308,1.6420925950677799,1.054101455599223,1.9915465137711133,1.8641596149615878,1.7420229715524252,1.41192146107011,0.195954409573603,0.25112774522854899,1.7617971337713439,1.9556160091903872,1.481095420325662,1.3762527994234409,2.7706974765196445,0.34082600496077788,2.8191898127853567,1.637571790241182,2.530097458999008,4.583548914742628,7.053877820793598,4.799633609059665,4.876627401650113,7.4417944993645019,6.814626478318741,6.95484771373092,5.354247291706811,4.025128766806585,6.8372065852055539,7.47428395782369,5.026731034962226,4.324908895233493,4.934292582992446,5.332672793613948,4.050177761884564,7.079671702032589,4.751921838131263,5.167777539616168,6.922465355513101,5.017145774352784,4.721419659650308,6.6570619783355149,4.896960728243677,6.579996158605507,4.797765768948382,5.261555016350208,5.31008639712436,3.7274247665029955,7.778293885393142,5.594484061172492,4.981293868787709,4.094522700468853,5.790516716144219,5.004210317668868,5.8522432977337879,7.1485562273461789,7.045571297562086,4.395135869208242,7.148056026677539,5.043153619014253,6.857651340474783,5.75877025589923,6.795153981954962,6.337848601325585,5.40857635907412,3.821724151715035,4.009789681090856,3.0343220784113305,3.262774901260996,4.0658152194291798,4.263565638895734,3.3248403063587248,3.2808135653493579,3.9642724918845,4.397487941531918,4.387806922208408,6.008921171429668,3.438194684196047,3.2832936749500356,2.6453576873180015,3.174227037045208,5.414657340154122,3.658044550426572,4.018691414480028,4.544921595516348,4.16553290190225,3.5632578965131724,5.503233476600926],[1.0812816838326396,2.4203740188073254,1.4360242498820309,1.3032065616754949,0.9858020855316179,1.6420925950677799,2.2250738585072014e-308,0.6278935948584867,0.3494539187033334,1.7231315933164589,1.8371641501260215,0.6677793982672751,1.4461381854941769,1.8456842670430729,0.11970453870356401,0.7869363058229071,1.250665099482402,0.8055700728960926,1.7005404802987283,1.9123026173773639,1.7490328165644405,1.014656591751264,1.4599404627780926,5.056239007529307,5.983720824572683,5.752848674989654,5.417344995042846,6.371637503143585,6.333439412256414,5.884690717510004,5.039969166249221,4.5401059270819978,5.767049588984638,6.404126961602774,4.7806439319391089,5.698586095982747,5.353925360192379,5.710437116622954,4.716060154101583,6.009514705811673,4.9308875308462929,6.427913429802989,5.852308359292185,6.659238369420564,4.633316669144178,6.210081566438536,4.126025772817922,5.509839162384591,4.0050637995266629,4.1913980201292919,4.239929400903444,4.038687575277033,6.708136889172225,4.524327064951576,4.713865523332625,4.732138378748995,4.720359719923303,3.9340533214479525,4.782086301512871,6.078399231125263,5.97541430134117,3.667843619418007,6.0778990304566229,3.972996622793338,5.787494344253868,4.6886132596783149,5.724996985734046,5.26769160510467,4.3384193628532039,5.463816746782815,5.651882276158636,4.67641467347911,4.904867496328776,5.707907814496959,5.559000022260896,2.9919854783229224,3.8202735054818355,5.60636508695228,6.039580536599698,3.8928982144021777,7.651013766497448,5.0802872792638269,4.557169487833605,3.655356144901708,4.816319632112988,7.056749935221902,5.300137145494352,5.6607840095478079,6.187014190584128,5.807625496970029,3.9018321956732189,5.58824331897121],[1.7091752786911263,2.4043184781856326,0.8081306550235441,1.287151021053802,0.969746544909925,1.054101455599223,0.6278935948584867,2.2250738585072014e-308,0.9773475135618202,1.095237998457972,1.8211086095043286,0.6517238576455822,0.9172370398872851,1.2177906721845862,0.7475981335620507,0.941417008981094,1.2346095588607092,0.32215134382421786,1.7165960209204212,1.2844090225188772,1.7650883571861334,0.583470334641959,1.4759960033997855,4.42834541267082,5.999776365194376,5.124955080131167,4.78945140018436,6.387693043765278,5.760525022719518,5.900746258131697,4.412075571390734,3.912212332223511,5.783105129606331,6.420182502224467,4.152750337080622,5.07069250112426,4.726031765333892,5.082543521764467,4.088166559243096,6.025570246433366,4.302993935987806,5.800019834944502,5.868363899913878,6.031344774562077,4.005423074285691,5.602960522736292,3.842859272644454,5.5258947030062839,3.74366431334916,4.207453560750984,4.255984941525137,3.4107939804185465,6.724192429793918,4.540382605573269,4.085971928474139,4.104244783890508,4.736415260544996,3.950108862069645,4.798141842134564,6.094454771746956,5.9914698419628629,3.3410344136090188,6.093954571078315,3.989052163415031,5.803549884875561,4.7046688003000078,5.741052526355739,5.2837471457263629,4.354474903474896,4.835923151924328,5.023988681300149,4.048521078620623,4.2769739014702889,5.080014219638473,4.931106427402409,2.3640918834644357,3.192379910623349,4.978471492093793,5.411686941741211,3.3337054666091849,7.023120171638961,4.45239368440534,3.9292758929751185,3.0274625500432208,4.1884260372545019,6.428856340363415,4.672243550635866,5.032890414689321,5.559120595725641,5.179731902111542,3.273938600814732,4.960349724112723],[0.7318277651293061,2.6053245246657008,1.7854781685853643,0.9650209680311219,0.6476164918872449,1.9915465137711133,0.3494539187033334,0.9773475135618202,2.2250738585072014e-308,2.072585512019792,1.4989785564816485,0.5796250527010032,1.7955921041975103,2.1951381857464065,0.36668169812635079,1.12512189946728,0.9124795058380291,1.155023991599426,2.038726073943101,2.2617565360806974,2.0872184102088138,1.3641105104545975,1.7981260564224655,5.40569292623264,6.321906418217056,6.102302593692987,5.766798913746181,6.709823096787958,6.6828933309597489,6.222876311154376,5.389423084952554,4.889559845785332,6.105235182629011,6.742312555247147,5.130097850642442,6.04804001468608,5.703379278895712,6.059891035326287,5.065514072804916,6.347700299456045,5.280341449549626,6.777367348506322,6.190493952936558,7.008692288123897,4.9827705878475119,6.559535485141869,4.475479691521255,5.848024756028964,4.354517718229996,4.529583613773665,4.578114994547817,4.388141493980366,7.046322482816598,4.862512658595949,5.06331944203596,5.081592297452328,5.0585453135676758,4.272238915092325,5.120271895157244,6.416584824769636,6.313599894985543,4.0172975381213409,6.416084624100996,4.311182216437711,6.125679937898241,5.026798853322687,6.063182579378418,5.605877198749042,4.676604956497577,5.813270665486148,6.001336194861969,5.0258685921824439,5.254321415032109,6.057361733200294,5.908453940964229,3.3414393970262559,4.169727424185169,5.955819005655613,6.389034455303031,4.242352133105511,8.000467685200782,5.429741197967161,4.906623406536938,4.004810063605041,5.165773550816321,7.406203853925236,5.649591064197685,6.010237928251142,6.536468109287461,6.157079415673362,4.251286114376552,5.937697237674543],[2.8044132771490988,3.214376637547997,0.6420903474171218,2.0972091804161669,1.7798047042722898,1.8641596149615878,1.7231315933164589,1.095237998457972,2.072585512019792,2.2250738585072014e-308,2.6311667688666935,1.492960459318789,1.72729519924965,1.6130318697330389,1.8428361320200229,2.036655007439066,2.044667718223074,0.9175615204203662,0.9173469967442072,1.52333361000081,2.2738862725306729,0.7084750015651948,1.175036254876922,3.333107414212848,5.189718205832011,4.029717081673195,3.6942134017263879,5.577634884402913,4.950466863357153,5.090688098769332,3.490087676745223,2.816974333765539,4.973046970243966,5.610124342862102,3.162571420000638,3.975454502666288,3.63079376687592,3.987305523306495,2.992928560785124,5.2155120870710018,3.207755937529834,4.70478183648653,5.058305740551513,4.936106776104105,2.910185075827719,4.792902363373927,3.032801113282089,4.715836543643919,2.933606153986795,3.39739540138862,3.445926782162772,2.315555981960574,5.914134270431553,3.730324446210904,3.117134253826122,3.009006785432536,3.926357101182631,3.1400507027072805,3.9880836827721994,5.284396612384591,5.181411682600498,2.530976254246654,5.283896411715951,3.178994004052666,4.993491725513196,3.894610640937642,4.9309943669933748,4.473688986363998,3.544416744112532,3.740685153466356,3.9287506828421767,2.953283080162651,3.181735903012317,3.9847762211805008,3.835868428944437,1.460680691397137,2.0971419121653769,3.883233493635821,4.316448943283239,2.52364730724682,5.927882173180989,3.357155685947368,2.834037894517146,1.9322245515852488,3.093188038796529,5.333618341905443,3.5770055521778936,3.937652416231349,4.463882597267669,4.08449390365357,2.17870060235676,3.865111725654751],[2.0634816288473836,2.3558009824470127,1.9890764214495716,0.5339575884505265,0.8513620645944036,1.7420229715524252,1.8371641501260215,1.8211086095043286,1.4989785564816485,2.6311667688666935,2.2250738585072014e-308,1.1693847518587464,1.5460685619788222,1.9456146435277182,1.8656602546079993,2.6241004559489289,0.5864990506436194,2.1432599533285465,3.5377046304247496,2.012232993862009,3.586196966690462,2.4045789441462874,3.297104612904114,5.350556068647734,7.820884974698704,5.8527790514742989,5.643634555555218,8.208801653269607,7.581633632223847,7.721854867636026,6.121254445611916,4.792135920711691,7.6042137391106598,8.241291111728796,5.793738188867332,5.7985164724673929,5.701299736897552,6.099679947519054,4.817184915789669,7.846678855937695,5.518928992036368,6.527843806287635,7.689472509418207,6.7591687459052089,5.488426813555414,7.4240691322406209,5.663967882148782,7.347003312510612,5.564772922853488,6.028562170255313,6.077093551029465,4.4944319204081009,8.545301039298247,6.3614912150775979,5.748301022692815,4.861529854373959,6.557523870049325,5.771217471573974,6.619250451638893,7.9155633812512848,7.812578451467191,5.162143023113347,7.915063180582644,5.810160772919359,7.624658494379889,6.525777409804336,7.562161135860068,7.104855755230691,6.175583512979225,5.56374712326746,5.751812652643281,4.776345049963755,5.0047978728134219,5.807838190981605,5.658930398745541,4.09184746026383,4.047820719254463,5.706295463436925,6.139510913084344,5.154814076113514,7.750944142982093,5.180217655748472,4.65709986431825,3.7552865213863528,4.916250008597633,7.156680311706547,5.400067521978997,5.760714386032453,6.2869445670687729,5.907555873454674,4.330265050418277,6.270240630506031],[1.3114528178303094,2.0256994719646976,1.205853115884361,0.6354271634082198,0.3180226872643428,1.41192146107011,0.6677793982672751,0.6517238576455822,0.5796250527010032,1.492960459318789,1.1693847518587464,2.2250738585072014e-308,1.215967051496507,1.6155131330454032,0.6962755027492529,1.4547157040901822,0.582885701215127,0.9738752014698,2.3683198785660037,1.682131483379694,2.4168122148317159,1.2351941922875412,2.1277198610453675,4.8260678735316369,6.6515002228399588,5.5226775409919839,5.187173861045177,7.03941690141086,6.4122488803651,6.552470115777279,4.95186969375317,4.309934793084328,6.4348289872519139,7.071906359870049,4.624353437008585,5.4684149619850779,5.123754226194709,5.4802659826252839,4.485889020103913,6.677294104078948,4.700716396848623,6.19774229580532,6.520087757559461,6.4290672354228939,4.403145535146508,6.254684380381875,4.494583130290036,6.177618560651866,4.395388170994742,4.859177418396567,4.9077087991707188,3.8085164412793635,7.3759162874395,5.192106463218851,4.578916270834069,4.5019672447513259,5.388139118190578,4.601832719715227,5.449865699780146,6.7461786293925389,6.643193699608445,3.9927582712546014,6.745678428723898,4.6407760210606139,6.455273742521143,5.356392657945589,6.392776384001321,5.935471003371944,5.006198761120479,5.2336456127851449,5.421711142160966,4.44624353948144,4.674696362331106,5.47773668049929,5.328828888263226,2.922462708405084,3.590102371484166,5.37619395295461,5.809409402602029,3.985429324254767,7.420842632499778,4.850116145266157,4.326998353835935,3.4251850109040378,4.5861484981153179,6.826578801224232,5.069966011496682,5.430612875550138,5.956843056586457,5.577454362972359,3.671661061675549,5.35807218497354],[2.5274198693268166,1.4870814382983473,1.0852048518325282,1.278586475803106,1.218451860792229,0.195954409573603,1.4461381854941769,0.9172370398872851,1.7955921041975103,1.72729519924965,1.5460685619788222,1.215967051496507,2.2250738585072014e-308,0.39954608154889606,1.5658427241977409,1.7596615996167842,1.285141010752059,1.239388383711503,2.6338330608077067,0.466164431883187,2.6823253970734188,1.500707374529244,2.3932330432870705,4.44668449903069,6.917013405081661,4.662769193347727,4.7397629859381749,7.304930083652563,6.677762062606803,6.817983298018982,5.217382875994873,3.8882643510946477,6.7003421694936169,7.337419542111752,4.889866619250288,4.25244791048857,4.7974281672805099,5.1958083779020118,3.9133133461726259,6.942807286320651,4.615057422419325,5.03091312390423,6.785600939801164,5.213100183926387,4.58455524393837,6.5201975626235779,4.760096312531739,6.443131742893569,4.660901353236445,5.12469060063827,5.173221981412421,3.5905603507910577,7.641429469681203,5.457619645460554,4.844429453075772,3.9576582847569155,5.653652300432281,4.86734590195693,5.715378882021849,7.0116918116342419,6.908706881850148,4.258271453496304,7.011191610965601,4.906289203302316,6.720786924762846,5.621905840187292,6.658289566243024,6.200984185613647,5.271711943362182,4.017678561288638,4.205744090664458,3.2302764879849334,3.458729310834599,4.261769629002783,4.126701223183796,3.1879758906467869,3.14394914963742,4.160226901458103,4.593442351105521,4.25094250649647,6.204875581003272,3.63414909376965,3.1464292592380977,2.5084932716060637,3.370181446618811,5.610611749727726,3.853998960000175,4.2146458240536319,4.740876005089951,4.361487311475852,3.4263934808012346,5.366369060888988],[2.9269659508757126,1.6013447678149584,0.970941522315917,1.678132557352002,1.617997942341125,0.25112774522854899,1.8456842670430729,1.2177906721845862,2.1951381857464065,1.6130318697330389,1.9456146435277182,1.6155131330454032,0.39954608154889606,2.2250738585072014e-308,1.9653888057466369,2.15920768116568,1.6846870923009552,1.1251250541948919,2.519569731291095,0.08969825973222889,2.5680620675568077,1.386444045012633,2.2789697137704598,4.332421169514079,6.80275007556505,4.5485058638311159,4.625499656421564,7.190666754135952,6.563498733090192,6.703719968502371,5.103119546478261,3.7740010215780366,6.586078839977005,7.223156212595141,4.775603289733677,4.073781150004944,4.683164837763898,5.0815450483854,3.7990500166560148,6.82854395680404,4.500794092902714,4.916649794387618,6.671337610284552,4.813554102377491,4.470291914421759,6.405934233106966,4.6458329830151279,6.3288684133769579,4.546638023719834,5.010427271121658,5.058958651895811,3.4762970212744466,7.527166140164592,5.343356315943943,4.730166123559161,3.843394955240304,5.53938897091567,4.753082572440319,5.601115552505238,6.89742848211763,6.7944435523335369,4.144008123979693,6.896928281448989,4.792025873785705,6.606523595246235,5.5076425106706818,6.544026236726413,6.0867208560970369,5.15744861384557,3.618132479739742,3.8061980091155629,2.830730406436037,3.059183229285703,3.862223547453887,4.012437893667185,3.0737125611301758,3.029685820120809,3.760680819909207,4.193896269556625,4.136679176979859,5.805329499454375,3.234603012220754,3.0321659297214866,2.3942299420894526,2.970635365069915,5.211065668178829,3.454452878451279,3.815099742504735,4.341329923541055,3.961941229926956,3.3121301512846235,5.252105731372376],[0.9615771451290756,2.448870123289303,1.5557287885855949,1.3317026661574727,1.0142981900135957,1.7617971337713439,0.11970453870356401,0.7475981335620507,0.36668169812635079,1.8428361320200229,1.8656602546079993,0.6962755027492529,1.5658427241977409,1.9653888057466369,2.2250738585072014e-308,0.7584402013409293,1.2791612039643799,0.9252746115996566,1.6720443758167505,2.032007156080928,1.7205367120824627,1.134361130454828,1.4314443582961148,5.175943546232871,5.955224720090705,5.872553213693218,5.53704953374641,6.343141398661608,6.453143950959978,5.856194613028026,5.159673704952785,4.6598104657855619,5.73855348450266,6.375630857120797,4.9003484706426729,5.818290634686311,5.473629898895943,5.830141655326518,4.835764692805147,5.981018601329695,5.0505920695498569,6.547617968506553,5.823812254810207,6.778942908124128,4.753021207847742,6.3297861051421,4.245730311521486,5.481343057902613,4.1247683382302269,4.162901915647314,4.2114332964214669,4.158392113980597,6.679640784690248,4.495830960469599,4.833570062036189,4.851842917452559,4.691863615441325,3.905557216965974,4.753590197030894,6.049903126643285,5.946918196859192,3.787548158121571,6.049402925974645,3.94450051831136,5.7589982397718899,4.660117155196336,5.696500881252068,5.239195500622691,4.309923258371226,5.583521285486379,5.7715868148622,4.796119212182674,5.02457203503234,5.827612353200523,5.67870456096446,3.1116900170264865,3.9399780441853995,5.726069625655844,6.159285075303262,4.0126027531057419,7.770718305201012,5.1999918179673909,4.676874026537169,3.775060683605272,4.936024170816552,7.176454473925466,5.419841684197916,5.7804885482513719,6.306718729287692,5.927330035673593,4.021536734376783,5.707947857674774],[0.7677582697100323,3.2073103246302328,1.7495476640046382,2.090142867498402,1.772738391354525,1.9556160091903872,0.7869363058229071,0.941417008981094,1.12512189946728,2.036655007439066,2.6241004559489289,1.4547157040901822,1.7596615996167842,2.15920768116568,0.7584402013409293,2.2250738585072014e-308,2.037601405305309,1.1190934870187,1.119308010694859,2.225826031499971,0.9620965107415334,1.3281800058738714,0.8616187525621442,5.369762421651914,5.196784518749776,6.066372089112261,5.7308684091654549,6.511319035918106,6.646962826379022,5.1261095982587439,5.353492580371828,4.853629341204606,5.440305102694399,5.617190655779867,5.094167346061716,6.012109510105354,5.667448774314986,6.023960530745561,5.02958356822419,5.416241840484558,5.2444109449689,6.741436843925596,5.065372053469278,6.972761783543171,4.946840083266785,6.523604980561143,4.439549186940529,4.722902856561684,4.31858721364927,3.404461714306385,3.9745531031718488,4.35221098939964,5.921200583349318,3.737390759128669,5.027388937455234,5.045661792871602,4.546624902827919,3.147117015625045,3.995149995689964,5.291462925302356,5.188477995518263,3.9813670335406146,5.290962724633716,3.1860603169704309,5.0005580384309609,3.9016769538554074,4.938060679911139,4.480755299281762,3.551483057030297,5.777340160905422,5.9654056902812429,4.989938087601717,5.218390910451383,6.0214312286195679,5.872523436383503,3.3055088924455298,4.133796919604443,5.919888501074887,6.353103950722305,4.206421628524785,7.964537180620056,5.393810693386435,4.870692901956212,3.968879559024315,5.129843046235595,7.37027334934451,5.613660559616959,5.974307423670416,6.500537604706735,6.121148911092636,4.215355609795826,5.901766733093817],[1.476982578203764,2.0948734312202497,1.4025773708059522,0.05254146219309286,0.26486301395078418,1.481095420325662,1.250665099482402,1.2346095588607092,0.9124795058380291,2.044667718223074,0.5864990506436194,0.582885701215127,1.285141010752059,1.6846870923009552,1.2791612039643799,2.037601405305309,2.2250738585072014e-308,1.556760902684927,2.9512055797811307,1.7513054426352462,2.9996979160468428,1.818079893502668,2.7106055622604945,4.895241832787189,7.2343859240550849,5.591851500247536,5.256347820300729,7.622302602625988,6.995134581580227,7.135355816992406,5.534755394968297,4.37910875233988,7.01771468846704,7.6547920610851769,5.207239138223712,5.537588921240629,5.192928185450262,5.549439941880836,4.555062979359465,7.260179805294075,4.9324299413927499,6.266916255060871,7.102973458774587,6.498241194678446,4.901927762911794,6.837570081597001,5.077468831505163,6.760504261866993,4.9782738722098689,5.442063119611694,5.490594500385846,3.9079328697644817,7.958801988654628,5.774992164433979,5.161801972049195,4.571141204006877,5.971024819405705,5.184718420930354,6.032751400995274,7.329064330607665,7.226079400823572,4.575643972469728,7.328564129939025,5.2236617222757399,7.038159443736269,5.939278359160716,6.975662085216448,6.518356704587071,5.589084462335606,5.302819572040697,5.490885101416518,4.515417498736992,4.743870321586658,5.5469106397548419,5.398002847518779,3.5053484096202109,3.6592763307397178,5.445367912210163,5.87858336185758,4.568315025469894,7.49001659175533,4.919290104521709,4.396172313091487,3.49435897015959,4.65532245737087,6.895752760479784,5.139139970752234,5.49978683480569,6.02601701584201,5.646628322227912,3.7437659997746586,5.683741579862412],[1.8868517567287322,2.72646982200985,0.6304541769859382,1.6093023648780199,1.2918978887341429,1.3762527994234409,0.8055700728960926,0.32215134382421786,1.155023991599426,0.9175615204203662,2.1432599533285465,0.9738752014698,1.239388383711503,1.1251250541948919,0.9252746115996566,1.1190934870187,1.556760902684927,2.2250738585072014e-308,1.3944446770962034,1.1067325444812713,1.4429370133619155,0.2613189908177411,1.1538446595755676,4.2506689346332149,5.677625021370158,4.9472786020935619,4.611774922146754,6.06554169994106,5.527869339360322,5.5785949143074788,4.234399093353128,3.7345358541859055,5.460953785782113,6.098031158400249,3.9750738590430165,4.893016023086654,4.548355287296286,4.9048670437268619,3.91049008120549,5.7034189026091479,4.1253174579502,5.622343356906896,5.54621255608966,5.8536682965244719,3.827746596248085,5.404511493542444,3.520707928820236,5.2037433591820669,3.421512969524942,3.885302216926767,3.933833597700919,3.2331175023809406,6.4020410859697,4.218231261749051,3.9082954504365334,3.926568305852902,4.414263916720778,3.6279575182454275,4.475990498310346,5.772303427922738,5.6693184981386459,3.018883069784801,5.7718032272540988,3.666900819590813,5.481398541051343,4.382517456475789,5.4189011825315209,4.961595801902144,4.0323235596506798,4.6582466738867229,4.846312203262543,3.870844600583017,4.099297423432683,4.902337741600867,4.753429949364803,2.1864154054268298,3.014703432585743,4.800795014056187,5.234010463703605,3.087328141506085,6.845443693601355,4.274717206367734,3.7515994149375126,2.8497860720056149,4.010749559216896,6.2511798623258099,4.49456707259826,4.855213936651715,5.381444117688035,5.002055424073936,3.096262122777126,4.782673246075117],[1.8870662804048913,4.120914499106053,1.5486282089751782,3.003747041974223,2.686342565830346,2.7706974765196445,1.7005404802987283,1.7165960209204212,2.038726073943101,0.9173469967442072,3.5377046304247496,2.3683198785660037,2.6338330608077067,2.519569731291095,1.6720443758167505,1.119308010694859,2.9512055797811307,1.3944446770962034,2.2250738585072014e-308,2.429871471558866,1.3565392757864659,1.1331256862784623,0.2576892581327148,4.250454410957055,4.283180344273955,4.947064078417402,4.611560398470595,5.392011025223248,5.527654815684163,4.184150237211275,4.2341845696769699,3.7343213305097464,4.320997091999541,4.703586481304046,3.9748593353668575,4.892801499410496,4.548140763620127,4.904652520050702,3.910275557529331,4.308974225512944,4.125102934274041,5.622128833230738,4.151767878993457,5.853453772848312,3.827532072571926,5.404296969866284,3.32024117624567,3.8092986820858627,3.199279202954411,2.4908575398305636,2.8552450924769898,3.2329029787047816,5.007596408873497,2.823786584652848,3.908080926760374,3.926353782176743,3.42731689213306,2.2335128411492239,3.081545821214143,4.377858750826535,4.2748738210424419,2.862059022845755,4.377358550157894,2.27245614249461,4.08695386395514,2.9880727793795858,4.024456505435317,3.5671511248059408,2.6378788825544756,4.658032150210563,4.846097679586384,3.870630076906858,4.0990828997565249,4.902123217924708,4.753215425688644,2.1862008817506708,3.014488908909584,4.800580490380028,5.233795940027447,3.087113617829926,6.845229169925196,4.274502682691575,3.7513848912613536,2.8495715483294559,4.010535035540736,6.25096533864965,4.4943525489221,4.854999412975556,5.3812295940118759,5.001840900397777,3.096047599100967,4.7824587223989589],[2.9935843012100036,1.6910430275471873,0.8812432625836881,1.744750907686293,1.684616292675416,0.34082600496077788,1.9123026173773639,1.2844090225188772,2.2617565360806974,1.52333361000081,2.012232993862009,1.682131483379694,0.466164431883187,0.08969825973222889,2.032007156080928,2.225826031499971,1.7513054426352462,1.1067325444812713,2.429871471558866,2.2250738585072014e-308,2.4783638078245788,1.296745785280404,2.1892714540382309,4.24272290978185,6.713051815832821,4.458807604098887,4.535801396689335,7.100968494403723,6.473800473357963,6.614021708770142,5.013421286746032,3.6843027618458077,6.496380580244776,7.133457952862912,4.685905030001448,3.984082890272715,4.593466578031669,4.991846788653171,3.7093517569237859,6.738845697071811,4.411095833170485,4.8269515346553899,6.581639350552323,4.7469357520432,4.38059365468953,6.316235973374737,4.556134723282899,6.239170153644729,4.456939763987605,4.9207290113894299,4.969260392163582,3.3865987615422177,7.437467880432363,5.253658056211714,4.640467863826932,3.7536966955080754,5.449690711183441,4.66338431270809,5.511417292773009,6.807730222385401,6.704745292601308,4.054309864247464,6.8072300217167609,4.702327614053476,6.516825335514006,5.4179442509384529,6.454327976994184,5.997022596364808,5.0677503541133419,3.551514129405451,3.7395796587812719,2.7641120561017464,2.992564878951412,3.795605197119596,3.922739633934956,2.9840143013979469,2.93998756038858,3.694062469574916,4.127277919222334,4.04698091724763,5.738711149120084,3.167984661886463,2.9424676699892577,2.3045316823572237,2.904017014735624,5.144447317844538,3.387834528116988,3.748481392170444,4.274711573206764,3.895322879592665,3.2224318915523946,5.162407471640147],[1.5227153378430785,4.169406835371766,1.986778929096245,3.0522393782399357,2.7348349020960587,2.8191898127853567,1.7490328165644405,1.7650883571861334,2.0872184102088138,2.2738862725306729,3.586196966690462,2.4168122148317159,2.6823253970734188,2.5680620675568077,1.7205367120824627,0.9620965107415334,2.9996979160468428,1.4429370133619155,1.3565392757864659,2.4783638078245788,2.2250738585072014e-308,1.5654112709654782,1.098850017653751,5.606993686743521,5.039127010654894,6.303603354203868,5.968099674257061,6.748550301009713,6.884194091470629,5.36334086335035,5.590723845463435,5.0908606062962129,5.677536367786006,4.742234299173546,5.331398611153323,6.249340775196961,5.904680039406593,6.261191795837168,5.266814833315797,5.653473105576165,5.481642210060507,6.978668109017203,4.3984477168797089,7.209993048634778,5.184071348358392,6.76083624565275,4.676780452032136,3.7608063458201506,4.555818478740877,2.4423652035648515,4.211784368263455,4.589442254491247,4.959104072607785,2.7875006314494827,5.2646202025468409,5.282893057963209,4.7838561679195259,2.464985855453363,3.574451359966821,4.329366414560822,4.22638148477673,4.218598298632221,4.328866213892183,2.2239638062288975,4.038461527689427,3.367503046687594,3.9759641691696054,3.835019993047647,2.9041792034528397,6.014571425997029,6.202636955372849,5.227169352693324,5.45562217554299,6.258662493711174,6.10975470147511,3.5427401575371366,4.3710281846960499,6.157119766166494,6.590335215813912,4.443652893616392,8.201768445711663,5.631041958478042,5.107924167047819,4.206110824115922,5.367074311327202,7.607504614436117,5.850891824708566,6.2115386887620229,6.737768869798342,6.358380176184243,4.452586874887433,6.138997998185424],[2.0959382755839037,2.987788812827591,0.4213676581307668,1.870621355695761,1.553216879551884,1.637571790241182,1.014656591751264,0.583470334641959,1.3641105104545975,0.7084750015651948,2.4045789441462874,1.2351941922875412,1.500707374529244,1.386444045012633,1.134361130454828,1.3281800058738714,1.818079893502668,0.2613189908177411,1.1331256862784623,1.296745785280404,1.5654112709654782,2.2250738585072014e-308,0.8925256687578265,4.041582415778043,5.416306030552417,4.73819208323839,4.402688403291583,5.804222709123319,5.318782820505151,5.3172759234897379,4.025312574497956,3.525449335330734,5.199634794964372,5.836712167582508,3.765987340187845,4.683929504231482,4.339268768441115,4.69578052487169,3.7014035623503189,5.442099911791407,3.916230939095029,5.4132568380517249,5.284893565271919,5.6445817776693,3.6186600773929138,5.195424974687272,3.2593889380024949,4.942424368364325,3.160193978707201,3.6239832261090259,3.672514606883178,3.024030983525769,6.140722095151959,3.9569122709313104,3.699208931581362,3.717481786997731,4.152944925903037,3.366638527427686,4.214671507492605,5.510984437104997,5.407999507320904,2.75756407896706,5.510484236436357,3.405581828773072,5.220079550233602,4.121198465658048,5.15758219171378,4.700276811084403,3.7710045688329378,4.449160155031551,4.637225684407372,3.6617580817278458,3.8902109045775119,4.693251222745696,4.544343430509632,1.9773288865716583,2.8056169137305719,4.591708495201016,5.0249239448484339,2.8782416226509137,6.636357174746184,4.065630687512563,3.542512896082341,2.6406995531504435,3.8016630403617239,6.042093343470638,4.2854805537430888,4.646127417796544,5.172357598832864,4.792968905218765,2.8871756039219549,4.573586727219945],[1.6293770222721765,3.880314481585418,1.3080281914545425,2.7631470244535878,2.4457425483097108,2.530097458999008,1.4599404627780926,1.4759960033997855,1.7981260564224655,1.175036254876922,3.297104612904114,2.1277198610453675,2.3932330432870705,2.2789697137704598,1.4314443582961148,0.8616187525621442,2.7106055622604945,1.1538446595755676,0.2576892581327148,2.1892714540382309,1.098850017653751,0.8925256687578265,2.2250738585072014e-308,4.50814366908977,4.52378036179459,5.204753336550117,4.86924965660331,5.649700283355962,5.785344073816878,4.4247502547319119,4.491873827809684,3.992010588642461,4.578686350132255,4.944186498824681,4.232548593499572,5.15049075754321,4.805830021752842,5.162341778183417,4.167964815662046,4.554623087922414,4.382792192406756,5.879818091363452,4.392367896514092,6.111143030981027,4.085221330704641,5.661986227998999,3.577930434378385,4.049898699606499,3.4569684610871258,2.7314575573511998,3.1129343506097046,3.4905922368374959,5.2481964263941329,3.0643866021734835,4.1657701848930899,4.184043040309458,3.685006150265775,2.4741128586698597,3.3221458387347786,4.61845876834717,4.515473838563078,3.1197482809784704,4.617958567678531,2.5130561600152454,4.327553881475775,3.228672796900222,4.265056522955954,3.807751142326577,2.8784789000751118,4.915721408343278,5.103786937719098,4.128319335039573,4.356772157889239,5.159812476057423,5.010904683821359,2.4438901398833856,3.2721781670422986,5.058269748512743,5.491485198160161,3.3448028759626409,7.102918428057912,4.5321919408242909,4.009074149394068,3.107260806462171,4.268224293673451,6.508654596782366,4.752041807054815,5.1126886711082719,5.638918852144591,5.259530158530492,3.353736857233682,5.040147980531673],[6.137520691361946,5.933765937329037,3.620214757647276,4.888687297838236,4.828552682827359,4.583548914742628,5.056239007529307,4.42834541267082,5.40569292623264,3.333107414212848,5.350556068647734,4.8260678735316369,4.44668449903069,4.332421169514079,5.175943546232871,5.369762421651914,4.895241832787189,4.2506689346332149,4.250454410957055,4.24272290978185,5.606993686743521,4.041582415778043,4.50814366908977,2.2250738585072014e-308,2.470328906050971,0.696609667460347,0.36110598751354008,2.8582455846218735,2.231077563576113,2.371298798988292,0.7706983769641829,0.5584201479360424,2.253657670462926,2.890735043081062,0.443182120219598,0.6423470884534401,0.35074366824981909,0.749123878871321,0.5333711528580643,2.496122787289961,0.16837292338863509,1.3716744222736824,2.3389164407704734,1.602999361891257,0.4229223383851288,2.073513063592887,0.930213234711385,2.45254167018207,1.0511752080026443,4.04356269674527,1.3952093184800654,1.0175514322522739,3.1947449706505135,2.8194930552940384,0.3977449540450819,0.4890262142737747,1.206967801401591,3.142007831290158,2.