{"name":"DynamicObjectArray","generic":13,"parameters":{"array":[{"name":"MatrixSerializable","generic":11,"parameters":{"name":"distance_matrix_aa","value":[[0.0,3.341900895776433,1.1144546740258419,0.6484195482265903,0.531081767578742,1.6700886423352719,0.17616949792136289,0.4632520577995829,0.14168983158675806,1.5492028878855305,0.8374278613168216,0.4132149916938819,1.3855317047088099,1.8388538087606945,0.13691776383435315,0.171035704290101,0.6210176779252614,0.5646466618993098,1.429463311977731,1.9027711102336665,0.9790947970701023,0.7504110669622882,0.9569395678776587,9.424595131162296,11.327057361124642,10.337289492939679,10.078779605583322,13.424397330050362,12.932873099465518,11.552241106757418,10.179023666846394,8.350041902778944,11.748795482667708,11.450570786673384,9.592182175791697,9.808302200106603,10.073025152075188,10.827917119127264,8.55104512487651,11.967197337284901,9.467616577867919,11.38049817830952,10.554965602068958,10.967657894300217,9.139543537684848,12.651950753664412,8.80779370995196,8.284200512701432,8.587636777365408,4.681955364775379,8.755923295063962,7.55091955067039,11.713467305860697,6.5483505175275289,9.479966601010697,8.61146828810821,9.808425413739892,5.428434440662146,8.660392106347829,10.060338218577805,9.316375676286042,7.847786697516611,6.1650894806200509,4.866788664604208,7.150884605878268,7.985868455983108,6.2873776336147959,9.40692112404938,6.5824077767761619,8.736506812300377,7.401492366326286,5.765693732583452,7.694447810287521,7.500222589634894,9.60737287004699,6.038838684047944,6.871698252422902,7.743692445383833,9.201948033494153,8.065512345500947,9.217384262880263,6.940025629840222,7.6159759569148399,5.4273825073834749,6.466511906822479,11.246680722383294,7.461164978470201,8.532229732048187,7.5917310105890059,9.166192050193362,7.249897301076752,10.876284004462498],[3.341900895776433,0.0,1.272270463872256,1.3562431295775875,1.4165672339335363,0.4052469496016501,2.196533052074124,1.6788473074079416,2.241659507423866,1.8416184200229045,1.465147124058491,1.5603559467712507,0.5634183061147329,0.4205630268306773,2.321085794676751,3.3030404043726078,1.3774358117091846,1.8392641623471609,3.9981614612681959,0.43979588941985206,5.217887981968029,1.9742722320386586,3.6894509996681155,8.734134338895978,10.636596568858322,9.64682870067336,9.388318813317003,12.733936537784043,12.242412307199198,10.861780314491098,9.488562874580073,7.659581110512626,11.058334690401388,10.760109994407065,8.901721383525377,9.117841407840281,9.382564359808868,10.137456326860946,7.8605843326101889,11.276736545018581,8.777155785601597,10.6900373860432,9.864504809802638,10.277197102033899,8.449082745418528,11.961489961398094,8.11733291768564,8.032035616433989,7.8971759850990879,7.167878540800978,8.065462502797644,6.860458758404071,11.023006513594379,6.944936274340897,8.789505808744379,7.92100749584189,9.117964621473572,6.416588928214272,7.969931447523955,9.369877426311487,8.743637171912172,7.157325905250292,9.53444597146263,6.674959271268414,8.30302798905146,7.43159454594816,8.642072907140602,8.71646033178306,6.765409353611952,8.046046020034059,6.382565510743485,3.311909589618788,6.993121313294548,6.507882472492213,8.916912077780673,5.352479833253264,6.181179179727442,6.911580732127179,8.511487241227833,7.375051553234627,8.06036863056201,5.986158325113271,6.925490262263467,4.422637952021722,5.378026728843851,10.556219930116976,6.637170108093647,7.836378764028838,6.267291629536228,8.475731257927042,6.559436508810433,10.185823212196178],[1.1144546740258419,1.272270463872256,0.0,0.7410403379958251,0.5786834876001137,0.2932485587106769,0.45254443559090148,0.1704930363380233,0.6945449111134333,0.14667868587974404,1.1470901035555877,0.4675601733838993,0.2257696012465752,0.24542173431391879,0.5151146497064302,0.7367972717960701,0.7207208787099843,0.1104054985570793,1.0327810593852103,0.23894744329026947,1.770974293063944,0.09581547940863863,0.7999260597491926,6.981694404845437,8.884156634807783,7.894388766622821,7.635878879266462,10.981496603733504,10.489972373148659,9.109340380440557,7.736122940529534,5.907141176462087,9.305894756350849,9.007670060356525,7.149281449474838,7.365401473789744,7.6301244257583289,8.385016392810405,6.1081443985596499,9.524296610968044,7.0247158515510599,8.93759745199266,8.112064875752097,8.524757167983358,6.696642811367989,10.209050027347553,6.364892983635102,6.036931962497888,6.1447360510485489,4.089283217995248,6.313022568747105,5.108018824353532,9.27056657954384,4.642377366512249,7.037065874693839,6.168567561791351,7.365524687423034,3.866916751273739,6.217491428723194,7.617437492260946,6.921338900889347,5.404885971199752,6.1921548456861699,3.821097625061689,5.689287971599055,5.598776047825055,5.6053405097333599,6.964020397732521,4.559187149767066,6.2936060859835198,4.940644723518037,3.243147209778758,5.250878991784166,5.040728764745517,7.1644721437301339,3.5974660023171238,4.428793854712081,5.292658478258906,6.759047307177294,5.622611619184088,6.74968903138247,4.482513683468069,5.173073660823922,2.967255488301626,4.002178398417664,8.803779996066436,5.010575893586432,6.088995008730874,5.116087039983713,6.723291323876502,4.806996574759895,8.433383278145639],[0.6484195482265903,1.3562431295775875,0.7410403379958251,0.0,0.015621351070931848,0.521005658706632,0.3007145258584309,0.32823477148424176,0.19615105675774259,1.4715746003512727,0.049597568660038119,0.0637177454083537,0.3891965224840786,0.7337573616142461,0.32431894553666076,0.919595512437172,0.00040247745722901,0.5569301148587803,2.3145173133165217,0.8181129480503667,2.415235578679265,0.8241323472909625,1.8115009229390678,9.705285778035443,11.607748007997789,10.617980139812826,10.359470252456469,13.705087976923508,13.213563746338665,11.832931753630565,10.45971431371954,8.630732549652091,12.029486129540853,11.73126143354653,9.872872822664843,10.088992846979748,10.353715798948333,11.10860776600041,8.831735771749655,12.247887984158048,9.748307224741064,11.661188825182665,10.835656248942105,11.248348541173364,9.420234184557995,12.932641400537559,9.088484356825106,8.624370783868713,8.868327424238555,5.641339577230471,9.036613941937109,7.831610197543537,11.994157952733844,7.002673634025989,9.760657247883846,8.892158934981357,10.089116060613039,6.006527566285936,8.94108276665023,10.341028865450952,9.610926016613666,8.128477344389758,7.388844009937148,5.64250192426684,7.766194096269259,8.282781516863269,7.209850020259402,9.687611770922527,6.996417115211621,9.017197459173524,7.441645121091053,4.82746132353077,7.966922323661256,7.559471465447395,9.888063516920138,6.319954459734319,7.152344554389403,7.9192098009082179,9.4826386803673,8.346202992374094,9.159113332268288,7.026999510716471,7.896647652644818,5.4777155299550579,6.456933508975427,11.527371369256441,7.642634316368711,8.80883640163179,7.4156462475478819,9.446882697066507,7.530587947949899,11.156974651335644],[0.531081767578742,1.4165672339335363,0.5786834876001137,0.015621351070931848,0.0,0.4799280520238368,0.18816050871990215,0.20379723222263305,0.12680859135686199,1.2304137728327827,0.11798721259260239,0.016610601173173115,0.339860215841091,0.6631555729181768,0.21108624548632605,0.7258466570625604,0.011300224028241289,0.3928718724113431,2.006096281385286,0.7369241825539858,2.131757808746209,0.6258896509867581,1.5294308337442695,9.327746686880689,11.230208916843035,10.240441048658074,9.981931161301713,13.327548885768755,12.836024655183909,11.45539266247581,10.082175222564786,8.253193458497338,11.6519470383861,11.353722342391777,9.495333731510089,9.711453755824995,9.97617670779358,10.731068674845658,8.454196680594901,11.870348893003293,9.37076813358631,11.283649734027911,10.458117157787349,10.87080945001861,9.042695093403239,12.555102309382806,8.710945265670354,8.250861399731527,8.490788333083799,5.305379806447231,8.659074850782356,7.454071106388783,11.61661886157909,6.636549585033785,9.38311815672909,8.514619843826602,9.711576969458284,5.648108512762127,8.563543676444825,9.963489774296198,9.234346791147236,7.750938253235002,7.06763046546965,5.2959270661792579,7.410044469492037,7.906364035871942,6.8717835407412999,9.310072679767773,6.627721664640581,8.639658368018772,7.098363019125921,4.645856311061771,7.59046282120241,7.21334463330715,9.510524425765384,5.942445314633618,6.774811191551894,7.556158371897505,9.105099589212545,7.9686639012193389,8.83074068168812,6.676772812040508,7.519111008383602,5.1329148174517329,6.121134949619999,11.149832278101688,7.278737415349502,8.431831036058896,7.105607520313436,9.069343605911753,7.153048856795145,10.77943556018089],[1.6700886423352719,0.4052469496016501,0.2932485587106769,0.521005658706632,0.4799280520238368,0.0,0.820053482827232,0.4735026377832953,0.9257857395130721,0.7399829434980252,0.7536470785413374,0.5036609599796162,0.015883554862334217,0.02616251013759798,0.9062687738359266,1.541260200460628,0.5216234891601852,0.5586434053768257,2.211713446826398,0.047913632705335929,3.0857953381085836,0.6591177279435764,1.8924764501567113,7.997695327204155,9.900157557166498,8.910389688981539,8.65187980162518,11.997497526092222,11.505973295507375,10.125341302799276,8.75212386288825,6.923142098820803,10.321895678709567,10.023670982715242,8.165282371833556,8.38140239614846,8.646125348117046,9.401017315169123,7.124145320918367,10.54029753332676,8.040716773909776,9.953598374351376,9.128065798110815,9.540758090342076,7.712643733726706,11.22505094970627,7.380893905993819,7.0931509617926979,7.160736973407265,5.3783151827620518,7.329023491105822,6.124019746712248,10.286567501902557,5.757521083116111,8.053066797052555,7.184568484150068,8.38152560978175,5.033936043396869,7.233492362922903,8.633438414619663,7.948044456173379,6.420886893558469,7.54692886094691,5.056596479204779,6.870326997405334,6.627175858078725,6.884221312973212,7.980021320091238,5.655133898741986,7.309607008342237,5.758669963121838,3.2615107794928237,6.260104813796035,5.874448048270694,8.180473066088851,4.613832985587572,5.444758201818814,6.222013508049162,7.77504822953601,6.6386125415428058,7.486881873862234,5.339025140178056,6.1890589523815839,3.793646873261701,4.779349237712188,9.819780918425153,5.94483061357842,7.101627987480384,5.756643484062891,7.73929224623522,5.822997497118611,9.449384200504355],[0.17616949792136289,2.196533052074124,0.45254443559090148,0.3007145258584309,0.18816050871990215,0.820053482827232,0.0,0.07279977417444138,0.04304705084108615,0.8596983291533848,0.5396911367517734,0.09648569545858601,0.6167117718758949,0.9383452801425779,0.002507607843624093,0.18517667844040715,0.27947999905012829,0.14648166195507238,1.1811809810672492,0.9872695762087858,1.1846356401249459,0.2877842653958359,0.7709073848910901,8.569630926051019,10.472093156013365,9.482325287828403,9.223815400472044,12.569433124939085,12.077908894354242,10.69727690164614,9.324059461735115,7.495077697667667,10.89383127755643,10.595606581562106,8.737217970680419,8.953337994995323,9.21806094696391,9.972952914015988,7.69608091976523,11.112233132173625,8.612652372756639,10.525533973198242,9.70000139695768,10.11269368918894,8.28457933257357,11.796986548553136,7.9528295048406829,7.478230326451746,7.732672572254129,4.395072024658482,7.900959089952686,6.695955345559112,10.85850310074942,5.83711351084114,8.625002395899419,7.756504082996932,8.953461208628616,4.820533462400682,7.805427912219811,9.205374013466529,8.47278615051149,6.992822492405333,6.102548450292103,4.4248376296973499,6.574154172855964,7.144221772805732,5.969274105315692,8.551956918938103,5.837640077584503,7.8815426071891,6.494820604045488,4.676851473698825,6.83758461464843,6.597482492327286,8.752408664935715,5.184222386745726,6.01672364253468,6.865424108911494,8.346983828382875,7.210548140389669,8.290770536158913,6.0430340225504139,6.76100730340781,4.52280401200865,5.549699576108774,10.391716517272016,6.584178268702857,7.67631706068288,6.641864081420012,8.311227845082084,6.3949330959654759,10.021319799351219],[0.4632520577995829,1.6788473074079416,0.1704930363380233,0.32823477148424176,0.20379723222263305,0.4735026377832953,0.07279977417444138,0.0,0.18723125998263333,0.5038915865946314,0.6233223153171238,0.11344708815722775,0.32472401842237977,0.5372558619537099,0.10134177524545576,0.3305263914995472,0.308757202777124,0.03187586902200765,1.077947614695345,0.5685275103676506,1.3854529122779229,0.12160221779392593,0.7295033794870092,7.957792871814226,9.86025510177657,8.870487233591609,8.61197734623525,11.95759507070229,11.466070840117446,10.085438847409347,8.71222140749832,6.883239643430874,10.281993223319635,9.983768527325312,8.125379916443626,8.34149994075853,8.606222892727116,9.361114859779193,7.084242865528436,10.50039507793683,8.000814318519847,9.913695918961445,9.088163342720885,9.500855634952146,7.672741278336776,11.18514849431634,7.340991450603889,6.912109917153394,7.120834518017336,4.241048237300561,7.289121035715891,6.084117291322318,10.246665046512627,5.35355173295257,8.013164341662627,7.144666028760138,8.341623154391823,4.422111710594344,7.19358986891028,8.593535959229734,7.871917988316526,6.380984438168539,6.106732517594954,4.155897174560108,6.200660446720305,6.545194800869488,5.7925179619921229,7.940118864701309,5.325459613502239,7.269704552952307,5.879621490811033,4.0493338423918099,6.225625826565622,5.982542240473011,8.14057061069892,4.5727285843512,5.404884929988957,6.252084836070394,7.73514577414608,6.598710086152876,7.67425249947079,5.4284714929138719,6.14916896775939,3.907742770934455,4.933830977726459,9.779878463035223,5.970922283767221,7.064418797641069,6.023796937342364,7.69938979084529,5.783095041728681,9.409481745114425],[0.14168983158675806,2.241659507423866,0.6945449111134333,0.19615105675774259,0.12680859135686199,0.9257857395130721,0.04304705084108615,0.18723125998263333,0.0,1.2411194132558579,0.3494634832138429,0.07444096912898694,0.7132584377941426,1.1000272584232716,0.0364341120553501,0.31771018787609947,0.17998820791900178,0.3314961312605098,1.5911258306226333,1.1684161144904657,1.446103377716104,0.5406780552203044,1.1134076184221514,9.257270438398726,11.15973266836107,10.169964800176109,9.91145491281975,13.25707263728679,12.765548406701946,11.384916413993846,10.011698974082823,8.182717210015375,11.581470789904137,11.283246093909814,9.424857483028124,9.640977507343031,9.905700459311616,10.660592426363693,8.383720432112938,11.79987264452133,9.300291885104347,11.213173485545948,10.387640909305386,10.800333201536646,8.972218844921276,12.48462606090084,8.64046901718839,8.14698105516998,8.420312084601836,4.874163384418947,8.58859860230039,7.383594857906818,11.546142613097127,6.470131887243354,9.312641908247127,8.444143595344638,9.64110072097632,5.415291137043045,8.49306742024786,9.893013525814233,9.155994664016165,7.680462004753039,6.502972474196742,4.959282048212112,7.1574861754516398,7.8266775414572049,6.459440519186683,9.239596431285808,6.483220481955846,8.569182119536807,7.118755231333881,5.056716841637704,7.522989384520015,7.226391875386517,9.440048177283419,5.871725295955798,6.704351031288407,7.524886615190277,9.034623340730582,7.898187652737375,8.889230869579139,6.67918635636059,7.448641633924991,5.1493893302674469,6.160729096614393,11.079356029619725,7.245218706755962,8.36284391872249,7.210160505288245,8.99886735742979,7.082572608313182,10.708959311698927],[1.5492028878855305,1.8416184200229045,0.14667868587974404,1.4715746003512727,1.2304137728327827,0.7399829434980252,0.8596983291533848,0.5038915865946314,1.2411194132558579,0.0,2.0147738558600065,1.040228349135973,0.6788106718978482,0.5893545982604648,0.9263183642999401,0.8943336089071733,1.4406364977170819,0.31061561038871218,0.6625297901545609,0.5457376332928021,1.542473184690489,0.16834534198009569,0.5688761997502931,6.052496713993888,7.954958943956233,6.965191075771273,6.706681188414913,10.052298912881954,9.560774682297108,8.180142689589009,6.8069252496779859,4.9779434856105368,8.3766970654993,8.078472369504976,6.2200837586232879,6.436203782938193,6.70092673490678,7.455818701958856,5.1789467077081,8.595098920116494,6.095518160699509,8.00839976114111,7.182867184900548,7.595559477131809,5.767445120516439,9.279852336496005,5.435695292783552,5.166407305595149,5.215538360196998,3.5497975046086176,5.383824877895554,4.178821133501982,8.34136888869229,3.8566731137399987,6.107868183842289,5.239369870939802,6.436326996571484,3.1552014109682999,5.2882937553969528,6.688239801409397,6.00786603668693,4.475688280348201,5.744639142070162,3.2063172102080546,4.997480664333295,4.687781689230836,5.051606576900541,6.034822706880972,3.7459542438001929,5.36440839513197,4.2085099983154639,3.1097131343881414,4.3295933249545979,4.2943608860500019,6.235274452878583,2.6688093453884358,3.499640415836037,4.455473800420544,5.8298496163257449,4.693413928332539,6.088520140956264,3.715174288899419,4.243894900073696,2.227553637143488,3.306373083841883,7.8745823052148868,4.16850931170223,5.163774710924058,4.535448050784081,5.794093633024952,3.877798883908345,7.504185587294089],[0.8374278613168216,1.465147124058491,1.1470901035555877,0.049597568660038119,0.11798721259260239,0.7536470785413374,0.5396911367517734,0.6233223153171238,0.3494634832138429,2.0147738558600065,0.0,0.21543903133734058,0.6217881885187626,1.0260897519592683,0.5574826944655968,1.2622750788899846,0.05709369453867508,0.9233537687015094,2.8908141868403236,1.1312896358208258,2.8732993455823219,1.2554547806847439,2.3337251557315668,10.506725452661686,12.40918768262403,11.419419814439069,11.16090992708271,14.506527651549752,14.015003420964908,12.634371428256806,11.261153988345783,9.432172224278335,12.830925804167098,12.532701108172774,10.674312497291086,10.890432521605991,11.155155473574578,11.910047440626652,9.633175446375898,13.049327658784291,10.549746899367307,12.462628499808908,11.637095923568346,12.049788215799606,10.221673859184236,13.7340810751638,9.889924031451349,9.409543082948895,9.669767098864796,6.269631893427766,9.838053616563352,8.633049872169778,12.795597627360087,7.757591943036704,10.562096922510087,9.6935986096076,10.890555735239282,6.7295018471830769,9.742522437496558,11.142468540077195,10.408518188161532,8.929917019015999,7.953960855297262,6.315801041488968,8.479699754739454,9.079722903640637,7.847107749461156,10.48905144554877,7.761916360636692,9.818637133799767,8.195860893622442,5.344339154662985,8.76691790118807,8.317676490924079,10.68950319154638,7.12127476134842,7.95377661216278,8.700933216717312,10.28407835499354,9.147642667000337,9.8922777584181,7.790936955705182,8.698084074202468,6.234062064035448,7.200611807127492,12.328811043882685,8.42552143325886,9.609563508876729,8.122631883860658,10.24832237169275,8.332027622576142,11.958414325961887],[0.4132149916938819,1.5603559467712507,0.4675601733838993,0.0637177454083537,0.016610601173173115,0.5036609599796162,0.09648569545858601,0.11344708815722775,0.07444096912898694,1.040228349135973,0.21543903133734058,0.0,0.34991363399970806,0.6609505485587522,0.11614667259871983,0.5384767747574318,0.05431661151506333,0.2637597523639296,1.7144163527488508,0.7251994211809763,1.8370733620302656,0.4644904224006955,1.2617375357725088,9.007239190320624,10.909701420282968,9.919933552098009,9.661423664741648,13.00704138920869,12.515517158623844,11.134885165915744,9.76166772600472,7.932685961937272,11.331439541826036,11.033214845831712,9.174826234950026,9.390946259264929,9.655669211233516,10.410561178285592,8.133689184034836,11.54984139644323,9.050260637026245,10.963142237467846,10.137609661227284,10.550301953458544,8.722187596843174,12.234594812822742,8.390437769110289,7.930523658118234,8.170280836523736,4.986612790752714,8.33856735422229,7.133563609828718,11.296111365019025,6.316522015367428,9.062610660169025,8.194112347266538,9.39106947289822,5.328403745556324,8.243036179924868,9.642982277736133,8.91387978923113,7.430430756674937,6.749477157486026,4.976717348666842,7.090434657410242,7.585903852235905,6.5529287305864198,8.989565183207708,6.307586199812363,8.319150871458705,6.818330193397005,4.546319533209863,7.271267166313521,6.930004129426852,9.190016929205319,5.621939082890459,6.454310695217249,7.252972630201248,8.784592092652482,7.648156404659275,8.567935878254762,6.388652297526627,7.198606502484276,4.851117131435878,5.849770995442092,10.829324781541623,6.974551522745453,8.111973263004538,6.863772848093522,8.74883610935169,6.83254136023508,10.458928063620825],[1.3855317047088099,0.5634183061147329,0.2257696012465752,0.3891965224840786,0.339860215841091,0.015883554862334217,0.6167117718758949,0.32472401842237977,0.7132584377941426,0.6788106718978482,0.6217881885187626,0.34991363399970806,0.0,0.06003495089892076,0.6925326881131442,1.2758078276780894,0.3871440839891328,0.411499002796978,1.9990821004430315,0.08762661493994563,2.7615359210870458,0.520950442394277,1.664197048000039,8.05678532106582,9.959247551028165,8.969479682843204,8.710969795486845,12.056587519953885,11.565063289369041,10.184431296660942,8.811213856749916,6.982232092682469,10.380985672571232,10.082760976576907,8.22437236569522,8.440492390010125,8.705215341978711,9.46010730903079,7.183235314780031,10.599387527188425,8.09980676777144,10.012688368213042,9.187155791972481,9.59984808420374,7.771733727588371,11.284140943567938,7.439983899855484,7.113803200207988,7.219826967268931,5.177042969902441,7.388113484967485,6.183109740573913,10.345657495764222,5.721931061317478,8.112156790914222,7.243658478011733,8.440615603643416,4.948879261744342,7.292582345452566,8.69252840848133,7.9968969847360749,6.4799768874201348,7.28310223000271,4.90629336988986,6.771907791346623,6.674408697465114,6.69261178885154,8.039111313952903,5.637859845297118,7.368697002203902,5.83361896945365,3.409560795464146,6.319700372008192,5.948088729767227,8.239563059950515,4.672572697766007,5.50385088439149,6.2878433043273909,7.834138223397676,6.697702535404471,7.568670217288944,5.41077813188229,6.248150094818163,3.8678975978621086,4.857734680398261,9.878870912286818,6.010268796252764,7.160968105705191,5.846806504255888,7.798382240096884,5.882087490980276,9.50847419436602],[1.8388538087606945,0.4205630268306773,0.24542173431391879,0.7337573616142461,0.6631555729181768,0.02616251013759798,0.9383452801425779,0.5372558619537099,1.1000272584232716,0.5893545982604648,1.0260897519592683,0.6609505485587522,0.06003495089892076,0.0,1.0312333054131274,1.6097451565700698,0.7309716003720738,0.5743298073924791,2.104575926739411,0.0032827498486278259,3.089573751082806,0.6267663902969821,1.8294695495394114,7.5429759100003139,9.445438139962658,8.455670271777697,8.197160384421338,11.542778108888378,11.051253878303534,9.670621885595434,8.297404445684409,6.468422681616961,9.867176261505725,9.5689515655114,7.710562954629713,7.926682978944617,8.191405930913204,8.94629789796528,6.669425903714524,10.08557811612292,7.585997356705934,9.498878957147534,8.673346380906974,9.086038673138234,7.257924316522864,10.770331532502429,6.926174488789976,6.688350223182852,6.706017556203424,5.227993236110234,6.874304073901979,5.669300329508406,9.831848084698715,5.4211702991582169,7.598347379848714,6.729849066946226,7.926806192577909,4.755136340656263,6.778772961484791,8.178718997415821,7.507066344132836,5.966167476354626,7.462728721174191,4.850930090914692,6.606739414068397,6.188328792295573,6.723514863540714,7.525301902887397,5.296902597924464,6.854887591138395,5.333949045642791,2.973600304994064,5.80634682009026,5.447259823423207,7.725753648885008,4.159597666538087,4.9900439032250409,5.780071662212576,7.320328812332168,6.183893124338963,7.075043781775179,4.908275189777946,5.734341721831695,3.367609224447285,4.36110435510145,9.36506150122131,5.502147832081855,6.647384392179517,5.360550004624958,7.284572829031378,5.36827807991477,8.994664783300513],[0.13691776383435315,2.321085794676751,0.5151146497064302,0.32431894553666076,0.21108624548632605,0.9062687738359266,0.002507607843624093,0.10134177524545576,0.0364341120553501,0.9263183642999401,0.5574826944655968,0.11614667259871983,0.6925326881131442,1.0312333054131274,0.0,0.16469219227197599,0.3023222417933976,0.17846107231482423,1.192691762165604,1.08217514680502,1.141334263706643,0.3253632429186925,0.774614052608065,8.660839360272604,10.56330159023495,9.573533722049989,9.31502383469363,12.660641559160672,12.169117328575826,10.788485335867727,9.415267895956703,7.586286131889253,10.985039711778015,10.686815015783694,8.828426404902004,9.04454642921691,9.309269381185496,10.064161348237573,7.787289353986816,11.20344156639521,8.703860806978226,10.616742407419828,9.791209831179265,10.203902123410526,8.375787766795157,11.88819498277472,8.04403793906227,7.562551326843089,7.823881006475716,4.411658838133404,7.992167524174272,6.787163779780698,10.949711534971007,5.908517999183171,8.716210830121005,7.847712517218518,9.044669642850203,4.878206811158454,7.896636344853572,9.296582447688114,8.56237216694187,7.0840309266269199,6.09147035421345,4.461017816399927,6.627742790176579,7.233532775220127,5.989772125058864,8.643165353159688,5.913573409823451,7.972751041410687,6.592087665020107,4.796172881431361,6.929011501313624,6.694283947191343,8.8436170991573,5.275380642374007,6.10793326885198,6.959342787904966,8.43819226260446,7.301756574611256,8.39040806327124,6.139155845947971,6.8522162472338039,4.619823102306493,5.648170253930205,10.482924951493603,6.677946805631021,7.7676344631625169,6.744282299581751,8.402436279303672,6.486141530187061,10.112528233572807],[0.171035704290101,3.3030404043726078,0.7367972717960701,0.919595512437172,0.7258466570625604,1.541260200460628,0.18517667844040715,0.3305263914995472,0.31771018787609947,0.8943336089071733,1.2622750788899846,0.5384767747574318,1.2758078276780894,1.6097451565700698,0.16469219227197599,0.0,0.8837402978416921,0.2945911188351533,0.653962915247288,1.638724203180514,0.4954073874766603,0.34557958182576928,0.33464662116981627,8.09621803435072,9.998680264313063,9.008912396128104,8.750402508771744,12.096020233238784,11.604496002653942,10.22386400994584,8.850646570034816,7.021664805967368,10.42041838585613,10.122193689861807,8.26380507898012,8.479925103295024,8.74464805526361,9.499540022315687,7.2226680280649309,10.638820240473324,8.13923948105634,10.052121081497943,9.226588505257379,9.63928079748864,7.81116644087327,11.323573656852835,7.479416613140383,6.987708730538499,7.25925968055383,3.7332967673884536,7.427546198252385,6.2225424538588129,10.385090209049121,5.314268670253918,8.15158950419912,7.2830911912966329,8.480048316928315,4.26311545981546,7.332015016602274,8.731961121766228,7.995357363345331,6.519409600705034,5.369904886862913,3.812977014359114,6.0064176466924359,6.666110980500259,5.317482301612021,8.078544027237803,5.32615426116644,7.4081297154888,6.249404017052969,5.143134244613383,6.373191473889365,6.335449241040342,8.278995773235414,4.710685630335103,5.543361034134662,6.497831613191891,7.873570936682575,6.73713524868937,8.128460696701043,5.75655107350179,6.287615919945266,4.26855083701505,5.3467759152975689,9.918303625571717,6.21093704306643,7.207433743089378,6.5743341166076469,7.837814953381783,5.921520204265175,9.547906907650919],[0.6210176779252614,1.3774358117091846,0.7207208787099843,0.00040247745722901,0.011300224028241289,0.5216234891601852,0.27947999905012829,0.308757202777124,0.17998820791900178,1.4406364977170819,0.05709369453867508,0.05431661151506333,0.3871440839891328,0.7309716003720738,0.3023222417933976,0.8837402978416921,0.0,0.5322176391993511,2.267021102653231,0.8140609174603002,2.3640963575115099,0.7953054422985201,1.7665436040073,9.659298850791302,11.561761080753648,10.571993212568687,10.313483325212328,13.659101049679368,13.167576819094525,11.786944826386425,10.4137273864754,8.58474562240795,11.983499202296713,11.685274506302392,9.826885895420702,10.04300591973561,10.307728871704195,11.06262083875627,8.785748844505516,12.201901056913908,9.702320297496926,11.615201897938526,10.789669321697965,11.202361613929224,9.374247257313855,12.886654473293419,9.042497429580968,8.577953549931458,8.822340496994415,5.59088260897036,8.99062701469297,7.785623270299396,11.948171025489705,6.95546522638793,9.714670320639704,8.846172007737217,10.043129133368899,5.958491584915932,8.895095839305024,10.295041938206812,9.564836751251857,8.082490417145618,7.336791996408338,5.593190611566062,7.717914026791285,8.236674992366462,7.159620603415289,9.641624843678386,6.949484445100449,8.971210531929384,7.400965129687299,4.812385813469175,7.92110084474099,7.518348074073412,9.842076589676,6.273964343635738,7.10635850311947,7.8754569594595529,9.436651753123158,8.300216065129954,9.120762850428026,6.985237753191283,7.850661099557567,5.436798791124874,6.4174216467123259,11.481384442012299,7.598750566031587,8.762931211855456,7.380171667294641,9.400895769822368,7.484601020705759,11.110987724091503],[0.5646466618993098,1.8392641623471609,0.1104054985570793,0.5569301148587803,0.3928718724113431,0.5586434053768257,0.14648166195507238,0.03187586902200765,0.3314961312605098,0.31061561038871218,0.9233537687015094,0.2637597523639296,0.411499002796978,0.5743298073924791,0.17846107231482423,0.2945911188351533,0.5322176391993511,0.0,0.8005334943474465,0.5884894746237424,1.1922029659426812,0.029511688555508114,0.5128378390310209,7.457965049952401,9.360427279914746,8.370659411729787,8.112149524373426,11.457767248840466,10.966243018255622,9.585611025547522,8.212393585636498,6.38341182156905,9.782165401457812,9.483940705463489,7.625552094581801,7.841672118896706,8.106395070865294,8.86128703791737,6.584415043666613,10.000567256075005,7.500986496658022,9.413868097099624,8.588335520859062,9.001027813090325,7.1729134564749519,10.685320672454518,6.8411636287420649,6.429168739145363,6.621006696155511,3.8954435983148647,6.789293213854068,5.584289469460495,9.746837224650803,4.899751952351675,7.513336519800802,6.6448382068983149,7.841795332529997,3.9972931354568148,6.69376205126337,8.09370813736791,7.376232435418629,5.881156616306715,5.81006714280875,3.773671366436161,5.7841678106271658,6.050196209415437,5.439746597158431,7.440291042839484,4.861696190648811,6.769876731090483,5.455258803216953,3.8876836678857424,5.728588945301702,5.552464388714041,7.6407427888370968,4.073033050373488,4.905072424040005,5.786364141090973,7.235317952284257,6.098882264291052,7.2788380558724399,4.990032345396609,5.649347694256743,3.480337605589236,4.5241965531030179,9.2800506411734,5.5033310448280059,6.56598562553177,5.6620634693592619,7.199561968983465,5.2832672198668579,8.909653923252602],[1.429463311977731,3.9981614612681959,1.0327810593852103,2.3145173133165217,2.006096281385286,2.211713446826398,1.1811809810672492,1.077947614695345,1.5911258306226333,0.6625297901545609,2.8908141868403236,1.7144163527488508,1.9990821004430315,2.104575926739411,1.192691762165604,0.653962915247288,2.267021102653231,0.8005334943474465,0.0,2.07198944668326,0.3200592745804919,0.6026531859275991,0.05954490865493484,6.063305849180038,7.965768079142384,6.976000210957422,6.717490323601064,10.063108048068106,9.571583817483259,8.190951824775159,6.817734384864136,4.988752620796688,8.38750620068545,8.089281504691126,6.230892893809439,6.4470129181243449,6.71173587009293,7.4666278371450069,5.18975584289425,8.605908055302644,6.10632729588566,8.01920889632726,7.193676320086699,7.60636861231796,5.778254255702589,9.290661471682155,5.446504427969702,5.034531301781541,5.22634749538315,2.500978436256397,5.394634013081705,4.189630268688132,8.35217802387844,3.5051516147046706,6.11867731902844,5.250179006125952,6.447136131757635,2.60272934096389,5.299102850496505,6.699048936595547,5.981578605325494,4.486497415534353,4.415662200870258,2.3791608044419449,4.389614462633329,4.655543267064756,4.045272574564471,6.045631842067122,3.4670832150776018,5.375217530318119,4.863457690976986,4.89051679187854,4.379558565126773,4.912646561601758,6.246083588064734,2.6783740219515428,3.5106965277799926,4.815106517195115,5.840658751511895,4.70422306351869,6.914984494262921,4.277802516371812,4.254810061962157,2.863116220490663,4.0512923451641209,7.885391440401036,4.512673107325659,5.194999834333307,5.538436644029258,5.804902768211103,3.888608019094495,7.51499472248024],[1.9027711102336665,0.43979588941985206,0.23894744329026947,0.8181129480503667,0.7369241825539858,0.047913632705335929,0.9872695762087858,0.5685275103676506,1.1684161144904657,0.5457376332928021,1.1312896358208258,0.7251994211809763,0.08762661493994563,0.0032827498486278259,1.08217514680502,1.638724203180514,0.8140609174603002,0.5884894746237424,2.07198944668326,0.0,3.0927188156140579,0.6239446300365856,1.8124165043508616,7.386659299933793,9.28912152989614,8.299353661711177,8.040843774354818,11.386461498821859,10.894937268237014,9.514305275528914,8.141087835617889,6.312106071550442,9.710859651439204,9.41263495544488,7.554246344563193,7.770366368878098,8.035089320846684,8.789981287898762,6.513109293648005,9.929261506056399,7.429680746639414,9.342562347081014,8.517029770840454,8.929722063071715,7.1016077064563449,10.61401492243591,6.769857878723457,6.5512492273441069,6.549700946136904,5.179898789955796,6.71798746383546,5.512983719441886,9.675531474632195,5.309097821775503,7.442030769782194,6.573532456879706,7.77048958251139,4.663385987169959,6.622456357830904,8.022402387349303,7.356179156791901,5.809850866288107,7.436361158551494,4.7842846266055158,6.520272151555728,6.038270081587371,6.671966314552347,7.3689852928208758,5.176945756692693,6.6985709810718749,5.189359702539716,2.880830098277931,5.650412011932987,5.301714580319654,7.569437038818489,4.003476893286083,4.8337293323547219,5.628783454467282,7.164012202265649,6.027576514272444,6.935428217188684,4.7613479459062069,5.578025982979018,3.22250988830121,4.219018748514073,9.20874489115479,5.350569782780019,6.491256933784005,5.226978560967942,7.128256218964857,5.21196146984825,8.838348173233993],[0.9790947970701023,5.217887981968029,1.770974293063944,2.415235578679265,2.131757808746209,3.0857953381085836,1.1846356401249459,1.3854529122779229,1.446103377716104,1.542473184690489,2.8732993455823219,1.8370733620302656,2.7615359210870458,3.089573751082806,1.141334263706643,0.4954073874766603,2.3640963575115099,1.1922029659426812,0.3200592745804919,3.0927188156140579,0.0,1.097712154550292,0.26770146862216817,7.371352788700793,9.273815018663136,8.284047150478177,8.025537263121818,11.371154987588858,10.879630757004014,9.498998764295914,8.125781324384889,6.296799560317441,9.695553140206205,9.39732844421188,7.538939833330192,7.755059857645097,8.019782809613684,8.77467477666576,6.497802782415004,9.913954994823398,7.414374235406413,9.327255835848014,8.501723259607453,8.914415551838714,7.086301195223344,10.598708411202909,6.754551367490457,6.251682745151188,6.534394434903903,2.8799577981378494,6.702680952602458,5.497677208208886,9.660224963399195,4.556723019782532,7.426724258549194,6.558225945646706,7.755183071278388,3.4821602308479346,6.6071497684449789,8.007095876116301,7.267897925218165,5.794544355055107,4.4662452439756878,2.9945437237345935,5.2184125000432879,5.938208702791924,4.471162573141805,7.353678781587876,4.576218260002099,6.683264469838874,6.23510716579548,6.3274588089387369,5.69321153010745,6.281509840083783,7.554130527585488,3.9857409735985267,4.818783189432554,6.162283785775771,7.1487056910326489,6.012270003039443,8.298918570254369,5.642314323808066,5.562874113746003,4.233300141561359,5.42953164064274,9.19343837992179,5.858418073889639,6.506073605962489,6.9339090322927519,7.1129497077318579,5.196654958615248,8.823041662000993],[0.7504110669622882,1.9742722320386586,0.09581547940863863,0.8241323472909625,0.6258896509867581,0.6591177279435764,0.2877842653958359,0.12160221779392593,0.5406780552203044,0.16834534198009569,1.2554547806847439,0.4644904224006955,0.520950442394277,0.6267663902969821,0.3253632429186925,0.34557958182576928,0.7953054422985201,0.029511688555508114,0.6026531859275991,0.6239446300365856,1.097712154550292,0.0,0.379314640917015,6.987559540279489,8.890021770241834,7.900253902056873,7.641744014700514,10.987361739167554,10.49583750858271,9.11520551587461,7.741988075963585,5.913006311896138,9.311759891784899,9.013535195790574,7.155146584908889,7.3712666092237939,7.63598956119238,8.390881528244457,6.1140095339937,9.530161746402094,7.03058098698511,8.94346258742671,8.11793001118615,8.53062230341741,6.702507946802039,10.214915162781605,6.370758119069152,5.981798766088891,6.1506011864826,3.623984201508867,6.318887704181155,5.113883959787582,9.27643171497789,4.491002988885102,7.042931010127889,6.174432697225402,7.371389822857084,3.6261032838021935,6.223356547505187,7.623302627694997,6.911558511529721,5.4107511066338029,5.598585934495786,3.4565648387077525,5.423645253273012,5.586465355728306,5.159409384598887,6.969885533166572,4.439856085869055,6.299471221417571,5.061525957576203,3.7334487399449629,5.2612016280788709,5.15313345909577,7.170337279164184,3.6028127129241049,4.434683711445421,5.3514915968721159,6.764912442611344,5.62847675461814,6.913109021817142,4.582465570562668,5.178949369021146,3.083627681746419,4.1447814109677,8.809645131500485,5.066558170217938,6.097095022592012,5.328273351287901,6.729156459310554,4.812861710193944,8.439248413579689],[0.9569395678776587,3.6894509996681155,0.7999260597491926,1.8115009229390678,1.5294308337442695,1.8924764501567113,0.7709073848910901,0.7295033794870092,1.1134076184221514,0.5688761997502931,2.3337251557315668,1.2617375357725088,1.664197048000039,1.8294695495394114,0.774614052608065,0.33464662116981627,1.7665436040073,0.5128378390310209,0.05954490865493484,1.8124165043508616,0.26770146862216817,0.379314640917015,0.0,6.5615951248333899,8.464057354795735,7.474289486610774,7.2157795992544149,10.561397323721455,10.06987309313661,8.68924110042851,7.316023660517486,5.487041896450037,8.8857954763388,8.587570780344477,6.729182169462789,6.945302193777694,7.21002514574628,7.964917112798357,5.688045118547601,9.104197330955995,6.60461657153901,8.517498171980613,7.69196559574005,8.10465788797131,6.276543531355941,9.788950747335506,5.944793703623054,5.509002316316668,5.7246367710365,2.779560208273924,5.892923288735056,4.687919544341483,8.85046729953179,3.938313053621299,6.616966594681791,5.748468281779303,6.945425407410985,2.994644932407542,5.797392120233292,7.197338212248898,6.47403950809018,4.984786691187704,4.62387365079806,2.7102337924243979,4.769656167842295,5.147036291870749,4.33413868767957,6.543921117720473,3.9143901044119886,5.873506805971471,5.110507806504785,4.812338567921794,4.8593966655446059,5.17217902599072,6.744372863718084,3.17647752434709,4.008863194725291,5.1676488825221009,6.338948027165245,5.20251233917204,7.105604624257223,4.556592195300601,4.753046622234508,3.116746848551142,4.2683524272303299,8.383680716054388,4.871090334251569,5.6835135278276029,5.674019041141663,6.3031920438644539,4.386897294747845,8.013283998133592],[9.424595131162296,8.734134338895978,6.981694404845437,9.705285778035443,9.327746686880689,7.997695327204155,8.569630926051019,7.957792871814226,9.257270438398726,6.052496713993888,10.506725452661686,9.007239190320624,8.05678532106582,7.5429759100003139,8.660839360272604,8.09621803435072,9.659298850791302,7.457965049952401,6.063305849180038,7.386659299933793,7.371352788700793,6.987559540279489,6.5615951248333899,0.0,1.2978925441842409,0.11855057810017077,0.059243502560985917,1.7494668462124808,1.3376029285222098,1.1486531452146043,0.17674558194346227,0.22847442519820117,1.0495317634446853,1.7580430689551088,0.08477374129192197,0.11633631727141258,0.062130447788311008,0.2586983432616759,0.16931693406983454,1.2252684399495009,0.014261928012370357,0.45358080162821048,1.6209968765976837,0.4547942900535171,0.05607909020780634,1.1768215845880886,0.3098721955951043,3.3213586000026895,0.3830238613588307,4.184176700013628,0.888300822906295,0.7622303619732476,2.023785710038271,3.103213033819773,0.08441991636125149,0.14184425244542327,0.5925679045039046,3.200761410875157,2.449547766578881,3.0189695482070144,3.4224775879823214,0.7350289751414594,5.957888411924741,3.6829690835837485,4.296163572873694,2.6061929294740855,4.975213089379271,2.0777072173752124,2.902062278716124,0.8398715914505194,2.031954462107086,3.5087436812184249,1.402323123672441,2.0126267787