{"name":"DynamicObjectArray","generic":13,"parameters":{"array":[{"name":"MatrixSerializable","generic":11,"parameters":{"name":"distance_matrix_aa","value":[[0.0,0.4224159851853354,0.10565165473724658,0.0942194330898094,0.07953502810502256,0.2490388754331344,0.016361218023940306,0.04428731232700667,0.019291531640761807,0.07091419074090977,0.10515698693428932,0.06059412360679439,0.2069044031845425,0.2676534597174426,0.012246077348602947,0.0010874178469294505,0.09065368872545166,0.03351407560032704,0.024665200680981104,0.2740988274982997,0.05116709054030766,0.02771620282877907,0.01192947517873999,1.9932969499511238,1.7328882659712233,1.9985322771912225,1.9909941920054002,1.8930743934385559,1.9339549481844032,1.7867420365360039,1.9407300583635144,1.9999996292534186,1.8341304480699057,1.662138793793922,1.9465026696487585,1.9966540688354049,1.986672455953354,1.9802869597561124,1.9995950805563623,1.8152603463467197,1.9794574620929324,1.998602058208848,1.6245628692928192,1.9923186684756742,1.9621652161546486,1.9353253237612128,1.8685428212899838,1.3190470759028568,1.856248112340555,0.6635324068878425,1.6866832472141429,1.9990754257005046,1.6422804107167588,1.122494121006917,1.9445044974326365,1.9999443489514258,1.7844366071016356,0.8780289941637811,1.4364081020322442,1.4603340517387538,1.3903402974301536,1.8296482997286284,0.8506341620507116,0.7220343849233153,1.126819977080666,1.3597857363201982,0.9498391064376514,1.5114253853907332,1.1449452678766313,1.9323569456081434,1.7662515027489039,1.196987844070312,1.8750521550039579,1.7768429139626388,1.9964482231879318,0.7416578983437903,1.895764394528121,1.8219370805291849,1.9122837378521974,1.900260630688412,1.8093796181994586,1.7482416686349099,1.8983853517667726,1.3193051755867394,1.6636541644435453,1.983585812807764,1.8134735995703575,1.88776610381113,1.7249692996069415,1.9395904819380099,1.9890946688186313,1.9661796001043297],[0.4224159851853354,1.1102230246251566e-16,0.1182355596172674,0.13091766348140744,0.14931142886322414,0.02719544490846859,0.2848022483546029,0.2077482766713994,0.27398522854774245,0.1614431483803631,0.1187582351363744,0.17757016382059466,0.044695600441392428,0.021142182230919905,0.30212525878742127,0.4611034263856787,0.13514964993507806,0.23220494035692663,0.6168515550816662,0.019259256787833358,0.7097491988006914,0.24756307163165548,0.5550229623922227,1.6680725968517285,1.9786947117315908,1.6209486749925093,1.6816931251358854,1.8831002866668519,1.8311866929720818,1.958316143432199,1.820214483101645,1.5782867434271959,1.9320419680146608,1.9941840917944412,1.8101116249838543,1.5089283400463436,1.702718821882212,1.7274880210475932,1.554121607695801,1.943614369671976,1.7303328929014204,1.6199259232798063,1.9982714450068616,1.4721607244575439,1.7781543209369475,1.8290378355237112,1.9062417522617459,1.957945344161439,1.916243192293225,1.574396788108562,1.9900547784329539,1.5419544562469108,1.996664103587595,1.8809342982760012,1.813694277342078,1.568939712403501,1.9593740354379277,1.7397877408097645,1.9865554337712473,1.9905762057273176,1.9770265393404559,1.934938225135613,1.7209023245284554,1.623611973746324,1.8829891765175622,1.9694720774906616,1.786331478754177,1.9968871709380683,1.8914285936079379,1.2433787975092546,0.9180485150767471,0.3134410331313775,1.1102884318684883,0.9346528017864746,1.5067911799425423,1.6394053879632538,1.154496174118838,1.0097731576396254,1.1925848866919689,1.8753670591036769,0.9880649637495523,0.8905968387361598,1.1603537177907102,0.4108276724320027,0.7726679876431084,1.4208038287783374,0.9950695901619782,1.137006444843026,0.85645707826419,1.2632617365863688,1.451055067775146,1.7685573000443129],[0.10565165473724658,0.1182355596172674,0.0,0.000344399249505023,0.0019397744433881093,0.03295915776270797,0.039689452839224207,0.013597995503861982,0.03545462288723722,0.0036070138605942549,6.126647144055752e-7,0.0064819380562201049,0.018203697340499315,0.04039763066449831,0.046805125691001928,0.1274817307141345,0.0006032930034021167,0.020775939587357019,0.2264594929624535,0.04308998003622899,0.2926831150810023,0.0258424952644839,0.18521686062880195,1.9400653609713877,1.959826001160605,1.9172652582012955,1.9461992004829512,1.9999959683865083,1.9951674139391865,1.9797756237625389,1.993069124253141,1.894733245023514,1.9927585028228295,1.927434350808217,1.9908680016327534,1.854789872382078,1.955224669683468,1.9651092022973265,1.881256352345055,1.988197022684131,1.966188970001709,1.9167450836933098,1.9079623237727983,1.8321351726520852,1.9824046329576937,1.9947816090713469,1.9985033497544942,1.7093303489028616,1.9968803141054217,1.1203680566095582,1.9393535779333496,1.8742881641200136,1.9173189533096702,1.5535546206729252,1.9916768127472784,1.8895788813352397,1.979023260578566,1.3349464608101176,1.7928226275180439,1.808850936412624,1.7609817822443908,1.991755867614998,1.3087675521808718,1.1811427217448705,1.557180301526894,1.739186793330072,1.4019467667911645,1.8418309509615372,1.5722784266356663,1.6721096884154368,1.3978414969417053,0.7375703233890272,1.5660609472746603,1.413060984746923,1.8534997106593739,1.2011367314220834,1.6022558494035529,1.4802851122063037,1.632674633981157,1.9999102834002776,1.4611325297911356,1.3723908605343012,1.606980372716794,0.8616178190514152,1.258886619078889,1.7989442349729639,1.4673368232624474,1.5880494644322294,1.340234194228651,1.6871857280254297,1.8187058294256154,1.9794647890769595],[0.0942194330898094,0.13091766348140744,0.000344399249505023,0.0,0.0006497443375156342,0.039974159286136238,0.03270022329954381,0.009624709021837763,0.028860912373473103,0.0017232456899138882,0.00031596244375442506,0.0038409814829492019,0.023526286045100543,0.04811175889364083,0.03919874759184405,0.11496052250911848,0.000036056554171493008,0.015791653580756738,0.21009466391815069,0.05104001820679627,0.27437583080930508,0.02025055907543427,0.17028284371186765,1.9486902182550754,1.95213184119685,1.927401216960765,1.954365070606479,1.9995770522655577,1.9974015232814258,1.9741870418253747,1.9958114640027738,1.9061451196367419,1.9892641329395829,1.9173005366582845,1.9940651956664662,1.8681147747735563,1.9626604223593767,1.971648413450437,1.8933561664417012,1.9838366129972019,1.9726225040128176,1.9269126044930916,1.8966525666526533,1.8464020812343707,1.9869675115132189,1.9971164774619239,1.9967242366198775,1.6905881935768028,1.994465702878366,1.0942746927804384,1.9300301216208343,1.8867254623900789,1.9065544110120896,1.5315087092063556,1.9947140837391289,1.901259698154826,1.9733391724137275,1.310104247844055,1.7765558955608312,1.7931412939353527,1.7436941317493522,1.988051521633672,1.283700785441093,1.1552717631106069,1.5351966836990785,1.7212577396351517,1.3777788560509564,1.827376750494276,1.5505607526941683,1.6913096717055572,1.421780965245954,0.7629836374940459,1.5874995267131205,1.4368180522545633,1.8668806673683216,1.1753610666147796,1.6229980714604602,1.5031375104572127,1.6527795618842814,1.999917435308114,1.4842596944084426,1.3966178395796854,1.6276268531321306,0.8876557052513023,1.2841454959397174,1.8144515798270296,1.490376511769776,1.6090727006149724,1.36479410804538,1.7060139132534425,1.8334927781135729,1.9844183940732175],[0.07953502810502256,0.14931142886322414,0.0019397744433881093,0.0006497443375156342,2.220446049250313e-16,0.05068665509851433,0.024187034358707728,0.005279619278778402,0.020895252306155744,0.0002568375351551522,0.0018714721083672448,0.0013322492565858158,0.03193283574078942,0.05977532080656567,0.02983065116242789,0.09875718199850647,0.0003797087873683713,0.010051101323243273,0.18850556145422205,0.06302429854398606,0.25004672733679747,0.013670434687554023,0.15070356248908368,1.9594707237443139,1.9404954308251555,1.9402810190561595,1.964508817229762,1.9978794214463003,1.9993500836930976,1.9654177360227943,1.9984598292915,1.9208011700618178,1.9833541560157285,1.9023525354184546,1.9973402327692039,1.8854409364307197,1.9717920890749135,1.979538650533852,1.9089714134363165,1.976743283521749,1.9803665071210573,1.9398363034789199,1.8801126709087042,1.8650464018284155,1.992126191656602,1.9992037435570605,1.9931616714308569,1.6640717676896309,1.9900328603889102,1.0583313986618215,1.9161807991519294,1.9028116654110128,1.8907522131342374,1.500633407667355,1.9977687489630709,1.9162906073905537,1.9644396473009543,1.275637000385675,1.7533427735138286,1.7706746748015144,1.7191157437064376,1.9818545183928907,1.2489547733336238,1.1195654426346109,1.504402797518816,1.6958236187845404,1.344161734610208,1.80659595695457,1.5201148721591956,1.7169033628074247,1.454186628386493,0.7981531935763738,1.61628432936535,1.4689563174656655,1.8842852013867749,1.139763070351312,1.6507866188725895,1.5339588140680487,1.679659392192248,1.998804597559774,1.5154795659190106,1.429446630996103,1.6552787089822139,0.9235430923500052,1.3185178069575577,1.8348354271518699,1.521469373162775,1.6372628364230107,1.398115892745948,1.7310804559652958,1.852865832112033,1.9901165722340888],[0.2490388754331344,0.02719544490846859,0.03295915776270797,0.039974159286136238,0.05068665509851433,0.0,0.1423627801544427,0.08795611270565596,0.13444413307042314,0.05805414781444951,0.03324160222537509,0.06817137112290162,0.0022008989970681016,0.00038513686699603866,0.15520806587801184,0.2806424543707915,0.04238574484046076,0.10468276918734798,0.413320189989983,0.00069082324356462,0.49598662316582667,0.11546116363408032,0.359692163430935,1.8222571827748962,1.9996366338030925,1.7856231971749086,1.8326217069844569,1.9677599608978463,1.937365565204651,1.998432587724499,1.9304123122618824,1.7515294703788139,1.9906249747969743,1.992091698345277,1.923877843979452,1.6944748163649819,1.8484035487621387,1.866628007816129,1.7318670289048844,1.9946318770579077,1.8686939172986577,1.7848156729896113,1.984736169165153,1.663502632957621,1.902471074609263,1.936016145281426,1.9795189095268869,1.8654279163894408,1.9841207453947405,1.3691708663693459,1.9957157088826523,1.7218773326482409,1.9884631704832586,1.7473618280132533,1.9262089565282317,1.7439527876354964,1.9986341901312069,1.5638205641280605,1.9218714386248575,1.9319127181067928,1.9010919552568937,1.991696040261033,1.5407707134438962,1.4255814697410748,1.7502514867226329,1.8863113887027017,1.6218462580936813,1.9515145415867379,1.7622212044167088,1.4614227666692792,1.1511255988526544,0.5005226700358434,1.337503571466057,1.167562361914071,1.692687618420703,1.443925089230137,1.3791410176266546,1.241123807589552,1.4146389592825704,1.9635434385406279,1.2200005421722853,1.123809250297557,1.3846229757787619,0.6140072094523341,1.0044132497333219,1.6194811507243919,1.2268283570137153,1.3627237799553663,1.089589576411651,1.47955892588709,1.6455150675334416,1.8958469049964538],[0.016361218023940306,0.2848022483546029,0.039689452839224207,0.03270022329954381,0.024187034358707728,0.1423627801544427,0.0,0.006904964278471204,0.000121707022150086,0.019483379352197573,0.03938127740008723,0.01420658845147249,0.11015033214392212,0.15696425219743549,0.0002996481673060991,0.025829973173478128,0.03058125888542229,0.0030784089377126069,0.08038794000603411,0.16206707967855683,0.12357929796828726,0.001503725241211784,0.05583929510696439,1.9978692671731065,1.8434635645807014,1.9919520821400148,1.998903549524039,1.9595146230049215,1.9830589711645448,1.8850745568578829,1.9864382475831133,1.9837935461715737,1.9198490006859759,1.7863079300126046,1.9891510626582328,1.9656228071592535,1.9998434430532966,1.9998425319737812,1.9781143003676439,1.90624675191513,1.9997601574338498,1.9917861209842172,1.7550383917770676,1.9537968881814032,1.9955084429415689,1.9837580315796284,1.9436182846887054,1.4845641389954088,1.9352990332222544,0.8386856814979663,1.8064109925592007,1.9749842779854259,1.769852986278279,1.2992852959365556,1.9882309155888303,1.9816834676266087,1.8833341673563218,1.0588315225902845,1.59135949500219,1.6127316113854565,1.549814523202754,1.916650659037575,1.0312090337955296,0.8996346445469052,1.3034424650951453,1.52198732537398,1.1305850250834846,1.6578674531069764,1.320823332554101,1.8519704536186355,1.6379596847548288,1.017142784254192,1.7735365033605768,1.650692098931008,1.9649749282836262,0.9199211686874731,1.801025781418347,1.7058785139971305,1.8235748301939734,1.9639606906212937,1.6903364611828416,1.6164819491561829,1.8045624503245699,1.1433595520034748,1.5180351479214032,1.934986344914376,1.69538743995117,1.7903181275436107,1.5890226049346779,1.862551489496304,1.946378880765323,1.9968275389282833],[0.04428731232700667,0.2077482766713994,0.013597995503861982,0.009624709021837763,0.005279619278778402,0.08795611270565596,0.006904964278471204,0.0,0.005195606592215629,0.0032093741429607416,0.013416672742673108,0.0013093544105101663,0.06277038021650172,0.09968790910894654,0.010074203236416724,0.05904762045172263,0.008485075926514707,0.0007642232621944967,0.13282148235485526,0.10382689058828565,0.18612239762511297,0.001967274829844712,0.10101147381281084,1.9833249398249673,1.9006582195772293,1.9702492865260724,1.9865140977345933,1.9859313414345,1.9977731608236996,1.9335662211788916,1.9988817777075064,1.9559657561687014,1.9595160048137348,1.8533583188047192,1.9995544589868142,1.9284601192269225,1.9908637914134515,1.99502045409479,1.9469514199259504,1.9495829567771546,1.9954260427242559,1.9699327273117669,1.8267444835330023,1.9119641265217276,1.99974080720007,1.998022794721166,1.975937280260991,1.5838381250794132,1.970352873547026,0.955575733878723,1.8702162129202993,1.9421765211889076,1.8394085851781335,1.409154178652016,1.9993524647211585,1.9525546712997544,1.9322243380438482,1.1755347155374417,1.6818780175786566,1.7012118346171408,1.6440077503381426,1.9572098214175027,1.1482490077969565,1.017047927900057,1.413128504655829,1.6184451981763642,1.2459914222494475,1.7416769903096117,1.4297194197630506,1.784663931019388,1.543215696963549,0.8997290361836164,1.6938481855839363,1.5571187334020427,1.927535770351283,1.0374099812839013,1.7252678928844354,1.6179080599406688,1.7513474637855684,1.9885149773902509,1.6006953867109529,1.519856840876943,1.7293387601866329,1.0262688032738217,1.4141136924077676,1.8869214233855106,1.60628085856853,1.7129839549532862,1.4901531569430476,1.7972390202758002,1.9019452905584793,1.9992816049180742],[0.019291531640761807,0.27398522854774245,0.03545462288723722,0.028860912373473103,0.020895252306155744,0.13444413307042314,0.000121707022150086,0.005195606592215629,2.220446049250313e-16,0.016538064350701377,0.03516307194122914,0.01170614263926284,0.10314049947476212,0.1486756017333304,0.0008032171527753151,0.029471546345018364,0.026870500084869798,0.0019765249850584034,0.08662847043974942,0.15365431333397062,0.13119869089365,0.0007699944540792147,0.06109459107151638,1.9967299135727448,1.8517416922365356,1.989856019361676,1.9980515939985942,1.9637920750071559,1.9857988734315182,1.8922284310239575,1.9888788695425435,1.9808764292013895,1.9258569948591565,1.7958512305351167,1.9913225307514977,1.961449779486012,1.9994457012583083,1.9999976999596388,1.9747491299656144,1.912731873262146,1.999980153410485,1.9896698981588544,1.7651759398346188,1.9489933730382019,1.9968642973728315,1.9864387220335429,1.948668010472878,1.4981524534931788,1.9407058356593266,0.8541022435497256,1.815538735819644,1.971397864246161,1.7797163439379425,1.31413502382891,1.9904971569538304,1.9785916506244644,1.8905396520313569,1.0743985972232114,1.6038685019810375,1.6249865720016455,1.562779130813737,1.9227747524943025,1.0467988931197075,0.9151693408781496,1.3182711884053383,1.535230938900702,1.1460367975578497,1.669537219166681,1.3355608462674429,1.8436981025971147,1.6258679840040829,1.0015417330599373,1.7635550344049503,1.6387662200920708,1.960764617128289,0.9354820693058112,1.7915889125907317,1.6947417194555246,1.814625443084122,1.9679940018073746,1.6789651125144705,1.6041229719192645,1.7951994410937009,1.1279019972696314,1.5046274183310456,1.9293390386488796,1.6840911963325603,1.7806631012267207,1.576343282340805,1.854552753720125,1.9412235757010717,1.9979479504684175],[0.07091419074090977,0.1614431483803631,0.0036070138605942549,0.0017232456899138882,0.0002568375351551522,0.05805414781444951,0.019483379352197573,0.0032093741429607416,0.016538064350701377,0.0,0.0035136902132287819,0.000419300693557334,0.037862867686634497,0.06773478007554668,0.024585689836866155,0.08916847393335159,0.0012609243623847855,0.007100238463198405,0.17547066154441016,0.07118325822372318,0.23524801327224055,0.010189255047240775,0.13895755654400233,1.9656109023262994,1.9325528638244747,1.9477539678220409,1.9702452605043255,1.9961480057535258,1.999910351830804,1.9592613721621449,1.9994607150725572,1.9294039548646216,1.9789837543820977,1.8923530767216675,1.9987359039812736,1.8957461694822806,1.9768873077113174,1.9838481251004306,1.918185195908535,1.9716332089184352,1.9845834814331465,1.9473371497625043,1.8691270543894559,1.876194040797392,1.9947097345910566,1.9998513248175605,1.9902607561773374,1.646956830966134,1.986586811590012,1.0356920601149287,1.9068629696583508,1.91232567554712,1.880223368957926,1.4808864343718818,1.9990255689962298,1.9251320982352183,1.9582020545819714,1.25378118259344,1.7382454978367715,1.7560352549302694,1.703182786405661,1.977304637380878,1.2269414270903747,1.0970343647902779,1.4847045087040714,1.6793680896443655,1.3227948660768392,1.7929926537426158,1.5006249487255468,1.7325192187763943,1.4742605432472747,0.8204015120293625,1.6339736518963275,1.488852269564958,1.8946404826417905,1.1172866656994978,1.6678265559018395,1.5529834316186504,1.6961087319944044,1.9974402741017348,1.5347670919415515,1.4498030632837334,1.6722297077341145,0.9461593379763484,1.3399185882890686,1.8470969525840305,1.5406730518744554,1.6545642838647275,1.4188031577611538,1.7463554168516496,1.864479790898574,1.993040679422771],[0.10515698693428932,0.1187582351363744,6.126647144055752e-7,0.00031596244375442506,0.0018714721083672448,0.03324160222537509,0.03938127740008723,0.013416672742673108,0.03516307194122914,0.0035136902132287819,1.1102230246251566e-16,0.006356715389498446,0.018414548693200695,0.040709668547027847,0.046471017271684459,0.12694143203908815,0.0005654602869166192,0.0205520716545321,0.22575844344318819,0.043412006316793209,0.2919010521743941,0.02559306649087978,0.18457559043697448,1.9404422472495427,1.959514808672735,1.9177055671160464,1.9465568115374186,1.999992212463796,1.9952754983013393,1.9795535244121164,1.9931986171247136,1.8952270599223274,1.992624920242364,1.9270198003664736,1.9910166501205069,1.8553638250623859,1.9555516091821713,1.9653984622469274,1.8817789977484894,1.9880268461413675,1.9664737874000265,1.9171867166909658,1.9074978998470876,1.8327485449400987,1.9826107697263027,1.994893938190418,1.9984421984876786,1.7085496545573749,1.9967923342608934,1.1192690852752532,1.9389733751077163,1.8748249480107662,1.9168776573249383,1.5526324027987744,1.9918187267630474,1.890083968785775,1.9787971222038575,1.3339032501108724,1.792147510947067,1.8081995415013235,1.7602631591814744,1.9916134140654152,1.3077145052960338,1.1800539773482857,1.5562607617149374,1.7384408119236814,1.4009329311596189,1.8412329708457723,1.5713703147056415,1.6729289164388135,1.3988568252523158,0.7386386327818202,1.5669731260831124,1.4140688309665222,1.854076009819257,1.2000522848277407,1.603139158740357,1.4812557338901054,1.6335314848252836,1.9999244982936789,1.462114474918256,1.3734179622256222,1.6078597093072547,0.8627141996226326,1.259955667980553,1.7996094683648079,1.4683151648824622,1.5889444295732743,1.3412748920243743,1.6879894829811307,1.819340950703276,1.9796873662013324],[0.06059412360679439,0.17757016382059466,0.0064819380562201049,0.0038409814829492019,0.0013322492565858158,0.06817137112290162,0.01420658845147249,0.0013093544105101663,0.01170614263926284,0.000419300693557334,0.006356715389498446,0.0,0.04615859433398606,0.07860110061055481,0.018613478811031926,0.0775981511981958,0.003133329531043061,0.00407217889181799,0.15943276446354838,0.08230189523491649,0.21691187755648934,0.006481321105313298,0.12459372181322492,1.9727342257988972,1.9217079108948872,1.9565934680171667,1.976849282846578,1.9931912690949274,1.999878799826945,1.95067861937222,1.999992459470591,1.939700719132597,1.9726681157217845,1.878910159317548,1.9997725923951316,1.9082432443856506,1.9826670972320109,1.9886187965806364,1.9292709940287969,1.9643780125607462,1.98923541923039,1.9562126051011655,1.8544415211736885,1.8897820398212245,1.997267130666308,1.999931373572944,1.9858141950727415,1.6246061612450922,1.98144650029064,1.006739964553587,1.8942800983799773,1.9237994427884178,1.86611314233953,1.4552970418171012,1.999884636055751,1.935737041096742,1.9495163105740483,1.2256671503563852,1.718404482593519,1.7367659275551839,1.6823002603970488,1.9707609398392512,1.198646188207271,1.0681747393499977,1.4591744646212728,1.6578356939196764,1.2952539611881587,1.7750195091277919,1.4753492253573944,1.751923477920581,1.4995537298380395,0.8489615793390976,1.656100758106915,1.5139071733202956,1.9072023286696319,1.0884817564806125,1.6890986636528176,1.5768771295508524,1.716605116669842,1.9949515912502203,1.5590103138215073,1.475475492388373,1.693384891302368,0.975095493808173,1.367007475637875,1.8621298704450156,1.5648047308277498,1.6761804263875853,1.4449214501428523,1.765313785483179,1.878672344769615,1.996034448966228],[0.2069044031845425,0.044695600441392428,0.018203697340499315,0.023526286045100543,0.03193283574078942,0.0022008989970681016,0.11015033214392212,0.06277038021650172,0.10314049947476212,0.037862867686634497,0.018414548693200695,0.04615859433398606,0.0,0.004425352884042777,0.12158547295627276,0.23616443472813088,0.02539265056130502,0.07711707881366292,0.360912694579129,0.005354534925590793,0.43982463827838239,0.08647676530134319,0.31016784474624828,1.8581852994494815,1.9956491262521308,1.8249201757633369,1.8675142024495282,1.9823316852860243,1.9584012605069657,1.9999463211543356,1.95266797827987,1.7936197962941317,1.9975032222256975,1.9815853514336768,1.9472203117816914,1.7406571837381635,1.8816372487676557,1.8978061066348185,1.7754427262169997,1.9993042848538683,1.8996283865895918,1.8241823303760936,1.9710274474655365,1.7116533950273754,1.9290476884037569,1.9572941765759802,1.9907146570736108,1.830299903123875,1.993724757231508,1.3067328297994603,1.9873927666381602,1.7661761447135507,1.9762443272540269,1.7016597624018855,1.9491698585390696,1.7866255860008078,1.9999007746217386,1.5078147876921198,1.8941478227796372,1.9058123572608668,1.870355069621315,1.9980410820303752,1.4838029400429296,1.3646399786332829,1.7047595421717366,1.853653441838712,1.5685480339097047,1.9290232923815958,1.7176203689005474,1.5192357377267614,1.2163409251549829,0.5590677043084693,1.3991795305433615,1.2325655873659996,1.7389880192982142,1.383530476986556,1.439665356286179,1.3049461455166603,1.4740671271074795,1.9791640208670108,1.2842012750879664,1.189336107533563,1.444985048513514,0.6760274030581299,1.0707124228931724,1.6701714825420489,1.2909102881809965,1.4237190956264994,1.1554352848681018,1.536690721287231,1.6947380957179306,1.923340727609482],[0.2676534597174426,0.021142182230919905,0.04039763066449831,0.04811175889364083,0.05977532080656567,0.00038513686699603866,0.15696425219743549,0.09968790910894654,0.1486756017333304,0.06773478007554668,0.040709668547027847,0.07860110061055481,0.004425352884042777,2.220446049250313e-16,0.1703829172693173,0.30019655260875846,0.050748374246120667,0.11738875038521846,0.43601953688275676,0.000044348555850559637,0.5201492759416022,0.12874680773373926,0.381254925715104,1.8061468846642859,1.9999996832671304,1.7681508526782195,1.8169312871488766,1.9603974438364198,1.9273375205471293,1.996494891304177,1.9198827814944997,1.732932619338638,1.986452379755226,1.995192795941493,1.9129020124631109,1.6742399359662024,1.8333867349316906,1.8524476761167286,1.712674220350634,1.9913772117224729,1.8546128481810962,1.7673152221061169,1.9891870973412956,1.6424844186213848,1.8901696862376616,1.9258884434960924,1.9735539091021992,1.8789988543866368,1.9788158895596846,1.3948195210993669,1.9978982982579825,1.7023949429588279,1.9922857028368193,1.7655123234742667,1.915389768739208,1.7251220635669418,1.9967996644170847,1.586523002526799,1.9322698415672042,1.941618658036605,1.9127785814525538,1.9877451975051024,1.56390586466473,1.4505301214026476,1.7683102700698306,1.898821303098838,1.6433397665458463,1.9596844314072986,1.7798914154092527,1.4366247946391527,1.1236349951622875,0.4766734822331157,1.3112507716519813,1.1401390540909314,1.672405674439236,1.4686209061484608,1.3533157930787368,1.2140986234032199,1.389226123475639,1.9557474727927975,1.1928445881948738,1.0962239496307283,1.3588585002608214,0.5885553990966721,0.9766606869059333,1.5974576059956407,1.199713203916794,1.3367228920421768,1.0619155325128649,1.4550223419273929,1.6240715961675787,1.8831703092226453],[0.012246077348602947,0.30212525878742127,0.046805125691001928,0.03919874759184405,0.02983065116242789,0.15520806587801184,0.0002996481673060991,0.010074203236416724,0.0008032171527753151,0.024585689836866155,0.046471017271684459,0.018613478811031926,0.12158547295627276,0.1703829172693173,1.1102230246251566e-16,0.02059420607804907,0.036879121814934138,0.005296386376180129,0.0710475885412335,0.17567798164285076,0.11205429264420297,0.003144835296655879,0.04805684070365934,1.9991673729077642,1.8300612001220425,1.9947541874018858,1.9997502143021298,1.9523324657616375,1.9782777102120795,1.8734157546678419,1.9821249057244806,1.9878879051064749,1.9099710472678407,1.7709485242075594,1.9852586978552656,1.971696630711241,1.9999769759664035,1.999108538443168,1.9829144507003967,1.895626849471023,1.9989244878575372,1.9946199391991942,1.7387619404063664,1.960865761526411,1.9928926738684787,1.9790693322221298,1.9352322127831508,1.4630060607571905,1.9263567821569292,0.8145759187919471,1.7916937419563706,1.9801330993109323,1.7539994771438128,1.2758389334412206,1.9841903009932578,1.9860529697512659,1.8715952410602084,1.0343775969970999,1.571442477838238,1.5932027128702276,1.5292030415538514,1.9065921125756534,1.0067329103918795,0.875309624601068,1.28002701967937,1.5009517299420199,1.1062768080492885,1.6392345929133199,1.297542469673635,1.864531959223053,1.656618824750479,1.041612746096344,1.7888181307824925,1.6690848142776789,1.9711075682459534,0.8955450809213806,1.8154394334795206,1.7230060647960653,1.8372125505833346,1.9571594140911657,1.7078396573327107,1.63557098866141,1.8188584800280352,1.167542441846295,1.5388180004641923,1.9433883726176109,1.712770316667716,1.8050793264924555,1.608627744737249,1.8746784959658039,1.9540033591193118,1.994580537464385],[0.0010874178469294505,0.4611034263856787,0.1274817307141345,0.11496052250911848,0.09875718199850647,0.2806424543707915,0.025829973173478128,0.05904762045172263,0.029471546345018364,0.08916847393335159,0.12694143203908815,0.0775981511981958,0.23616443472813088,0.30019655260875846,0.02059420607804907,1.1102230246251566e-16,0.11103933414856149,0.04653394782943998,0.015434791582675689,0.30695506341370806,0.03747649618451798,0.03967398857701321,0.005823966215285026,1.9868277072374788,1.7003717692870868,1.9949213893727747,1.983673594080984,1.87112738574064,1.9162769146773427,1.75710732131958,1.923894795364735,1.998872065219509,1.8075079825046352,1.626480780648773,1.9304285472118395,1.9993809919043515,1.9780131728132469,1.9700093585794596,1.999834735043748,1.7873750058703327,1.9689909233987042,1.9950518079572373,1.587472759215076,1.9970071722752368,1.9484158748367598,1.9178137306971166,1.8444916052699497,1.2745142266128329,1.8312334952543632,0.6199941538180569,1.6520440279123983,1.9999933958700869,1.6058472829905529,1.076089567280313,1.928162020904646,1.9993488507766595,1.754667930950622,0.8318872725367479,1.3939850453468364,1.4184445897291383,1.346991909239633,1.802717443598824,0.804697141755911,0.6775515388368256,1.0804360581332096,1.3158941197092773,0.9033298889709576,1.470805286706034,1.0986575461063975,1.948198924413925,1.795375094438608,1.2424825663791104,1.8966672107541168,1.8053560611445572,1.9992906377145339,0.6968990394509127,1.9155153633595544,1.8475984293945907,1.9303863388934089,1.8789845229854212,1.8358801904521339,1.7783585776754279,1.9178853911827259,1.3631398165480229,1.6978079339936417,1.9909288455334582,1.8397047189881773,1.9082608063698583,1.7562936239514089,1.9545276501902474,1.9948857181001505,1.9531064230256435],[0.09065368872545166,0.13514964993507806,0.0006032930034021167,0.000036056554171493008,0.0003797087873683713,0.04238574484046076,0.03058125888542229,0.008485075926514707,0.026870500084869798,0.0012609243623847855,0.0005654602869166192,0.003133329531043061,0.02539265056130502,0.050748374246120667,0.036879121814934138,0.11103933414856149,0.0,0.014323961972864119,0.2049156876675322,0.05375253963203874,0.2685588148310918,0.01858558052523751,0.1655727355843294,1.9513411996408863,1.9495016514353046,1.9305443151380236,1.9568666914981688,1.9992940572164396,1.9979773404493236,1.972234941963193,1.9965519737559432,1.909704226141654,1.9879874743417579,1.9138860379244305,1.9949531490899145,1.8722985265801502,1.9649245613031497,1.9736211151894146,1.8971397693546229,1.9822805135281115,1.974560866053693,1.9300659878874945,1.892860590645031,1.85089385903804,1.9882984330937615,1.9977249412497096,1.9960015168182049,1.684421565760754,1.9935376756676338,1.0858172472580357,1.9268759685970063,1.8906192496885377,1.9029374002979854,1.5242964847276477,1.9955501920255024,1.904906552150607,1.9713562927951756,1.3020198266920482,1.7711776086040124,1.787940828959214,1.7379903333469838,1.9867070958248446,1.275547595559014,1.146877288484283,1.5280040728128475,1.7153496992379216,1.3699026500130228,1.8225774836889155,1.5434519322627077,1.6974206171680036,1.4294653141817582,0.7712420805051129,1.5943501705577213,1.444441160219361,1.8710827397980077,1.1669944648919935,1.629618145275826,1.5104580947442839,1.659189021182598,1.9997722612155416,1.4916719747096746,1.4043989355628302,1.6342152632045819,0.8960978640687208,1.292277093009257,1.8193494625667813,1.497759583481684,1.6157857616657774,1.3726876322605757,1.7120023798631788,1.8381547395922402,1.9858761266445247],[0.03351407560032704,0.23220494035692663,0.020775939587357019,0.015791653580756738,0.010051101323243273,0.10468276918734798,0.0030784089377126069,0.0007642232621944967,0.0019765249850584034,0.007100238463198405,0.0205520716545321,0.00407217889181799,0.07711707881366292,0.11738875038521846,0.005296386376180129,0.04653394782943998,0.014323961972864119,2.220446049250313e-16,0.11401853662819905,0.12185523917039987,0.16403290149290607,0.00027937478610573496,0.08457909707531652,1.9896818750449575,1.882985128114686,1.9789712913814608,1.9921579409985673,1.978644299086103,1.994403527609192,1.9188434777732547,1.9962704184014002,1.9667066273066066,1.9477734579428253,1.8323286792508356,1.997623893951331,1.9422690624595367,1.9953781922754055,1.9981559621499597,1.9587896735382298,1.9366025917242307,1.9983995874643604,1.9787044241804375,1.8041226994511557,1.9273037655505619,1.999866680478834,1.9948032913636754,1.966668277913727,1.551657660442422,1.9601640565566377,0.9165603916633812,1.8502937462740564,1.9545555015442938,1.8175227908297205,1.3731751593148179,1.9971823049899014,1.9637237891464184,1.9173667528704695,1.1369195943240494,1.6527654578815155,1.6728081302500995,1.6136126138985217,1.9451664692225046,1.1094797494051239,0.9779526983913246,1.3772165140297715,1.5872562188596176,1.2079166405121727,1.71489170488839,1.394096128120876,1.8082956860230458,1.5756184776641967,0.9386965507791678,1.7214659469996343,1.5891528311809089,1.9414354115450386,0.9983208715685241,1.7516243335943585,1.6481687012205289,1.7765676255523702,1.9818524561203537,1.6314862222293943,1.5528505097863597,1.7555234638660978,1.0653231210090973,1.4493759905340014,1.9042991044581395,1.6369021860119142,1.7398467304328776,1.5238489879524316,1.8202256895467653,1.9181361168854133,1.9999992912867373],[0.024665200680981104,0.6168515550816662,0.2264594929624535,0.21009466391815069,0.18850556145422205,0.413320189989983,0.08038794000603411,0.13282148235485526,0.08662847043974942,0.17547066154441016,0.22575844344318819,0.15943276446354838,0.360912694579129,0.43601953688275676,0.0710475885412335,0.015434791582675689,0.2049156876675322,0.11401853662819905,0.0,0.4438216643066989,0.004868227310545925,0.10330544793108898,0.0023074523755182154,1.9432827074101785,1.5646375338396852,1.961948533953517,1.9369942118513338,1.771737813938659,1.83203165977803,1.631083833904134,1.842664577465223,1.975144366559606,1.6918086509708937,1.4803955871255417,1.8519280907895444,1.9901128943957676,1.9264189133514074,1.9124962313293673,1.9812207116242147,1.6673278442398048,1.9107884117349586,1.9623040372819365,1.4367728677171337,1.9951490711680005,1.8782914627654375,1.8341632902371692,1.7377227983140227,1.1019826790632837,1.7211068905649692,0.4639704680662238,1.5092844154621473,1.9839226358641345,1.4572550535971168,0.9004043775999118,1.8486984134623748,1.977609192883342,1.62818917084644,0.661954811640341,1.2270418440028966,1.2530270991708655,1.1774922243003157,1.68595392721117,0.6360637854963387,0.5168585608963381,0.9047435002636589,1.1449621173920409,0.7306235304777669,1.3091309982412532,0.9229704802448006,1.9891629442414814,1.889180210009349,1.4085347585986304,1.960308784997074,1.8966748038956687,1.990457852256521,0.5347923213175687,1.9717913997518815,1.9273872371781765,1.980184257410151,1.7819601261279328,1.919048100625655,1.8762246619010572,1.9731731966771,1.5206052988303143,1.8124002705924634,1.9991543309534559,1.9217864750171645,1.967470364961335,1.8591229186740468,1.991971543574571,1.9972079166515878,1.8854287495818798],[0.2740988274982997,0.019259256787833358,0.04308998003622899,0.05104001820679627,0.06302429854398606,0.00069082324356462,0.16206707967855683,0.10382689058828565,0.15365431333397062,0.07118325822372318,0.043412006316793209,0.08230189523491649,0.005354534925590793,0.000044348555850559637,0.17567798164285076,0.30695506341370806,0.05375253963203874,0.12185523917039987,0.4438216643066989,2.220446049250313e-16,0.5284332736143718,0.13340802655181584,0.3886809208040627,1.8005384693295728,1.9999478390381245,1.7620868554342586,1.8114634766878047,1.9577307321672928,1.9237720048071437,1.9956628641020698,1.9161483830394508,1.7264931670361304,1.9848636603824899,1.9960709954665808,1.909017376396673,1.667254865302629,1.828144643358366,1.8474861220664829,1.7060360661820336,1.9900991450085198,1.8496846015277289,1.7612418327691078,1.9905244356927257,1.63523906936119,1.8858391796632477,1.9222893611101984,1.9713591649588605,1.8834505087691325,1.9768442553778272,1.4034547062663934,1.9984643130967317,1.6956603140015445,1.993409242170019,1.771537993017294,1.911557856849707,1.7186046097983475,1.9960025965640665,1.594124782120731,1.9356355181137395,1.9447476991886155,1.916584850014964,1.9862315071599997,1.571658451728826,1.4589179966466506,1.7743043257934859,1.902909411482065,1.650521329756779,1.9622890258993838,1.7857515753300737,1.4281327575303962,1.1142839578203195,0.46867147148283286,1.302286961339107,1.1308079656690489,1.6654049530535189,1.4769198108920594,1.3444897240327079,1.204889698168424,1.3805337192817349,1.9529344770651474,1.1835950045941544,1.0868455736260466,1.350052077153968,0.5799899265911048,0.9672464773869146,1.5898789630948598,1.1904762644161489,1.327840113310005,1.0525130457409767,1.4466157907078686,1.6166851520275383,1.8787136950072104],[0.05116709054030766,0.7097491988006914,0.2926831150810023,0.27437583080930508,0.25004672733679747,0.49598662316582667,0.12357929796828726,0.18612239762511297,0.13119869089365,0.23524801327224055,0.2919010521743941,0.21691187755648934,0.43982463827838239,0.5201492759416022,0.11205429264420297,0.03747649618451798,0.2685588148310918,0.16403290149290607,0.004868227310545925,0.5284332736143718,0.0,0.15129536784075316,0.013855614180103837,1.9059718237817216,1.480548859923039,1.9303377593814768,1.898003616405878,1.7053067442795556,1.7733108452843372,1.5515623291940726,1.7854973623138855,1.948560640784004,1.6172773085925263,1.3916205415968044,1.7961724039557497,1.9714684516952308,1.8848041307865074,1.867737300373031,1.9574341208589965,1.590680174188766,1.865664443444457,1.9308151882064198,1.3459907771944913,1.9806089339950648,1.8268948778713905,1.7757485136937337,1.6675976866675689,1.0034467335876847,1.6493162968605247,0.3833813528923996,1.4219902946534944,1.9615315283182864,1.367382064289708,0.802825928857872,1.7924441661877804,1.9521115175255135,1.5484505510446305,0.5708490273219289,1.1299569616352159,1.1564489997775403,1.0796396509032396,1.6109027265052447,0.5460406036471308,0.43292300948564346,0.8071020656545932,1.0467440968081128,0.6370246339030838,1.2138999616140316,0.8250849874487252,1.9988172582661677,1.9299452513681908,1.496499739313897,1.983124158056135,1.9359381365039806,1.9720538577548577,0.4498175131935255,1.9903035136595016,1.9597415756278896,1.9949347172701946,1.7167222839328265,1.9534182985469487,1.9194521206838502,1.991110097783244,1.602215441122599,1.8659117727674064,1.9902379858159086,1.9555079245619423,1.9876929467264995,1.9053770711167726,1.9996055789370298,1.984993803261769,1.8353131526820957],[0.02771620282877907,0.24756307163165548,0.0258424952644839,0.02025055907543427,0.013670434687554023,0.11546116363408032,0.001503725241211784,0.001967274829844712,0.0007699944540792147,0.010189255047240775,0.02559306649087978,0.006481321105313298,0.08647676530134319,0.12874680773373926,0.003144835296655879,0.03967398857701321,0.01858558052523751,0.00027937478610573496,0.10330544793108898,0.13340802655181584,0.15129536784075316,0.0,0.07532130802733983,1.9927920341647716,1.8716435737007223,1.9835195373392543,1.9948350612266733,1.973512202161845,1.991628581653785,1.9092593942314045,1.993952612335732,1.9724847651290399,1.9399700318500233,1.8189949997122348,1.995716756947838,1.9499205674612755,1.9973699569098598,1.9993118579616392,1.9652372630758004,1.9280589467458256,1.9994573642770859,1.9832829165143742,1.7898471732551733,1.9358919708408409,1.9992013977229007,1.9921188317075882,1.9603465805409917,1.5317892531097953,1.9532909750390418,0.8930298927708403,1.8376162472451794,1.9613332052793605,1.8036823775738867,1.3511421303935767,1.9951306137901357,1.969763097230619,1.90770222621817,1.113467711353944,1.6346772252023963,1.6551336770317167,1.5947778456102167,1.9371830808297584,1.0859550070556845,0.9543283698978584,1.3552210203617588,1.5679609611981099,1.1847388538754589,1.6981646961393864,1.3722626930116214,1.821986333633948,1.5947854470095087,0.9623054550376676,1.7376312953486682,1.6080868242565043,1.9491423792687395,0.9746851407520633,1.7670046057104135,1.6659865345608065,1.7912423004959993,1.977095624919678,1.649637031194142,1.5723916684445492,1.770796996325525,1.088890621502539,1.470365703158722,1.9141367607638123,1.654946478430705,1.7555419135316588,1.5438362448097447,1.8335174112042805,1.9272458283684766,1.9996917764151579],[0.01192947517873999,0.5550229623922227,0.18521686062880195,0.17028284371186765,0.15070356248908368,0.359692163430935,0.05583929510696439,0.10101147381281084,0.06109459107151638,0.13895755654400233,0.18457559043697448,0.12459372181322492,0.31016784474624828,0.381254925715104,0.04805684070365934,0.005823966215285026,0.1655727355843294,0.08457909707531652,0.0023074523755182154,0.3886809208040627,0.013855614180103837,0.07532130802733983,0.0,1.9636462585312314,1.619370135207618,1.9782795791693287,1.9585505256550838,1.8131335633732447,1.867774438614513,1.6822939227547287,1.8772768785213104,1.987937547330358,1.7392372155858245,1.5388335648794339,1.8855155400085888,1.9973519217171845,1.9498429122596024,1.9381650695875184,1.9920525320576084,1.7163529487886838,1.9367183944290556,1.9785490748103314,1.4968404661850157,1.9995321101478632,1.9087266555527554,1.8696831703438817,1.7818559583836722,1.1692872628441323,1.7664814759039538,0.5225233010978786,1.566538631008405,1.9937778044781865,1.516580413741068,0.9681905118790583,1.8826476074241492,1.9896402339684394,1.6795652186844597,0.7266318041458988,1.2926387979232843,1.3181278199334028,1.2438985548736537,1.7337737697062683,0.7001415417674219,0.5774173612988418,0.972548461