{"name":"DynamicObjectArray","generic":13,"parameters":{"array":[{"name":"MatrixSerializable","generic":11,"parameters":{"name":"distance_matrix_aa","value":[[0.0,4.2592911720584099,2.518405308683057,1.9745958155865402,1.7839930171981713,3.016225045840119,1.1047124879201556,1.726274837270809,0.9242486659576582,2.8612934570310837,2.284952257931064,1.5872358737238437,2.7807457067010237,3.1080346624368517,0.9817147763686467,0.9506556842563223,1.9299570717451807,1.8885375646058316,2.39465083154537,3.142421194975137,1.612489039569559,2.123512334214649,2.0436964421120806,6.962328533593111,8.010539253799973,7.679678488083118,7.419544709077971,9.52627548540747,9.24273176421104,8.170365117576708,7.344061015684788,6.248644086252159,8.321043393318654,8.122028181036157,6.9481642128272169,7.425498107856698,7.392266924748248,7.9005279021157819,6.418103627893468,8.466831020536065,6.9344282493730369,8.448372545834058,7.479743658270227,8.386302483212285,6.662348223719627,9.049855050161897,6.33084135074485,6.441635799102222,6.174945433084613,4.484029859743454,6.212776981290007,5.667768920330749,8.329713234634415,5.429750804322166,6.86743220701703,6.45173826936579,6.959819262758329,4.766592323064238,6.1323630796318719,7.2080707073330789,6.955296170425553,5.670616684478844,6.029823451056531,4.517425130672433,6.273889189729726,5.925092566165614,5.915319597182747,6.668842003751349,5.357852988020848,6.902215887797469,6.863506504852489,5.760588543736892,6.277609007561878,6.924949464955284,7.273030393961733,4.550359691315903,5.287990629682815,6.874006328204923,7.418732838140737,5.856517903970219,8.810123479598938,6.32176192272371,5.978259123589735,4.924959273052548,6.028096346473442,8.711558866262579,6.579683583370609,7.0104491278296809,7.334702231317724,7.255554322177621,5.474461710198782,7.885390609288912],[4.2592911720584099,0.0,2.6997786587002778,2.3683620795389705,2.4842560476919934,1.4831754632341452,3.3086496613818969,2.903628160289743,3.335149849213246,3.258224673592861,2.426918214490462,2.678627681232309,1.6932447539823526,1.6530450381173403,3.4117916332468969,4.1095772469839419,2.399315245810932,3.0882048712063687,4.368602264291343,1.725591343220144,5.026042066103042,3.2353507103761949,4.239497239103263,6.56137496135535,8.69556634675339,7.074568425481192,6.983445553339502,9.635260216131613,9.126403276446604,8.689700502439543,7.259548645406447,5.840554199542668,8.676176333943359,9.034290221612605,6.858567406990834,6.637721305413286,7.00664001093392,7.522967903165087,5.934374140624664,8.897615771765624,6.662718230864654,7.73887552793443,8.424438995149258,7.3410843040368018,6.520507785780275,8.930414397918782,6.521097315527731,7.937837522538232,6.391976942497492,6.727634171863689,6.806916606760546,5.381531611389399,9.323026600669739,6.944727416907178,6.7918899565148369,5.981395550735425,7.409421049658222,6.363604664223365,7.2432721574516789,8.54329966932417,8.415622266833625,5.9163119966732788,8.704147632375426,6.444900573164621,8.219273591129032,7.131078739505564,8.22705353087074,7.756542316828713,6.7594973735440739,5.8050089477667099,5.2303831644916889,3.4541542836501577,5.253975392020289,5.292082035844253,6.513464493737123,4.732655294254379,4.888128551748779,5.401236220571843,6.055438806373813,5.966973955183049,6.607792991262083,4.946467202635568,5.173528576115771,4.2335773331932959,4.660535298762892,7.494824065045794,5.2275956986958109,5.697273026667187,5.351752498450647,6.07128537196016,5.1818360969278169,7.620662152544032],[2.518405308683057,2.6997786587002778,0.0,1.9303868532931457,1.659660959118721,1.2393213697682535,1.444037043994347,0.8254019272078643,1.851520512373833,0.7033566953546502,2.5130820966740878,1.458072758913154,1.0852519809401076,1.053825777544627,1.5606164211207919,1.8612287750343664,1.8954992280232604,0.64903392113332,1.6719603315383114,1.0017139168411123,2.5491340782962714,0.5917711125814975,1.5809350085994348,4.940192335326086,6.582311130047296,5.606597875261507,5.404323272289105,7.833227212184864,7.433799259358423,6.6532638012417479,5.483002296514122,4.182399504486888,6.719483430103386,6.832475600383156,5.0657607505738,5.272290512385572,5.397272556942688,5.930233275672655,4.330915975717837,6.910582642900159,4.967285830582986,6.362984469013498,6.189560719606609,6.179170837521895,4.740056115807333,7.23400090047814,4.554221716310855,5.483688631673535,4.402904686430369,4.061609113681818,4.654302660556392,3.612570077039048,7.095895540712544,4.4451283864649719,4.987585890641749,4.372111283445965,5.356711040420312,3.812252980515857,4.89481514437329,6.162999382437412,5.988788212182075,3.8793516670740315,6.020404752737243,3.821089856036049,5.648854299547643,4.742157203914427,5.583239640571441,5.439411109892155,4.285844711467931,4.6213659905445969,4.4440210867326199,3.242193485254058,3.986746089456367,4.507705246695533,5.123439215660319,2.6158481198432157,3.1500908870336397,4.49012201008749,5.083195060614911,4.007258985353218,6.338043964802332,3.9365425185681035,3.740346729124484,2.636509811495697,3.6295753973568218,6.459442079225909,4.212503185519068,4.672362408749396,4.867618972535931,4.964004802657514,3.400201908995895,5.963999512291548],[1.9745958155865402,2.3683620795389705,1.9303868532931457,0.0,0.3230507288316684,1.4928439043001416,1.313933376474799,1.3669939291157565,1.0947877824177704,2.6111520677206498,0.5972079810993889,0.6385051858031425,1.3310220620144036,1.7465842516824424,1.3623318770742635,2.1447914773485055,0.05294872215435073,1.7311619027083516,3.0708040494413808,1.8367059917666995,3.1356226320175488,2.0534875060723549,2.789228375756952,6.862862698282908,8.471646922398879,7.5182073744751369,7.325921665366399,9.760485288076673,9.364182226901765,8.5581664254036,7.413389106273738,6.103385379718509,8.636115099937977,8.694537702838773,6.9961354915043139,7.167100300100377,7.321195020058638,7.854988479470467,6.247796844211449,8.822231172288288,6.894875491237611,8.268074883883765,8.046417462327968,8.047846167919154,6.670069113254422,9.164376910382618,6.4797008049676239,7.2354956676983559,6.327369277077032,5.5592189291089,6.552155728605386,5.538144980399192,8.94675557081309,6.183988436506598,6.917972733563908,6.289939043912189,7.267189673763628,5.520849594241351,6.7222283006821,7.952753548504067,7.751425070685383,5.802770361725934,7.383991415727227,5.428060340422223,7.281389374394158,6.55134701440653,7.089714622894569,7.27259282570123,6.050287847176557,6.472693522237848,6.1856208839318109,4.705769753407226,5.842897706373194,6.250668682510067,7.020488815111553,4.5426871401561,5.06849194726283,6.269819554251063,6.893273972354411,5.935530410986062,7.954954830624467,5.727130540106348,5.624358987700218,4.522168516440844,5.415060394173127,8.305040776650929,6.013017224811341,6.487140020075164,6.523457735579248,6.804573932406722,5.325110430195705,7.892327962109384],[1.7839930171981713,2.4842560476919934,1.659660959118721,0.3230507288316684,0.0,1.4169194926344917,1.0117543250684798,1.0490825613129254,0.8674664149823015,2.3246637040164117,0.9122225977944377,0.3180323944067236,1.2195827914437663,1.6265701705614702,1.0721386245455776,1.8535127152465863,0.2731297473389944,1.4152560833088315,2.747841697210995,1.7040274281079726,2.843464847382636,1.7412078784983046,2.466641147126345,6.599823308009746,8.16870215165714,7.263695491989054,7.063882271263037,9.474920702583639,9.087176466880248,8.259841286470725,7.136513984751709,5.841802924786938,8.342789768555122,8.385863617374659,6.719858981190143,6.921924761454284,7.0569272402520319,7.589821924560359,5.989428229764682,8.526452662359942,6.626181600863927,8.017730463112079,7.737196072060571,7.814849199724525,6.39624485287477,8.887605471972702,6.19340174765818,6.9165586496351019,6.040266757856625,5.2363737655274849,6.252688719729009,5.272161654029901,8.636209494990406,5.8649675056208949,6.641220893899597,6.030881694196472,6.971630597361041,5.200904802227469,6.409852600219853,7.636020809482997,7.432887055540827,5.515207583103071,7.065215711235283,5.1054364698402099,6.9586385221102609,6.237165363470311,6.767183437076281,6.9605214212462489,5.732896032932257,6.245083208078259,5.990878630731355,4.566318225347576,5.6127473298836219,6.055719677548474,6.774120463391202,4.259353872391501,4.808745219124754,6.064711561613206,6.6800685615842039,5.652740699151855,7.79569979908855,5.517688108161227,5.383087745646592,4.278744631104804,5.206271259858493,8.081160292636439,5.801281548196848,6.27185302531252,6.351363871362892,6.581159811746248,5.059853146678222,7.622323543441696],[3.016225045840119,1.4831754632341452,1.2393213697682535,1.4928439043001416,1.4169194926344917,0.0,1.9600265527122359,1.4627814227429652,2.1218010393775725,1.8659202526611059,1.9034032698190773,1.4681382576464993,0.23901882545001947,0.3232873541004539,2.076287016828117,2.6968925651382125,1.4920545631620544,1.610540809176017,2.894162326950567,0.4349434696763109,3.571611732654979,1.753658263873413,2.756487465878153,5.71535793975865,7.606477545380046,6.319398573426886,6.16717321777508,8.72552207254717,8.273322730206335,7.64342438436541,6.341413821359829,4.959853108904139,7.674011465144159,7.897106741387377,5.926088878174982,5.929584848455679,6.1745401262625869,6.707371040118355,5.084605831021368,7.8802082810533309,5.7790079845343,7.043437070148846,7.265342380828749,6.75535492083695,5.589206121075392,8.073598790252412,5.490915079063668,6.649889707930318,5.34810146564131,5.299068413315834,5.680943982682761,4.431406423372167,8.17271633563906,5.6259989802615169,5.852271142901943,5.129668516571105,6.343769457259179,5.01160456449085,6.013117449830083,7.301145885791621,7.145563278914114,4.839513045902127,7.2596717564349559,5.047101304587852,6.8600377878143299,5.877350682397254,6.8167876465971919,6.547141065502014,5.455152733461583,5.1740605247093829,4.794094845570736,3.232337890875412,4.561050870148372,4.859174992369773,5.789659381204821,3.5884221963211719,3.938046435616595,4.903653556401105,5.544890773948655,4.931427331169681,6.49484573345269,4.378186526230422,4.390636701744311,3.3243266107502666,4.067861723681074,6.9802312175976148,4.667811117713869,5.148126397366416,5.085301946698381,5.488480683034003,4.2193873843969229,6.77183019823627],[1.1047124879201556,3.3086496613818969,1.444037043994347,1.313933376474799,1.0117543250684798,1.9600265527122359,0.0,0.6280988352552223,0.4862998427366751,1.897267152103879,1.839879940282144,0.70633425209031,1.7211480739255117,2.019247218047222,0.1230496020183864,0.8470924864649071,1.2609850440581259,0.8617643431263641,1.8817881764980185,2.0466619152270399,1.8336974968886482,1.1625349662084806,1.5594340816064847,6.157067132522969,7.480000072999133,6.855965554394319,6.620939793014592,8.888781414851718,8.550519540909555,7.602010958982262,6.614734980074356,5.417049011600624,7.716394977195175,7.653845017039606,6.2055648033058159,6.562567593362666,6.6027312981421,7.125877699338535,5.578686865283908,7.883654123444314,6.153782917278003,7.62289742674637,7.003874273881614,7.501453812855182,5.899096743902646,8.353359823507942,5.627478607811945,6.094060011179413,5.4713438203784749,4.31199845472687,5.601797899669839,4.83446680965719,7.888259644184822,5.047035550250682,6.1251546762523099,5.616041448267658,6.340421444916223,4.375049317674211,5.657834480816081,6.835562047289336,6.613109966722501,4.95061221691999,6.089393394670815,4.226764446635468,6.067825888378176,5.469658642410444,5.829609764337034,6.207654428054096,4.93563466630862,5.974838221952261,5.862575155452241,4.676619777469088,5.342199189838196,5.925443259694082,6.410954687611422,3.7464081373375799,4.413784331309948,5.893171869074695,6.46534167766915,5.114827224755541,7.777107923931441,5.338572966936288,5.0661393288753679,3.980312269571749,5.0367706537339809,7.805108695697027,5.60695942853524,6.054439470965174,6.304429254318664,6.324281669132753,4.630318194490542,7.133065993871414],[1.726274837270809,2.903628160289743,0.8254019272078643,1.3669939291157565,1.0490825613129254,1.4627814227429652,0.6280988352552223,0.0,1.029065563181408,1.3622556642626847,1.9611640168207437,0.763496655197402,1.2291655695819657,1.4586915029594959,0.7489244410398862,1.2373608569271196,1.31994432835166,0.36790001247022888,1.7257888363095154,1.46917269427776,2.1224393189555736,0.7000166049263971,1.4781515361354692,5.662794580485552,7.1344665188049138,6.347769347256426,6.127850301937881,8.475047552140599,8.107829648667064,7.233979435249349,6.160979228942125,4.9124747954917569,7.326957009552765,7.342880137940647,5.746922753696372,6.034078533473416,6.114839280966106,6.643675288957993,5.06848883289664,7.505434968563985,5.673590784910138,7.110735616654766,6.693639018778406,6.958061899696058,5.430712367064261,7.909107988224356,5.1965850444137529,5.868501742143855,5.041854924761573,4.225011621800724,5.226214919841268,4.33360970802412,7.590953640250412,4.816999077520063,5.6672750815964358,5.1077379134355589,5.952407368298895,4.15427784283543,5.363025038504133,6.586940545237947,6.384479132302178,4.51705735017159,6.099242439182139,4.071380268235181,5.925329559762897,5.188929922066332,5.7603850869617159,5.9139068820316569,4.683898875214985,5.41381978267724,5.264669922467228,4.048963506815427,4.779341720225034,5.328090744616169,5.883576373451143,3.2779849544820989,3.892240526157066,5.304893745259131,5.889381673935945,4.666245525445656,7.16342505017268,4.750556396673685,4.517577558153221,3.420179218534907,4.445516841529514,7.24979607379868,5.023484888097459,5.4782263552392369,5.692947556572953,5.7600606293693,4.124868483586439,6.663320878196386],[0.9242486659576582,3.335149849213246,1.851520512373833,1.0947877824177704,0.8674664149823015,2.1218010393775725,0.4862998427366751,1.029065563181408,0.0,2.3616648477076485,1.5196047877369843,0.6667812818041888,1.8916403808524265,2.2471854123177779,0.43271265910659309,1.1256954693967139,1.045552087355802,1.322565287421857,2.3432840271191179,2.2953294644951844,2.0969031184336739,1.6373483278982045,2.0096895242258507,6.637481852701752,7.960594424242231,7.333755707074193,7.10170001212672,9.374870801016478,9.036578779794852,8.085224029502783,7.1000926461458599,5.8951404488017788,8.201405554025423,8.128890206860636,6.690505530760423,7.034769921282715,7.084351664218053,7.608464539545507,6.055569854665772,8.367764478760684,6.636415246814234,8.099943472765599,7.4791883219170389,7.9685825844922288,6.383079204191903,8.839355412686107,6.113677661779394,6.551373587900531,5.957558928621685,4.7299605152950499,6.0863055847825839,5.313052477310058,8.360564678101865,5.507491182693685,6.610139574467872,6.09338424100139,6.825591164975215,4.83490388288061,6.131503016956538,7.297815928544006,7.070468995883842,5.436676688877947,6.456739689336044,4.668771499456101,6.499509169520246,5.940836946824658,6.23389645302154,6.680551970336134,5.401498476946749,6.433441052249518,6.293640685900785,5.040363803176089,5.799608299169978,6.357093890832228,6.883457403260273,4.229442799731402,4.887046466193081,6.333453926861907,6.915121244182714,5.600239724142786,8.186002320530037,5.7790178766766,5.5302982370831679,4.438417591911438,5.47435422007116,8.267037101144894,6.0511248604487559,6.503967953371847,6.717559035098782,6.781252512391856,5.107799608152111,7.617164187892457],[2.8612934570310837,3.258224673592861,0.7033566953546502,2.6111520677206498,2.3246637040164117,1.8659202526611059,1.897267152103879,1.3622556642626847,2.3616648477076485,0.0,3.2010300703560214,2.08943475570241,1.7493638996297743,1.6176807381594203,1.99550625978748,2.03666726592855,2.573116790905175,1.0392171112932609,1.289703999712287,1.535034515475906,2.466301169597652,0.7438271776120644,1.3506233421633103,4.3017070098327558,5.880453332501332,4.985541828964516,4.76677824356566,7.150708291594098,6.764766097255404,5.954816117034051,4.814781768324226,3.550370695056995,6.026278299181372,6.12913020933686,4.398890733745793,4.675417149637918,4.754827002002807,5.284807376496857,3.7062510315195698,6.214754499775366,4.316117330694773,5.748814096927522,5.486366584153018,5.606945583301519,4.078371260508902,6.565411877874501,3.869338836365599,4.797344091883331,3.716619386007742,3.4708849335370899,3.9534618269905454,2.9721299652844967,6.392843816391599,3.7655172531388394,4.319839741995771,3.7454827897044908,4.660067484679337,3.145860369782122,4.194792129230203,5.467689023376611,5.299011589513812,3.1918248172517886,5.453420216188254,3.191355711017437,4.994490795831665,4.04524284724936,4.970281847201069,4.738251960380505,3.600022115864809,4.077891928789764,4.002263374007539,3.0470783635018416,3.4458038562893247,4.063660714326744,4.524492885602113,1.9348328774642048,2.5307928826575138,4.015487985898174,4.5740696406085139,3.328165098271398,5.958247557401734,3.4622175076766288,3.1694971632387487,2.0841694139398054,3.1670102564637965,5.907959248331644,3.7238318421300797,4.163780151511982,4.483323617668457,4.427846167568368,2.762909930685627,5.308667179458559],[2.284952257931064,2.426918214490462,2.5130820966740878,0.5972079810993889,0.9122225977944377,1.9034032698190773,1.839879940282144,1.9611640168207437,1.5196047877369843,3.2010300703560214,0.0,1.2150834148742403,1.7908969296699449,2.1959086989088107,1.8657650449923867,2.632778985908004,0.6419223655513627,2.326691705269651,3.6518041656896345,2.2970363361230539,3.614422669781644,2.650340357084914,3.360183946696458,7.43064821939418,9.06745628757166,8.077283702413665,7.8924608660367,10.346292927040848,9.943310081253323,9.152041387319422,7.99301715857782,6.670420045318861,9.227274007044868,9.291667177952477,7.575447695099327,7.71689071666503,7.889826429423716,8.42415965346856,6.811683734849097,9.414771565682346,7.4677778512661459,8.822381431209049,8.643594049528515,8.583531703841226,7.247513813902531,9.743359441184606,7.066769951388055,7.828669139070939,6.91503252834071,6.1303715614298979,7.1467395812709288,6.109670763455857,9.543960966952968,6.77706623434576,7.4977060233506649,6.854440967743063,7.85978908438504,6.112593382899881,7.319256965992268,8.54804425273194,8.345075376134086,6.39091867224721,7.929237599630368,6.011413392369982,7.8634073159368189,7.147921774737686,7.6566807919241539,7.869673168118363,6.645056959476247,7.004239505713276,6.6788881331501,5.133370635074795,6.378308120775886,6.744032112688751,7.57166797221817,5.128660574777586,5.634966819015954,6.7755441086458749,7.407498466582055,6.520336518577953,8.397771298168986,6.239261467230052,6.171994487234876,5.074092102762977,5.92723221457129,8.830006194487578,6.527181094077273,7.004526304334811,6.9869439681636928,7.330857398027523,5.89621057042551,8.465886696272552],[1.5872358737238437,2.678627681232309,1.458072758913154,0.6385051858031425,0.3180323944067236,1.4681382576464993,0.70633425209031,0.763496655197402,0.6667812818041888,2.08943475570241,1.2150834148742403,0.0,1.2446176602753248,1.6225779491264932,0.7792384500760132,1.5529975986402243,0.5869759597463434,1.1311573042345933,2.437266892547467,1.6832572370190866,2.539847713446699,1.463257368369535,2.1513408857865627,6.38538367682578,7.897767573963233,7.059449528751185,6.850232402669872,9.228539014342042,8.852503565666775,7.995835935653622,6.903272454058437,5.630263222271604,8.086026157411574,8.105789565719205,6.487792181873438,6.729770722290783,6.84040282454677,7.371643368793079,5.7818376262796689,8.266073654927954,6.404316492871337,7.817995022332222,7.456407250800699,7.636588316698142,6.167804709488266,8.653346490127858,5.9480215939339919,6.617899796680019,5.793897808037788,4.921780118529534,5.98802104891326,5.055762668141504,8.352967767541909,5.5663553629447899,6.408587175989942,5.822340124970449,6.71233897993951,4.900298216039102,6.124117987597284,7.34182521425901,7.135009190107205,5.268748497479081,6.747210997348097,4.796516231471308,6.648890328165132,5.948220245655693,6.451605327580799,6.675126013130826,5.437851689317569,6.075474393125806,5.860641364355154,4.502824147564702,5.441264452365451,5.925100054572454,6.580667930225847,4.020995741671347,4.601546333150797,5.922247634807994,6.526940297430082,5.412875073762403,7.702144773159746,5.371359430578563,5.198325903288018,4.0942462114785729,5.061538766239395,7.913542412363195,5.651569367877193,6.1169732258236009,6.246122279595189,6.416047019178351,4.844817768879054,7.397815098670532],[2.7807457067010237,1.6932447539823526,1.0852519809401076,1.3310220620144036,1.2195827914437663,0.23901882545001947,1.7211480739255117,1.2291655695819657,1.8916403808524265,1.7493638996297743,1.7908969296699449,1.2446176602753248,0.0,0.415563689166052,1.8376345968389996,2.4608121355634888,1.323749497947538,1.395138370397891,2.710558855854062,0.5088316101048387,3.3440171424363775,1.561505360127009,2.556177880083289,5.72763746925192,7.556471600214101,6.347375189065397,6.183513296425851,8.714370425854636,8.275156762617995,7.603806177147485,6.3353535965216098,4.969027676515751,7.64471855499219,7.834195882715381,5.9185913972103629,5.968503145167101,6.187577686215517,6.721656795307446,5.09964812767647,7.846856190404648,5.782925990548358,7.0801251009484249,7.198044583233562,6.813220286196617,5.583569957595618,8.075155279775493,5.462628889579645,6.546288249559554,5.317151655045477,5.142989689771647,5.627430145411765,4.428705902533635,8.105818500137123,5.514587276972622,5.843503972813297,5.144011699926017,6.303249065968181,4.889802365871395,5.929101666443524,7.210342136586805,7.046593312027813,4.803004352151703,7.092696769533316,4.906290544709737,6.731346119074612,5.786570447758936,6.667309978804324,6.467682445062318,5.3492163271137,5.231736386056975,4.888012231473862,3.374817620758365,4.611575582544149,4.953156361606079,5.826259132046801,3.5429979017903947,3.9396617587197455,4.986635676958841,5.621549819188764,4.904808541890333,6.627245089262081,4.4532165457975358,4.4247635922753389,3.342631072353284,4.141530963869491,7.049609952681953,4.741891023387532,5.220587148185631,5.203285877731887,5.55291079691956,4.215519583266863,6.779008174832314],[3.1080346624368517,1.6530450381173403,1.053825777544627,1.7465842516824424,1.6265701705614702,0.3232873541004539,2.019247218047222,1.4586915029594959,2.2471854123177779,1.6176807381594203,2.1959086989088107,1.6225779491264932,0.415563689166052,0.0,2.14033931560538,2.69096696005021,1.7391032472706028,1.5322349442703243,2.7257334711016054,0.11173084802440465,3.51252934592195,1.6164263320831856,2.622487365826093,5.3923589394357249,7.298027733320137,5.996235427668814,5.843971887979261,8.405150897705589,7.951066712250965,7.330918660150849,6.020405727436062,4.6371318498570839,7.358127124204587,7.5945204923889249,5.605388034336407,5.607186938348167,5.85147746003773,6.384231720975202,4.7614954333760519,7.565532637228856,5.456704742396275,6.720883074470144,6.96525553214283,6.43618112733815,5.268244888896921,7.751384210956269,5.175299169036583,6.374100658806112,5.0333723569833419,5.079201088201813,5.374806195835365,4.110219518474248,7.872089237750161,5.357647427814133,5.531811211113175,4.8065894479298569,6.031964121361433,4.753576823739805,5.723653438090904,7.015427645590868,6.86584797405216,4.526926997098267,7.0522021947849728,4.808956367710853,6.606562453801529,5.5925925573468489,6.586438025460825,6.254413338453982,5.182381341934864,4.854633486898157,4.487243235034031,2.959308546369385,4.240097080578253,4.5523708567438379,5.467025859503983,3.2805053536659676,3.6163515909268657,4.592005988359625,5.2309986010633688,4.615538924060809,6.213113374392937,4.063452261154883,4.0676998817426599,3.001207976983611,3.7525722643013599,6.664149366498801,4.352836389702093,4.832731047501386,4.792539710797941,5.170769677017371,3.8984548789820234,6.449136598854439],[0.9817147763686467,3.4117916332468969,1.5606164211207919,1.3623318770742635,1.0721386245455776,2.076287016828117,0.1230496020183864,0.7489244410398862,0.43271265910659309,1.99550625978748,1.8657650449923867,0.7792384500760132,1.8376345968389996,2.14033931560538,0.0,0.7828137041970911,1.3095979679500647,0.9660200306415151,1.9110893579877429,2.1687219714396379,1.773711025296336,1.2558696302643935,1.5795536163138349,6.239782883121926,7.529878744570712,6.941479523192104,6.703134144396857,8.952443860830428,8.620639100752593,7.656533623009112,6.688222085134994,5.502553352884614,7.775385124062192,7.696426292518935,6.280383060876545,6.652911570239056,6.683767987309709,7.2053781636449909,5.66534358973438,7.940169087336586,6.233366082693313,7.70902553899461,7.046774631578381,7.595025515294971,5.976257034539102,8.423900604102303,5.696785647328397,6.120624110080131,5.540500733367049,4.314167213679407,5.6595160315268109,4.919620457365533,7.927868895541893,5.075958524393482,6.199862811273068,5.702246430525115,6.4000394137965419,4.403438618570098,5.698911386202346,6.866021734270021,6.6397389094229128,5.021187080078056,6.069513373769034,4.242593435797433,6.077849855625962,5.508125595005093,5.825497913730332,6.247894065261174,4.96908501185264,6.073230505429017,5.970701081897707,4.79614362518293,5.441310046139,6.033397084552716,6.501104280437963,3.826032440621487,4.5039151060082249,5.998610521347656,6.567359485149764,5.188401846017336,7.889916332275405,5.444104805648847,5.161957487111345,4.079629669854668,5.143274698301348,7.901534397530299,5.711197526862333,6.156641190465159,6.416632714654625,6.423347434870303,4.7166762137624949,7.209784811884477],[0.9506556842563223,4.1095772469839419,1.8612287750343664,2.1447914773485055,1.8535127152465863,2.6968925651382125,0.8470924864649071,1.2373608569271196,1.1256954693967139,2.03666726592855,2.632778985908004,1.5529975986402243,2.4608121355634888,2.69096696005021,0.7828137041970911,0.0,2.0921255402481697,1.2180220940721458,1.4448262907440913,2.693207760033829,0.9909128968370525,1.3461990276876715,1.0933075825428567,6.0222843400990169,7.0756464076136649,6.742359659790713,6.477687774341686,8.578237759054275,8.29211975366559,7.229391375159853,6.394526474690051,5.3158344178756489,7.375530348627591,7.200547423666351,5.999762020915628,6.498890256304481,6.448963562011741,6.954692896038128,5.486923574986782,7.524028230851129,5.99031538510751,7.5104993736467009,6.555434112146924,7.465234794818771,5.716256842750697,8.099204975538252,5.380556751130429,5.551215029642141,5.224724880747838,3.6536509513800619,5.265000824748923,4.737075076795489,7.41531704910091,4.5245953993040939,5.919059782574433,5.519492118028692,6.011956234172717,3.8558054962503705,5.205599048111606,6.311624809010792,6.068184773797026,4.721540376667613,5.335441586954676,3.6379436786782288,5.4378690597513759,5.002167977877445,5.136233793748939,5.746412079119382,4.441356010308393,6.003093694600222,6.014976004575335,5.044971288752147,5.385208523242425,6.0748532309100089,6.346466782305491,3.6167209329324598,4.372099765636411,6.0086783761975639,6.532514803969331,4.909021729856942,7.987698029791729,5.460921339712186,5.075204118933981,4.04640157363709,5.175624487367361,7.798293886013044,5.709625375581856,6.127273962732691,6.514359225467194,6.357311247101187,4.547551048691801,6.937232066492526],[1.9299570717451807,2.399315245810932,1.8954992280232604,0.05294872215435073,0.2731297473389944,1.4920545631620544,1.2609850440581259,1.31994432835166,1.045552087355802,2.573116790905175,0.6419223655513627,0.5869759597463434,1.323749497947538,1.7391032472706028,1.3095979679500647,2.0921255402481697,0.0,1.684926921015567,3.020821940049037,1.8272547730953497,3.0829820448951765,2.00851908116579,2.738106554262534,6.83078559700595,8.42985856613136,7.488031428594678,7.294094318215094,9.723293292724695,9.329038052761393,8.517662997994379,7.378203370471802,6.07157104444111,8.596937552786845,8.651047927254638,6.961068567679067,7.138884604122303,7.288874343775412,7.822496230118273,6.216695395101621,8.782415370153645,6.861539122966748,8.238834788109143,8.002746924759809,8.022212135254719,6.63555102857435,9.12928182271835,6.4422155752866099,7.188268356086384,6.289678764651648,5.508303581739741,6.511286782877432,5.505308543304933,8.902673441538294,6.136714714449267,6.882790843709275,6.258691578901513,7.227390326926904,5.4731284078066209,6.677509859814744,7.906466159477643,7.704380639855072,5.764936231159411,7.331658108231681,5.378560893531571,7.231737337384851,6.506000447685838,7.0385033178663989,7.22798574963303,6.003715750261796,6.448021995016062,6.167332108274015,4.697300529525885,5.817642276877825,6.232349482833674,6.992011596640277,4.505769884030726,5.0369684293537999,6.249556374710539,6.871505877115437,5.898863241485586,7.943468978222737,5.705953226644858,5.59680746186015,4.494002901501313,5.393960174141353,8.281269471061746,5.991434251378893,6.464919945619105,6.509455178103292,6.78077690810233,5.292412542016479,7.858747931872252],[1.8885375646058316,3.0882048712063687,0.64903392113332,1.7311619027083516,1.4152560833088315,1.610540809176017,0.8617643431263641,0.36790001247022888,1.322565287421857,1.0392171112932609,2.326691705269651,1.1311573042345933,1.395138370397891,1.5322349442703243,0.9660200306415151,1.2180220940721458,1.684926921015567,0.0,1.3944446935975428,1.5155743372415669,1.9803242304524003,0.3346711629778965,1.1822227951255769,5.324935188638206,6.767455826145421,6.016236509190641,5.789740088160714,8.115842068690555,7.754563024719131,6.868544193180571,5.809868833495867,4.5785698571475399,6.963826970703579,6.974981539023188,5.396962435758609,5.712808291334527,5.774701976806757,6.301664850423918,4.737278478206579,7.141041321147335,5.330420770235619,6.781327648657646,6.325739944868424,6.646149595988141,5.08348161478419,7.556169007368376,4.8395051787554739,5.5056522417778999,4.684390153197721,3.8908182058055797,4.8609357529062289,3.9976315992075497,7.223142756154007,4.454406736614794,5.31705693402901,4.7756601549375319,5.588711616537591,3.793574198069594,4.9954555937817679,6.221608046883283,6.021038343659226,4.160079908385468,5.787917511573839,3.7218079313709935,5.575028657962125,4.821959911580956,5.426863478020459,5.5462927256770719,4.319199774524769,5.114513033834508,5.005289353219501,3.879721327756115,4.481443735871144,5.067879006210843,5.5616249169195,2.928720812449018,3.5659204278206459,5.032661711000101,5.603578963306203,4.312893841471008,6.931473201620704,4.478133639098352,4.208479900283322,3.11960059505621,4.177280782304937,6.946316136349147,4.745677213403645,5.192675270413189,5.45700594833548,5.4634781486181229,3.7907559177083378,6.317114284902485],[2.39465083154537,4.368602264291343,1.6719603315383114,3.0708040494413808,2.747841697210995,2.894162326950567,1.8817881764980185,1.7257888363095154,2.3432840271191179,1.289703999712287,3.6518041656896345,2.437266892547467,2.710558855854062,2.7257334711016054,1.9110893579877429,1.4448262907440913,3.020821940049037,1.3944446935975428,0.0,2.669954587378241,1.3574057291126245,1.1522158353685735,0.3525508788641988,4.620908248027808,5.648635789868041,5.34696407561284,5.0696577949899439,7.133928111003021,6.848965581235473,5.793235034905768,4.960146027854844,3.939384934422002,5.933591846436183,5.795399604729101,4.570469795630658,5.133719864454439,5.036539306950372,5.53347394209462,4.114283016085405,6.085301899965692,4.57621286539423,6.111818505677279,5.146880947237477,6.110288987053316,4.29596540981475,6.656594833657853,3.9427144055928386,4.212273337852389,3.787399276631205,2.499435029189649,3.821115102715949,3.3714965189240719,6.021814342338347,3.165662817968195,4.489970260437903,4.143521116921909,4.567910826527523,2.4934380745375899,3.796716826601056,4.955156013759693,4.731321880589883,3.290924177475609,4.398605429585542,2.3599738018524705,4.211646942352349,3.6017432199903047,4.035155673675298,4.343665941694848,3.058364652021408,4.712920366591745,4.848206287568222,4.210293317180057,4.120176672949356,4.903351254920238,4.982139322945581,2.2553377953711224,3.0573455490051857,4.801970672305237,5.268861586131353,3.4850126898946578,6.85205481601626,4.2749251789258919,3.7862439785398465,2.852326782086135,4.016938730691137,6.461107981382572,4.496198177755409,4.8755300478573899,5.4034448354762889,5.065897823330814,3.195882156031286,5.508054504377211],[3.142421194975137,1.725591343220144,1.0017139168411123,1.8367059917666995,1.7040274281079726,0.4349434696763109,2.0466619152270399,1.46917269427776,2.2953294644951844,1.535034515475906,2.2970363361230539,1.6832572370190866,0.5088316101048387,0.11173084802440465,2.1687219714396379,2.693207760033829,1.8272547730953497,1.5155743372415669,2.669954587378241,0.0,3.494129134738405,1.5771233366369369,2.579529220492301,5.280628155296432,7.1903546403338549,5.884790503578811,5.732261018083512,8.29392572003337,7.839422372080942,7.22197534831667,5.90903469606756,4.5254212042018,7.24816089380806,7.488716189999569,5.494095726051255,5.496258641742023,5.739747582198673,6.27250827307119,4.6497684653465749,7.455923441342597,5.345055783547655,6.609856437715363,6.860299747072418,6.326855487345468,5.15689036507648,7.639747428177614,5.065464818320017,6.277361775852449,4.923815738360323,5.002289625266049,5.267978285483327,3.9988203461597595,7.76690782256013,5.263666635448332,5.420580846296361,4.694860232528607,5.923279180379408,4.663384711489198,5.622358698907701,6.91524542218985,6.767707486561297,4.418071149854895,6.978885347602368,4.725736974867398,6.517436838422476,5.4929174416828598,6.505313349292465,6.15195592163802,5.08691283474848,4.745231231350812,4.383418451010566,2.870199523702001,4.1299651050120229,4.448556853737526,5.355958196105385,3.1733352219970496,3.5048366245937569,4.486113319428221,5.124078271095283,4.505642402978797,6.119201740632149,3.9562532848861475,3.956442436251158,2.889481246660596,3.6451552592355505,6.556207209240223,4.245503217484614,4.725174770007209,4.694497199801085,5.062153525240253,3.7871222898934788,6.337427786166899],[1.612489039569559,5.026042066103042,2.5491340782962714,3.1356226320175488,2.843464847382636,3.571611732654979,1.8336974968886482,2.1224393189555736,2.0969031184336739,2.466301169597652,3.614422669781644,2.539847713446699,3.3440171424363775,3.51252934592195,1.773711025296336,0.9909128968370525,3.0829820448951765,1.9803242304524003,1.3574057291126245,3.494129134738405,0.0,1.9613091542301438,1.1362419418043766,5.878038894379755,6.582202029312118,6.607387749885097,6.312785688896849,8.179939196206887,7.959625772442298,6.772672403869623,6.1386244010909369,5.231744496204344,6.95549264904958,6.645200346673394,5.770359555401876,6.42817626390159,6.27207350852207,6.746859965878472,5.408758620909494,7.0790863876687279,5.812388011903088,7.36326509684624,6.015248332169835,7.408714856895883,5.522053434654019,7.77419896192763,5.117558731820712,4.9085875662505729,4.96691502097059,2.899907627506657,4.893229338445124,4.678447492327362,6.8332459953371009,3.9334994515649779,5.691302120433088,5.434651142095783,5.631524074525995,3.2940051418215097,4.687869021989253,5.680590422123425,5.414258616068794,4.503351815923059,4.426533938339887,2.986489523947923,4.684442504225973,4.470034669998409,4.304813625678399,5.204645810931476,3.8909098591292525,6.051629518179579,6.205591386297393,5.498283560469351,5.468012180979505,6.260662240486549,6.278162473148433,3.5786436320870576,4.395336606033549,6.157484802167161,6.613947069972135,4.712389062346196,8.209415604454208,5.632088955103517,5.128964972700372,4.209701399456928,5.374126234668176,7.771056065115884,5.851443140116224,6.2243063862894509,6.759211226708507,6.402997239014925,4.514329096515032,6.700103492558391],[2.123512334214649,3.2353507103761949,0.5917711125814975,2.0534875060723549,1.7412078784983046,1.753658263873413,1.1625349662084806,0.7000166049263971,1.6373483278982045,0.7438271776120644,2.650340357084914,1.463257368369535,1.561505360127009,1.6164263320831856,1.2558696302643935,1.3461990276876715,2.00851908116579,0.3346711629778965,1.1522158353685735,1.5771233366369369,1.9613091542301438,0.0,1.0071154216292265,5.001316790767416,6.4345218980717189,5.6964110774848939,5.465816172382481,7.781640666457861,7.422354473820726,6.534347131522503,5.47876063591084,4.257842332958096,6.629160943355156,6.6452549597256829,5.066464352241436,5.400090398917285,5.449552406402474,5.975292977159419,4.4182639017818909,6.806519008532962,5.00360280089438,6.462638952288296,5.996348513898344,6.339600410203843,4.754452485552515,7.2241070324282659,4.506022018373239,5.191590231149383,4.350788578105388,3.623983767159049,4.52666037028103,3.6759010938427316,6.895008532971976,4.141335186247907,4.986444029371114,4.456038443722004,5.2540783313834729,3.4847509821244055,4.669014670707783,5.901935072864737,5.705607772004317,3.826690613753421,5.547604245572178,3.4323528747403908,5.282299691237184,4.497978608382607,5.1582789389797949,5.2195522654887969,4.001596560776133,4.818576255234625,4.741757369353692,3.6990060612412907,4.187447852715112,4.803533927512137,5.24851416189264,2.59936618642934,3.2514196588677577,4.758460964990996,5.317651796033506,3.980963215035646,6.687732103852704,4.2048466541096609,3.9061231599527628,2.8264689179886419,3.908221974576875,6.64576819266512,4.4674195061173,4.9074609783578799,5.212252054375329,5.169272015575685,3.4704538532836137,5.988408455073193],[2.0436964421120806,4.239497239103263,1.5809350085994348,2.789228375756952,2.466641147126345,2.756487465878153,1.5594340816064847,1.4781515361354692,2.0096895242258507,1.3506233421633103,3.360183946696458,2.1513408857865627,2.556177880083289,2.622487365826093,1.5795536163138349,1.0933075825428567,2.738106554262534,1.1822227951255769,0.3525508788641988,2.579529220492301,1.1362419418043766,1.0071154216292265,0.0,4.9537886735558029,5.9991975749538819,5.678049984877002,5.405163733883521,7.486246129275178,7.199124597466067,6.145266226110974,5.305916769281736,4.262776929556408,6.286140128722804,6.141598257618759,4.914025519771147,5.454255506957491,5.373653914443574,5.874027676217569,4.436504799030132,6.4376406598932249,4.913793949030428,6.444347678020599,5.493654586435596,6.428076744264101,4.6358307031115208,7.006420212199147,4.289944979664734,4.541715430868356,4.134362164215871,2.770685089914684,4.173571464262374,3.6902339824413494,6.365525993464491,3.4988578340728639,4.833425811234225,4.466950022029572,4.920325605065168,2.8262274439181276,4.143097268938431,5.2896862459981259,5.060801467211326,3.634721118356112,4.621240110717334,2.6674761689996275,4.511448580261872,3.9460251640844778,4.300544578183732,4.688879919142352,3.397771953394698,5.008160324146404,5.104720560241957,4.364456142999198,4.406028931317233,5.161471764966666,5.3022709927970779,2.56986676877395,3.357189990036627,5.070791649123963,5.556491962394748,3.826067266625837,7.103217355093464,4.53578480213353,4.079213168622439,3.109397793722779,4.268246836764678,6.773352759761484,4.766378976604592,5.158713532593495,5.6444081841834798,5.362078665908458,3.509269353756151,5.851720212452],[6.962328533593111,6.56137496135535,4.940192335326086,6.862862698282908,6.599823308009746,5.71535793975865,6.157067132522969,5.662794580485552,6.637481852701752,4.3017070098327558,7.43064821939418,6.38538367682578,5.72763746925192,5.3923589394357249,6.239782883121926,6.0222843400990169,6.83078559700595,5.324935188638206,4.620908248027808,5.280628155296432,5.878038894379755,5.001316790767416,4.9537886735558029,0.0,2.5347578712537679,0.729354251319138,0.46507261121905438,3.077778310012813,2.5707874218861055,2.3837836924584367,0.7708700902165705,0.7604120056607069,2.254761443143164,3.0173097102696087,0.5218841225520343,0.6924625923010541,0.4600416126603989,0.9945661123509675,0.6326187153574746,2.49655548818832,0.20991053817530595,1.4909103953093455,2.6327007954153247,1.6041194937079638,0.4448276594441307,2.3729325897801138,0.9815923934476238,3.1623981788362998,1.0727805826660045,4.100011165390527,1.5730434691003277,1.3297967793906294,3.320692841854369,2.995251401658712,0.5248053459610493,0.5866752558466509,1.4609334853154379,3.1700424646683449,2.395999529960755,3.2095674107736245,3.3170719273615094,1.4011214185274124,5.338568921449176,3.6428385588134728,3.9528742107388394,2.529123074824163,4.532933599206401,2.493483138402034,2.8259293011301658,1.1690182737841169,2.04451534156743,3.49032121104665,1.4046480378052216,2.0300260728313446,0.5959512855558292,2.417744815662057,1.7957533552273438,1.784238699884186,1.556074911634138,1.179693489256817,3.349835169782892,1.8731065766839493,1.3927433626111417,2.391455211554144,2.0536418313566546,2.0084520339088227,1.7016069266022665,1.4936974001021269,2.5650247328624058,1.258672