{"name":"DynamicObjectArray","generic":13,"parameters":{"array":[{"name":"MatrixSerializable","generic":11,"parameters":{"name":"distance_matrix_aa","value":[[0.0,0.9550303103835995,0.46382388235745417,0.4375781581420879,0.4015277847461514,0.7212799644810808,0.18114098717455585,0.29872436495313267,0.19674287750853423,0.37886289868152309,0.4627169363091976,0.34990327164619119,0.6549217427253037,0.7490346610663319,0.1566598461333655,0.046639360709470657,0.4290861888942717,0.2596265230288305,0.2225635562518852,0.7584526102755242,0.3212771053309833,0.2359880884168066,0.15461739651693705,3.0257431655176725,2.3933538981539108,3.0874062718244787,3.007284366568884,2.674929188093766,2.7761200132100236,2.476309508844726,2.7955728182790016,3.1407315535905555,2.557350716323047,2.294465581617656,2.813016183130257,3.0597660233633747,2.978146921818131,2.9427049957928936,3.113134024908323,2.5239749543726317,2.9385495133624977,3.088710376416808,2.2453680097110175,3.0175669665219466,2.8656368633624487,2.779973818619426,2.623050881624505,1.8955201725381175,2.598758527355878,1.227633070732868,2.3277129719497928,3.098587611848793,2.2682661101313368,1.6935988683760486,2.8068792576808958,3.1310426237552337,2.47258353926786,1.4485208526128515,2.022399005238099,2.0491677807371579,1.9717975096173184,2.549273752075776,1.4208694419239226,1.2891207156282969,1.6979587354847315,1.9388345684178652,1.5206143742816385,2.1076390214993618,1.7162539827938388,2.7716745171486667,2.443783142253107,1.7690809379741369,2.6363398847090719,2.4604328411519464,3.0572851055827496,1.309490674545547,2.6809441215294047,2.5355999504046999,2.719622304227576,2.6911641391829375,2.513891317561998,2.416204049988355,2.6868756347501545,1.8957925170917605,2.296489555335402,2.9601578771914465,2.520896207364749,2.6632653627960356,2.3817861479813136,2.7922282915863074,2.9937737774818617,2.8807755732573465],[0.9550303103835995,0.0,0.49120642802614558,0.5174521522415113,0.5535025256374485,0.23375034590251896,0.7738893232090438,0.6563059454304668,0.7582874328750654,0.5761674117020768,0.4923133740744021,0.6051270387374086,0.3001085676582956,0.20599564931726717,0.7983704642502335,1.0016696710930673,0.5259441214893277,0.6954037873547695,1.1775938666354844,0.19657770010807502,1.2763074157145829,0.7190422219667926,1.1096477069005376,2.3024118312783155,2.934801098642076,2.2407487249715074,2.3208706302271038,2.65322580870222,2.5520349835859639,2.8518454879512609,2.5325821785169855,2.187423443205436,2.7708042804729398,3.03368941517833,2.5151388136657299,2.104735712979775,2.3500080749778555,2.3854500010030939,2.158103714524717,2.804180042423355,2.3896054834334889,2.2394446203791786,3.0827869870849704,2.0625366561383458,2.462518133433538,2.548181178176561,2.705104115171482,2.8505504829217176,2.7293964694401096,2.1826633811164677,3.0004420248461947,2.143557301465197,3.059888886664649,2.6486291787596487,2.5212757391150917,2.1760123133716195,2.8555714575281274,2.403551162996451,2.977429315621699,3.004198091120757,2.9268278200009187,2.7788812447202115,2.375899752307522,2.2441510260118968,2.6529890458683309,2.893864878801465,2.475644684665238,3.0626693318829605,2.6712842931774385,1.8166442067650666,1.4887528318695074,0.8140506275905372,1.681309574325472,1.5054025307683468,2.1022547951991497,2.2645209849291469,1.725913811145805,1.5805696400211,1.764591993843976,2.6369908576130496,1.5588610071783987,1.4611737396047556,1.7318453243665544,0.9407622067081608,1.3414592449518026,2.0051275668078469,1.5658658969811493,1.7082350524124362,1.4267558375977139,1.8371979812027076,2.038743467098261,2.447379423538641],[0.46382388235745417,0.49120642802614558,0.0,0.02624572421536887,0.062296097611301167,0.25745608212362716,0.28268289518289865,0.1650995174043215,0.26708100484891947,0.0849609836759309,0.0011069460482374366,0.11392061071126263,0.19109786036785093,0.28521077870887825,0.3071640362240878,0.5104632430669215,0.03473769346318017,0.20419735932862435,0.6863874386093388,0.29462872791807018,0.7851009876884372,0.22783579394064769,0.6184412788743919,2.7936182593044607,2.857177780511364,2.7319551529976526,2.812077058253249,3.138753070451164,3.04324141161211,2.9401333912021787,3.023788606543131,2.678629871231581,3.0211745986805016,2.75828946397511,3.0063452416918756,2.5959421410059209,2.8412145030040008,2.876656429029239,2.649310142550862,2.9877988367300869,2.8808119114596346,2.7306510484053239,2.709191892068471,2.553743084164491,2.953724561459684,3.039387606202706,3.0868747639819578,2.3593440548955719,3.062582409713332,1.6914569530903224,2.791536854307247,2.634763729491343,2.7320899924887906,2.1574227507335026,3.012482167141237,2.6672187413977648,2.9364074216253139,1.9123447349703056,2.4862228875955529,2.512991663094612,2.4356213919747726,3.01309763443323,1.8846933242813767,1.7529445979857513,2.1617826178421857,2.402658450775319,1.9844382566390926,2.5714629038568157,2.1800778651512928,2.307850634791212,1.9799592598956529,1.3052570556166828,2.1725160023516176,1.9966089587944922,2.5934612232252949,1.7733145569030009,2.2171202391719504,2.0717760680472456,2.2557984218701216,3.128197285639189,2.0500674352045444,1.952380167630901,2.2230517523926998,1.4319686347343064,1.832665672977948,2.4963339948339926,2.0570723250072948,2.1994414804385817,1.9179622656238596,2.3284044092288527,2.5299498951244065,2.938585851564786],[0.4375781581420879,0.5174521522415113,0.02624572421536887,0.0,0.03605037339593419,0.28370180633899247,0.2564371709675313,0.13885379318895567,0.2408352806335535,0.05871525946056122,0.025138778167105369,0.0876748864958958,0.21734358458321685,0.31145650292424389,0.2809183120087217,0.48421751885155508,0.00849196924779636,0.17795163511325719,0.6601417143939724,0.3208744521334365,0.7588552634730709,0.20159006972528047,0.5921955546590255,2.819863983519827,2.8309320562959985,2.7582008772130197,2.838322782468616,3.1125073462358525,3.069487135827476,2.913887666986814,3.0500343307584956,2.7048755954469478,2.994928874465134,2.732043739759744,3.0325909659072418,2.6221878652212875,2.8674602272193678,2.902902153244606,2.6755558667662284,2.961553112514719,2.9070576356750008,2.7568967726206905,2.682946167853105,2.579988808379858,2.9799702856750507,3.0656333304180727,3.060629039766593,2.3330983306802057,3.036336685497965,1.6652112288749557,2.7652911300918809,2.6610094537067097,2.7058442682734249,2.1311770265181364,3.038727891356606,2.6934644656131314,2.910161697409947,1.8860990107549394,2.4599771633801867,2.486745938879246,2.4093756677594064,2.9868519102178645,1.8584476000660105,1.7266988737703848,2.135536893626819,2.376412726559953,1.9581925324237262,2.5452171796414495,2.1538321409359266,2.3340963590065786,2.006204984111019,1.331502779832049,2.1987617265669838,2.0228546830098588,2.619706947440661,1.7470688326876345,2.243365963387317,2.0980217922626118,2.282044146085488,3.128742297325029,2.0763131594199106,1.9786258918462674,2.2492974766080664,1.4582143589496726,1.8589113971933145,2.522579719049359,2.083318049222661,2.2256872046539479,1.9442079898392258,2.354650133444219,2.5561956193397736,2.9648315757801528],[0.4015277847461514,0.5535025256374485,0.062296097611301167,0.03605037339593419,0.0,0.3197521797349297,0.22038679757159608,0.10280341979301877,0.20478490723761659,0.02266488606463553,0.06118915156304435,0.05162451309995928,0.25339395797915278,0.3475068763201806,0.24486793861278578,0.4481671454556188,0.02755840414812472,0.1419012617173226,0.6240913409980361,0.35692482552937268,0.7228048900771344,0.16553969632934485,0.5561451812630891,2.855914356915763,2.794881682900062,2.7942512506089556,2.874373155864552,3.0764569728399167,3.105537509223412,2.877837293590877,3.086084704154433,2.740925968842884,2.958878501069198,2.6959933663638075,3.0686413393031777,2.6582382386172238,2.9035106006153037,2.938952526640542,2.711606240162165,2.9255027391187835,2.943108009070936,2.7929471460166268,2.6468957944571689,2.6160391817757939,3.0160206590709857,3.1016837038140054,3.024578666370655,2.297047957284269,3.0002863121020284,1.6291608554790194,2.729240756695944,2.697059827102646,2.669793894877488,2.0951266531222,3.07477826475254,2.7295148390090677,2.874111324014011,1.8500486373590029,2.42392678998425,2.4506955654833098,2.37332529436347,2.950801536821927,1.8223972266700739,1.6906485003744485,2.0994865202308827,2.3403623531640167,1.9221421590277897,2.5091668062455128,2.11778176753999,2.3701467324025149,2.0422553575069557,1.3675531532279855,2.23481209996292,2.058905056405795,2.655757320836597,1.7110184592916982,2.279416336783253,2.134072165658548,2.3180945194814246,3.092691923929085,2.1123635328158469,2.014676265242204,2.2853478500040027,1.494264732345609,1.8949617705892508,2.5586300924452956,2.119368422618597,2.2617375780498847,1.980258363235162,2.3907005068401556,2.5922459927357095,3.000881949176089],[0.7212799644810808,0.23375034590251896,0.25745608212362716,0.28370180633899247,0.3197521797349297,0.0,0.5401389773065252,0.4225555995279485,0.5245370869725465,0.34241706579955807,0.2585630281718834,0.37137669283488997,0.06635822175577462,0.027754696585253457,0.5646201183477145,0.7679193251905485,0.29219377558680867,0.4616534414522509,0.9438435207329655,0.037172645794443289,1.042557069812064,0.4852918760642739,0.8758973609980186,2.536162177180834,3.1146338626349889,2.474499070874026,2.5546209761296225,2.8869761546047387,2.785785329488482,3.0855958338537787,2.766332524419504,2.4211737891079547,3.004554626375458,3.015745546098736,2.748889159568249,2.338486058882294,2.583758420880374,2.619200346905612,2.3918540604272358,3.0379303883258754,2.6233558293360077,2.4731949662816978,2.9666479741920979,2.2962870020408649,2.696268479336057,2.78193152407908,2.9388544610740015,2.6168001370191988,2.963146815342627,1.9489130352139488,3.048992936430873,2.377307647367716,2.989546074612417,2.4148788328571295,2.7550260850176104,2.409762659274138,3.089321803430649,2.1698008170939326,2.7436789697191799,2.7704477452182387,2.6930774740983995,3.0126315906227307,2.1421494064050035,2.010400680109378,2.419238699965812,2.660114532898946,2.241894338762719,2.8289189859804426,2.4375339472749197,2.0503945526675855,1.722503177772026,1.0478009734930558,1.9150599202279908,1.7391528766708655,2.3360051411016684,2.0307706390266277,1.9596641570483236,1.8143199859236188,1.998342339746495,2.8707412035155688,1.7926113530809174,1.6949240855072743,1.9655956702690732,1.1745125526106795,1.5752095908543214,2.2388779127103657,1.799616242883668,1.9419853983149549,1.6605061835002327,2.070948327105226,2.27249381300078,2.6811297694411597],[0.18114098717455585,0.7738893232090438,0.28268289518289865,0.2564371709675313,0.22038679757159608,0.5401389773065252,0.0,0.11758337777857701,0.015601890333978993,0.1977219115069673,0.28157594913464187,0.16876228447163517,0.4737807555507479,0.5678936738917759,0.024481141041191643,0.22778034788402308,0.24794520171971619,0.07848553585427387,0.4037045434264407,0.5773116231009683,0.5024180925055392,0.0548471012422525,0.33575838369149366,3.0763011544873586,2.5744948853284668,3.0146380481805505,3.0947599534361456,2.856070175268322,2.95726100038458,2.657450496019282,2.976713805453557,2.96131276641448,2.7384917034976037,2.475606568792212,2.9941571703048126,2.878625036188819,3.1238973981868924,3.123845982967445,2.931993037733761,2.7051159415471877,3.119690500537053,3.0133339435882227,2.426508996885573,2.8364259793473898,3.046777850537003,2.9611148057939826,2.8041918687990607,2.0766611597126736,2.7798995145304339,1.408774057907424,2.5088539591243488,2.91744662467424,2.4494070973058927,1.8747398555506044,2.9880202448554518,2.949901636580664,2.6537245264424156,1.6296618397874075,2.2035399924126546,2.2303087679117139,2.152938496791874,2.730414739250331,1.6020104290984785,1.470261702802853,1.8790997226592874,2.119975555592421,1.7017553614561943,2.288780008673917,1.8973949699683948,2.5905335299741107,2.262642155078551,1.5879399507995809,2.455198897534516,2.2792918539773905,2.8761441184081937,1.4906316617201028,2.4998031343548487,2.3544589632301435,2.53848131705302,2.8723051263574934,2.332750330387442,2.2350630628137995,2.5057346475755986,1.7146515299172045,2.115348568160846,2.779016890016891,2.339755220190193,2.48212437562148,2.2006451608067576,2.611087304411751,2.8126327903073049,3.061916560431901],[0.29872436495313267,0.6563059454304668,0.1650995174043215,0.13885379318895567,0.10280341979301877,0.4225555995279485,0.11758337777857701,0.0,0.10198148744459784,0.08013853372839104,0.16399257135606502,0.05117890669305868,0.35619737777217105,0.45031029611319919,0.14206451881976665,0.34536372566260006,0.13036182394113839,0.03909784192430285,0.5212879212050176,0.4597282453223913,0.6200014702841157,0.06273627653632333,0.4533417614700707,2.958717776708783,2.6920782631070439,2.8970546704019739,2.9771765756575698,2.9736535530468979,3.0748443781631566,2.7750338737978588,3.0942971832321319,2.843729388635903,2.8560750812761799,2.5931899465707888,3.1117405480833866,2.7610416584102426,3.006314020408322,3.04175594643356,2.8144096599551839,2.8226993193257647,3.0459114288639554,2.8957505658096456,2.54409237466415,2.7188426015688127,3.1188240788640044,3.0786981835725575,2.9217752465776378,2.1942445374912507,2.897482892309011,1.5263574356860006,2.6264373369029254,2.7998632468956647,2.566990475084469,1.9923232333291812,3.1056036226340284,2.8323182588020865,2.7713079042209927,1.7472452175659843,2.3211233701912317,2.347892145690291,2.270521874570451,2.8479981170289085,1.7195938068770554,1.5878450805814298,1.996683100437864,2.2375589333709979,1.819338739234771,2.4063633864524944,2.0149783477469715,2.4729501521955337,2.1450587772999745,1.470356573021004,2.3376155197559389,2.1617084761988138,2.7585607406296166,1.6082150394986797,2.3822197565762717,2.2368755854515669,2.420897939274443,2.9898885041360705,2.2151669526088657,2.117479685035222,2.3881512697970215,1.5970681521386277,1.9977651903822696,2.661433512238314,2.222171842411616,2.3645409978429035,2.083061783028181,2.493503926633174,2.695049412528728,3.103685368969111],[0.19674287750853423,0.7582874328750654,0.26708100484891947,0.2408352806335535,0.20478490723761659,0.5245370869725465,0.015601890333978993,0.10198148744459784,0.0,0.18212002117298896,0.26597405880066329,0.15316039413765593,0.4581788652167697,0.5522917835577977,0.040083031375167169,0.2433822382180021,0.2323433113857383,0.06288364552029484,0.419306433760419,0.5617097327669899,0.5180199828395177,0.039245210908271949,0.3513602740254718,3.060699264153382,2.590096775662445,2.9990361578465727,3.0791580631021686,2.871672065602301,2.972862890718559,2.6730523863532604,2.9923156957875345,2.945710876080501,2.7540935938315815,2.4912084591261904,3.0097590606387909,2.8630231458548405,3.108295507852921,3.139447873301392,2.9163911473997827,2.720717831881166,3.1352923908710008,2.9977320532542435,2.4421108872195518,2.8208240890134115,3.062379740870982,2.9767166961279605,2.819793759133039,2.0922630500466519,2.7955014048644126,1.4243759482414023,2.5244558494583266,2.901844734340262,2.465008987639871,1.8903417458845827,3.0036221351894305,2.934299746246684,2.669326416776394,1.6452637301213858,2.219141882746633,2.245910658245692,2.168540387125853,2.7460166295843098,1.6176123194324568,1.4858635931368314,1.8947016129932657,2.1355774459263996,1.7173572517901728,2.3043818990078956,1.912996860302373,2.574931639640132,2.2470402647445728,1.5723380604656026,2.439597007200537,2.263689963643412,2.8605422280742145,1.506233552054081,2.48420124402087,2.338857072896165,2.5228794267190417,2.887907016691472,2.317148440053464,2.2194611724798207,2.4901327572416198,1.6990496395832263,2.099746677826868,2.7634149996829127,2.3241533298562144,2.4665224852875018,2.185043270472779,2.5954854140777727,2.7970308999733266,3.07751845076588],[0.37886289868152309,0.5761674117020768,0.0849609836759309,0.05871525946056122,0.02266488606463553,0.34241706579955807,0.1977219115069673,0.08013853372839104,0.18212002117298896,0.0,0.08385403762767657,0.028959627035331734,0.2760588440437816,0.37017176238480939,0.2222030525481574,0.4255022593909906,0.05022329021274763,0.11923637565269281,0.6014264549334076,0.37958971159400076,0.7001400040125059,0.1428748102647163,0.5334802951984606,2.8785792429803918,2.7722167968354336,2.816916136673584,2.8970380419291805,3.0537920867752899,3.1282023952880406,2.8551724075262485,3.108749590219062,2.763590854907512,2.93621361500457,2.673328480299179,3.0913062253678067,2.6809031246818519,2.926175486679932,2.96161741270517,2.7342711262267938,2.9028378530541549,2.9657728951355657,2.8156120320812549,2.62423090839254,2.6387040678404225,3.0386855451356156,3.124348589878627,3.0019137803060285,2.2743830712196404,2.977621426037401,1.606495969414391,2.7065758706313156,2.719724713167274,2.6471290088128596,2.0724617670575715,3.097443150817171,2.7521797250736959,2.8514464379493824,1.8273837512943745,2.4012619039196219,2.428030679418681,2.3506604082988415,2.928136650757298,1.7997323406054454,1.66798361430982,2.0768216341662546,2.317697467099388,1.8994772729631613,2.4865019201808846,2.0951168814753617,2.3928116184671435,2.064920243571584,1.3902180392926138,2.2574769860275487,2.0815699424704237,2.6784222069012264,1.6883535732270699,2.3020812228478819,2.1567370517231767,2.340759405546053,3.0700270378644616,2.1350284188804755,2.037341151306832,2.308012736068631,1.5169296184102375,1.9176266566538794,2.5812949785099237,2.1420333086832259,2.2844024641145128,2.0029232492997908,2.413365392904784,2.6149108788003376,3.0235468352407168],[0.4627169363091976,0.4923133740744021,0.0011069460482374366,0.025138778167105369,0.06118915156304435,0.2585630281718834,0.28157594913464187,0.16399257135606502,0.26597405880066329,0.08385403762767657,0.0,0.11281366466300681,0.19220480641610597,0.2863177247571341,0.3060570901758313,0.5093562970186649,0.03363074741491831,0.20309041328036712,0.6852804925610824,0.295735673966326,0.7839940416401805,0.22672884789239068,0.6173343328261353,2.7947252053527178,2.8560708344631084,2.733062099045909,2.813184004301506,3.137646124402919,3.0443483576603684,2.9390264451539238,3.024895552591388,2.679736817279838,3.020067652632245,2.7571825179268538,3.007452187740132,2.5970490870541775,2.8423214490522574,2.8777633750774966,2.6504170885991189,2.98669189068183,2.881918857507891,2.731757994453581,2.708084946020215,2.554850030212748,2.9548315075079407,3.040494552250964,3.0857678179337038,2.358237108847315,3.0614754636650765,1.6903500070420657,2.7904299082589909,2.6358706755395997,2.7309830464405344,2.156315804685246,3.013589113189495,2.6683256874460219,2.9353004755770586,1.911237788922049,2.4851159415472967,2.511884717046356,2.4345144459265164,3.0119906883849736,1.8835863782331202,1.7518376519374948,2.160675671793929,2.401551504727063,1.983331310590836,2.5703559578085595,2.1789709191030366,2.3089575808394686,1.9810662059439095,1.3063640016649392,2.1736229483998739,1.9977159048427487,2.5945681692735516,1.7722076108547445,2.218227185220207,2.072883014095502,2.256905367918378,3.1293042316874546,2.0511743812528007,1.9534871136791577,2.2241586984409569,1.4330755807825629,1.8337726190262048,2.497440940882249,2.058179271055551,2.2005484264868384,1.919069211672116,2.3295113552771098,2.531056841172663,2.9396927976130424],[0.34990327164619119,0.6051270387374086,0.11392061071126263,0.0876748864958958,0.05162451309995928,0.37137669283488997,0.16876228447163517,0.05117890669305868,0.15316039413765593,0.028959627035331734,0.11281366466300681,0.0,0.3050184710791128,0.39913138942014089,0.1932434255128248,0.39654263235565825,0.07918291724808194,0.09027674861735977,0.5724668278980757,0.408549338629333,0.6711803769771741,0.1139151832293846,0.5045206681631287,2.907538870015723,2.743257169800102,2.8458757637089158,2.925997668964512,3.0248324597399569,3.1260232848562148,2.826212780490917,3.1377092172544085,2.792550481942844,2.907253987969238,2.644368853263847,3.120265852403133,2.7098627517171844,2.9551351137152639,2.990577039740503,2.763230753262125,2.8738782260188229,2.9947325221708964,2.8445716591165874,2.5952712813572087,2.6676636948757546,3.0676451721709485,3.129877090265625,2.972954153270696,2.2454234441843088,2.9486617990020687,1.5775363423790592,2.6776162435959836,2.748684340202606,2.618169381777528,2.0435021400222399,3.1264027778524987,2.781139352109028,2.822486810914051,1.7984241242590427,2.3723022768842898,2.399071052383349,2.3217007812635095,2.8991770237219676,1.7707727135701135,1.639023987274488,2.0478620071309225,2.2887378400640565,1.8705176459278295,2.457542293145553,2.06615725444003,2.4217712455024755,2.0938798706069159,1.4191776663279459,2.2864366130628808,2.1105295695057557,2.707381833936558,1.659393946191738,2.3310408498832135,2.1856966787585088,2.3697190325813848,3.041067410829129,2.1639880459158076,2.066300778342164,2.3369723631039629,1.5458892454455693,1.9465862836892112,2.6102546055452557,2.170992935718558,2.3133620911498449,2.0318828763351228,2.442325019940116,2.64387050583567,3.0525064622760498],[0.6549217427253037,0.3001085676582956,0.19109786036785093,0.21734358458321685,0.25339395797915278,0.06635822175577462,0.4737807555507479,0.35619737777217105,0.4581788652167697,0.2760588440437816,0.19220480641610597,0.3050184710791128,0.0,0.09411291834102956,0.4982618965919376,0.7015611034347715,0.22583555383103158,0.3952952196964736,0.8774852989771884,0.10353086755022001,0.9761988480562869,0.41893365430849657,0.8095391392422415,2.602520398936611,3.048275640879214,2.540857292629803,2.6209791978854,2.9533343763605166,2.85214355124426,3.1312312515700277,2.832690746175281,2.487532010863732,3.070912848131234,2.9493873243429609,2.8152473813240257,2.4048442806380709,2.650116642636151,2.6855585686613896,2.458212282183013,3.1042886100816498,2.6897140510917847,2.539553188037474,2.900289752436321,2.3626452237966419,2.7626267010918346,2.848289745834856,3.005212682829778,2.5504419152634218,3.0295050370984049,1.8825548134581718,2.982634714675096,2.443665869123493,2.9231878528566406,2.348520611101352,2.8213843067733879,2.476120881029915,3.127505281993167,2.1034425953381556,2.6773207479634024,2.704089523462462,2.6267192523426226,3.078989812378508,2.0757911846492265,1.9440424583536007,2.352880478210035,2.593756311143169,2.175536117006942,2.7625607642246656,2.3711757255191427,2.1167527744233625,1.7888613995278034,1.114159195248833,1.9814181419837678,1.8055110984266425,2.4023633628574454,1.9644124172708506,2.0260223788041009,1.8806782076793958,2.064700561502272,2.937099425271345,1.8589695748366946,1.7612823072630513,2.03195389202485,1.2408707743664567,1.6415678126100984,2.305236134466143,1.865974464639445,2.008343620070732,1.7268644052560099,2.137306548861003,2.3388520347565575,2.747487991196936],[0.7490346610663319,0.20599564931726717,0.28521077870887825,0.31145650292424389,0.3475068763201806,0.027754696585253457,0.5678936738917759,0.45031029611319919,0.5522917835577977,0.37017176238480939,0.2863177247571341,0.39913138942014089,0.09411291834102956,0.0,0.5923748149329656,0.7956740217757996,0.31994847217206,0.4894081380375018,0.9715982173182166,0.00941794920919666,1.070311766397315,0.5130465726495249,0.9036520575832696,2.508407480595583,3.1407967479593088,2.446744374288775,2.5268662795443714,2.859221458019488,2.7580306329032315,3.057841137268529,2.738577827834253,2.3934190925227036,2.9767999297902065,3.043500242683988,2.721134462982998,2.3107313622970429,2.556003724295123,2.5914456503203615,2.3640993638419847,3.0101756917406226,2.595601132750756,2.4454402696964467,2.9944026707773485,2.2685323054556134,2.6685137827508056,2.7541768274938289,2.91109976448875,2.6445548336044495,2.935392118757376,1.9766677317991999,3.076747633016123,2.349552950782465,3.017300771197668,2.4426335294423806,2.7272713884323598,2.3820079626888877,3.061567106845395,2.197555513679183,2.77143366630443,2.79820244180349,2.72083217068365,2.984876894037478,2.1699041029902546,2.038155376694629,2.446993396551063,2.6878692294841968,2.2696490353479707,2.8566736825656937,2.4652886438601708,2.022639856082334,1.6947484811867753,1.020046276907805,1.8873052236427397,1.7113981800856145,2.3082504445164169,2.0585253356118788,1.9319094604630727,1.7865652893383677,1.9705876431612437,2.8429865069303168,1.7648566564956663,1.6671693889220232,1.937840973683822,1.1467578560254286,1.5474548942690703,2.2111232161251146,1.7718615462984169,1.914230701729704,1.6327514869149818,2.043193630519975,2.244739116415529,2.6533750728559086],[0.1566598461333655,0.7983704642502335,0.3071640362240878,0.2809183120087217,0.24486793861278578,0.5646201183477145,0.024481141041191643,0.14206451881976665,0.040083031375167169,0.2222030525481574,0.3060570901758313,0.1932434255128248,0.4982618965919376,0.5923748149329656,0.0,0.20329920684283343,0.2724263427609053,0.10296667689546339,0.3792234023852509,0.601792764142158,0.47793695146434886,0.07932824228344193,0.31127724265030379,3.1007822955285526,2.5500137442872767,3.03911918922174,3.119241094477338,2.8315890342271325,2.93277985934339,2.632969354978092,2.9522326644123675,2.9857939074556696,2.7140105624564136,2.451125427751022,2.9696760292636226,2.903106177230009,3.1348067679515156,3.099364841926257,2.95647417877495,2.6806348005059985,3.0952093594958618,3.037815084629412,2.4020278558443834,2.860907120388579,3.0222967094958137,2.936633664752793,2.7797107277578707,2.052180018671484,2.755418373489244,1.3842929168662342,2.4843728180831587,2.941927765715431,2.424925956264703,1.8502587145094145,2.9635391038142617,2.9743827776218536,2.629243385401226,1.6051806987462177,2.179058851371465,2.205827626870524,2.1284573557506847,2.7059335982091414,1.5775292880572887,1.445780561761663,1.8546185816180974,2.095494414551231,1.6772742204150045,2.2642988676327278,1.8729138289272048,2.6150146710153,2.287123296119741,1.6124210918407707,2.4796800385757056,2.3037729950185805,2.900625259449383,1.466150520678913,2.5242842753960388,2.3789401042713336,2.56296245809421,2.8478239853163038,2.357231471428632,2.259544203854989,2.530215788616788,1.7391326709583944,2.139829709202036,2.8034980310580805,2.3642363612313828,2.5066055166626697,2.2251263018479476,2.635568445452941,2.8371139313484949,3.0374354193907115],[0.046639360709470657,1.0016696710930673,0.5104632430669215,0.48421751885155508,0.4481671454556188,0.7679193251905485,0.22778034788402308,0.34536372566260006,0.2433822382180021,0.4255022593909906,0.5093562970186649,0.39654263235565825,0.7015611034347715,0.7956740217757996,0.20329920684283343,0.0,0.47572554960373905,0.30626588373829807,0.17592419554241685,0.8050919709849916,0.27463774462151538,0.2826274491262744,0.1079780358074696,2.9791038048082045,2.346714537444443,3.0407669111150126,2.9606450058594149,2.6282898273842987,2.729480652500556,2.429670148135258,2.748933457569534,3.094092192881083,2.5107113556135798,2.2478262209081887,2.7663768224207896,3.1064053840728449,2.9315075611086649,2.8960656350834257,3.123411921561801,2.477335593663164,2.8919101526530315,3.0420710157073409,2.19872864900155,3.064206327231414,2.8189975026529816,2.733334457909958,2.576411520915037,1.84888081182865,2.5521191666464104,1.1809937100234003,2.281073611240325,3.1379583346213018,2.221626749421869,1.6469595076665809,2.760239896971428,3.105503322714902,2.4259441785583926,1.4018814919033838,1.9757596445286312,2.0025284200276904,1.9251581489078509,2.502634391366308,1.3742300812144548,1.2424813549188294,1.6513193747752638,1.8921952077083975,1.4739750135721708,2.0609996607898939,1.6696146220843713,2.818313877858133,2.4904225029625746,1.8157202986836046,2.6829792454185394,2.5070722018614139,3.103924466292214,1.262851313836079,2.7275834822388727,2.582239311114167,2.7662616649370435,2.64452477847347,2.560530678271466,2.4628434106978229,2.7335149954596225,1.942431877801228,2.34312891604487,3.0067972379009149,2.567535568074216,2.709904723505504,2.4284255086907815,2.8388676522957749,3.0404131381913279,2.8341362125478786],[0.4290861888942717,0.5259441214893277,0.03473769346318017,0.00849196924779636,0.02755840414812472,0.29219377558680867,0.24794520171971619,0.13036182394113839,0.2323433113857383,0.05022329021274763,0.03363074741491831,0.07918291724808194,0.22583555383103158,0.31994847217206,0.2724263427609053,0.47572554960373905,0.0,0.1694596658654417,0.6516497451461567,0.32936642138125246,0.750363294225255,0.19309810047746527,0.5837035854112095,2.8283559527676429,2.8224400870481829,2.7666928464608349,2.846814751716431,3.1040153769880338,3.0779791050752904,2.905395697738998,3.058526300006314,2.7133675646947639,2.98643690521732,2.723551770511928,3.0410829351550574,2.630679834469103,2.875952196467183,2.911394122492421,2.6840478360140445,2.953061143266904,2.9155496049228164,2.7653887418685065,2.6744541986052896,2.588480777627674,2.988462254922866,3.07412529966589,3.052137070518777,2.3246063614323897,3.0278447162501505,1.6567192596271399,2.7567991608440649,2.669501422954525,2.697352299025609,2.12268505727032,3.0472198606044218,2.7019564348609479,2.9016697281621317,1.8776070415071236,2.451485194132371,2.47825396963143,2.4008836985115904,2.978359940970048,1.8499556308181946,1.718206904522569,2.1270449243790034,2.3679207573121374,1.9497005631759104,2.5367252103936335,2.145340171688111,2.3425883282543946,2.0146969533588354,1.339994749079865,2.2072536958147999,2.031346652257674,2.628198916688477,1.7385768634398187,2.2518579326351326,2.1065137615104279,2.290536115333304,3.1202503280772078,2.0848051286677267,1.9871178610940832,2.2577894458558824,1.4667063281974886,1.8674033664411303,2.5310716882971748,2.091810018470477,2.234179173901764,1.9526999590870416,2.363142102692035,2.564687588587589,2.9733235450279689],[0.2596265230288305,0.6954037873547695,0.20419735932862435,0.17795163511325719,0.1419012617173226,0.4616534414522509,0.07848553585427387,0.03909784192430285,0.06288364552029484,0.11923637565269281,0.20309041328036712,0.09027674861735977,0.3952952196964736,0.4894081380375018,0.10296667689546339,0.30626588373829807,0.1694596658654417,0.0,0.48219007928071519,0.49882608724669399,0.580903628359813,0.02363843461202387,0.41424391954576786,2.997815618633085,2.6529804211827407,2.936152512326276,3.0162744175818716,2.9345557111225966,3.035746536238853,2.735936031873556,3.0551993413078288,2.882827230560205,2.8169772393518777,2.5540921046464866,3.072642706159087,2.8001395003345448,3.045411862332623,3.0808537883578626,2.853507501879486,2.783601477401462,3.0850092707882554,2.9348484077339478,2.5049945327398475,2.757940443493115,3.1252633863912719,3.039600341648256,2.8826774046533356,2.155146695566948,2.8583850503847088,1.4872595937616982,2.5873394949786228,2.8389610888199674,2.527892633160167,1.9532253914048786,3.066505780709726,2.871416100726389,2.73221006229669,1.7081473756416817,2.282025528266929,2.308794303765988,2.2314240326461487,2.8089002751046059,1.6804959649527527,1.548747238657127,1.9575852585135616,2.198461091446695,1.7802408973104685,2.3672655445281918,1.975880505822669,2.5120479941198359,2.184156619224277,1.5094544149453067,2.3767133616802416,2.200806318123116,2.7976585825539188,1.569117197574377,2.421317598500574,2.27597342737587,2.4599957811987456,2.950790662211768,2.254264794533168,2.156577526959525,2.427249111721324,1.6361659940629303,2.036863032306572,2.7005313541626165,2.2612696843359187,2.4036388397672057,2.1221596249524836,2.5326017685574766,2.7341472544530309,3.140402096286203],[0.2225635562518852,1.1775938666354844,0.6863874386093388,0.6601417143939724,0.6240913409980361,0.9438435207329655,0.4037045434264407,0.5212879212050176,0.419306433760419,0.6014264549334076,0.6852804925610824,0.5724668278980757,0.8774852989771884,0.9715982173182166,0.3792234023852509,0.17592419554241685,0.6516497451461567,0.48219007928071519,0.0,0.9810161665274089,0.09871354907909909,0.4585516446686918,0.06794615973494635,2.8031796092657879,2.1707903419020257,2.864842715572595,2.784720810316998,2.452365631841882,2.553556456958139,2.2537459525928416,2.5730092620271169,2.9181679973386656,2.334787160071163,2.0719020253657716,2.5904526268783725,3.000855727564327,2.7555833655662469,2.7201414395410086,2.9474877260193854,2.301411398120747,2.7159859571106139,2.8661468201649238,2.0228044534591329,3.043054784405754,2.6430733071105645,2.557410262367541,2.40048732537262,1.6729566162862329,2.376194971103993,1.0050695144809836,2.105149415697908,2.962034139078904,2.045702553879452,1.471035312124164,2.5843157014290107,2.9295791271724824,2.2500199830159754,1.2259572963609669,1.799835448986214,1.8266042244852732,1.7492339533654338,2.3267101958238909,1.1983058856720379,1.0665571593764125,1.4753951792328469,1.7162710121659806,1.2980508180297537,1.8850754652474769,1.4936904265419542,2.994238073400551,2.6663466985049917,1.9916444942260215,2.8589034409609557,2.682996397403831,3.0033366453449519,1.0869271182936622,2.903507677781289,2.758163506656584,2.9421858604794606,2.4686005829310528,2.7364548738138829,2.6387676062402396,2.909439191002039,2.118356073343645,2.519053111587287,3.100463873736255,2.7434597636166337,2.88582891904792,2.604349704233198,3.0147918478381898,3.0668479734458389,2.6582120170054615],[0.7584526102755242,0.19657770010807502,0.29462872791807018,0.3208744521334365,0.35692482552937268,0.037172645794443289,0.5773116231009683,0.4597282453223913,0.5617097327669899,0.37958971159400076,0.295735673966326,0.408549338629333,0.10353086755022001,0.00941794920919666,0.601792764142158,0.8050919709849916,0.32936642138125246,0.49882608724669399,0.9810161665274089,0.0,1.0797297156065074,0.5224645218587171,0.9130700067924619,2.498989531386391,3.131378798750142,2.4373264250795829,2.517448330335179,2.8498035088102959,2.748612683694039,3.048423188059336,2.729159878625061,2.3840011433135115,2.967381980581015,3.0529181918931806,2.7117165137738059,2.3013134130878507,2.546585775085931,2.582027701111169,2.3546814146327925,3.000757742531432,2.586183183541564,2.436022320487254,3.003820619986541,2.2591143562464217,2.6590958335416139,2.7447588782846368,2.901681815279557,2.6539727828136416,2.925974169548184,1.9860856810083923,3.0861655822253177,2.3401350015732729,3.026718720406861,2.4520514786515728,2.7178534392231676,2.372590013479695,3.052149157636202,2.2069734628883759,2.7808516155136235,2.8076203910126824,2.730250119892843,2.9754589448282866,2.179322052199447,2.047573325903821,2.4564113457602558,2.6972871786933898,2.2790669845571629,2.866091631774885,2.4747065930693634,2.013221906873142,1.6853305319775829,1.0106283276986126,1.8778872744335474,1.701980230876422,2.2988324953072247,2.0679432848210714,1.9224915112538804,1.7771473401291756,1.9611696939520516,2.833568557721125,1.755438707286474,1.657751439712831,1.9284230244746299,1.1373399068162363,1.538036945059878,2.2017052669159224,1.7624435970892246,1.9048127525205117,1.6233335377057894,2.033775681310783,2.2353211672063368,2.6439571236467165],[0.3212771053309833,1.2763074157145829,0.7851009876884372,0.7588552634730709,0.7228048900771344,1.042557069812064,0.5024180925055392,0.6200014702841157,0.5180199828395177,0.7001400040125059,0.7839940416401805,0.6711803769771741,0.9761988480562869,1.070311766397315,0.47793695146434886,0.27463774462151538,0.750363294225255,0.580903628359813,0.09871354907909909,1.0797297156065074,0.0,0.5572651937477899,0.16665970881404638,2.7044660601866887,2.0720767928229275,2.766129166493496,2.6860072612379004,2.353652082762783,2.45484290787904,2.1550324035137429,2.4742957129480187,2.819454448259567,2.2360736109920644,1.9731884762866732,2.4917390777992738,2.902142178485229,2.656869816487148,2.62142789046191,2.8487741769402867,2.2026978490416488,2.617272408031515,2.767433271085825,1.924090904380034,2.9443412353266575,2.544359758031465,2.4586967132884429,2.3017737762935219,1.5742430672071344,2.277481422024895,0.9063559654018848,2.0064358666188095,2.8633205899998059,1.9469890048003536,1.3723217630450653,2.4856021523499125,2.830865578093384,2.1513064339368768,1.1272437472818684,1.7011218999071157,1.7278906754061748,1.6505204042863353,2.2279966467447926,1.0995923365929395,0.9678436102973138,1.3766816301537482,1.6175574630868819,1.1993372689506555,1.7863619161683784,1.3949768774628555,3.092951622479649,2.76506024758409,2.09035804330512,2.9576169900400548,2.781709946482929,2.9046230962658545,0.9882135692145637,3.002221226860387,2.8568770557356828,3.0408994095585597,2.3698870338519546,2.835168422892982,2.737481155319338,3.008152740081137,2.2170696224227437,2.617766660666385,3.001750324657156,2.842173312695732,2.984542468127019,2.7030632533122969,3.113505396917287,2.9681344243667429,2.559498467926363],[0.2359880884168066,0.7190422219667926,0.22783579394064769,0.20159006972528047,0.16553969632934485,0.4852918760642739,0.0548471012422525,0.06273627653632333,0.039245210908271949,0.1428748102647163,0.22672884789239068,0.1139151832293846,0.41893365430849657,0.5130465726495249,0.07932824228344193,0.2826274491262744,0.19309810047746527,0.02363843461202387,0.4585516446686918,0.5224645218587171,0.5572651937477899,0.0,0.3906054849337446,3.0214540532451088,2.6293419865707174,2.9597909469382999,3.0399128521938967,2.9109172765105737,3.0121081016268307,2.7122975972615328,3.031560906695807,2.906465665172229,2.793338804739854,2.5304536700344628,3.0490042715470619,2.823777934946568,3.0690502969446484,3.1044922229698845,2.8771459364915095,2.7599630427894388,3.108647705400281,2.958486842345972,2.481356098127824,2.7815788781051387,3.1016249517792575,3.015961907036232,2.8590389700413114,2.1315082609549247,2.8347466157726846,1.4636211591496749,2.5637010603665999,2.8625995234319898,2.5042541985481434,1.9295869567928555,3.0428673460977029,2.8950545353384129,2.708571627684667,1.6845089410296584,2.2583870936549057,2.285155869153965,2.207785598034125,2.7852618404925826,1.6568575303407294,1.525108804045104,1.9339468239015383,2.1748226568346724,1.7566024626984454,2.3436271099161685,1.9522420712106457,2.5356864287318596,2.2077950538363004,1.53309284955733,2.4003517962922649,2.224444752735139,2.821297017165942,1.5454787629623537,2.4449560331125976,2.2996118619878929,2.4836342158107689,2.927152227599745,2.2779032291451917,2.180215961571548,2.4508875463333474,1.6598044286749537,2.0605014669185954,2.7241697887746398,2.284908118947942,2.427277274379229,2.1457980595645069,2.5562402031695,2.757785689065054,3.1167636616741549],[0.15461739651693705,1.1096477069005376,0.6184412788743919,0.5921955546590255,0.5561451812630891,0.8758973609980186,0.33575838369149366,0.4533417614700707,0.3513602740254718,0.5334802951984606,0.6173343328261353,0.5045206681631287,0.8095391392422415,0.9036520575832696,0.31127724265030379,0.1079780358074696,0.5837035854112095,0.41424391954576786,0.06794615973494635,0.9130700067924619,0.16665970881404638,0.3906054849337446,0.0,2.871125769000734,2.2387365016369729,2.932788875307541,2.852666970051945,2.5203117915768287,2.621502616693085,2.3216921123277887,2.6409554217620636,2.9861141570736127,2.4027333198061098,2.1398481851007187,2.658398786613319,3.068801887299274,2.823529525301194,2.7880875992759557,3.0154338857543334,2.369357557855694,2.78393211684556,2.93409297989987,2.0907506131940796,3.1110009441407,2.711019466845511,2.625356422102488,2.4684334851075668,1.7409027760211798,2.4441411308389404,1.0730156742159303,2.1730955754328549,3.0299802988138526,2.113648713614399,1.5389814718591109,2.6522618611639579,2.99752528690743,2.317966142750922,1.2939034560959138,1.867781608721161,1.8945503842202203,1.8171801131003807,2.394656355558838,1.2662520454069848,1.1345033191113592,1.5433413389677937,1.7842171719009273,1.3659969777647006,1.9530216249824238,1.561636586276901,2.926291913665604,2.5984005387700446,1.9236983344910746,2.7909572812260099,2.6150502376688844,3.0712828050799008,1.1548732780286093,2.835561518046342,2.6902173469216379,2.8742397007445139,2.5365467426659999,2.668508714078936,2.5708214465052929,2.8414930312670925,2.050409913608698,2.45110695185234,3.1147752737083844,2.6755136038816866,2.8178827593129736,2.5364035444982515,2.9468456881032449,3.1347941331807904,2.7261581767404086],[3.0257431655176725,2.3024118312783155,2.7936182593044607,2.819863983519827,2.855914356915763,2.536162177180834,3.0763011544873586,2.958717776708783,3.060699264153382,2.8785792429803918,2.7947252053527178,2.907538870015723,2.602520398936611,2.508407480595583,3.1007822955285526,2.9791038048082045,2.8283559527676429,2.997815618633085,2.8031796092657879,2.498989531386391,2.7044660601866887,3.0