{"name":"DynamicObjectArray","generic":13,"parameters":{"array":[{"name":"MatrixSerializable","generic":11,"parameters":{"name":"distance_matrix_aa","value":[[0.0,0.0,0.0,0.0,0.0,0.0,0.0,0.0,0.0,0.0,0.0,0.0,0.0,0.0,0.0,0.0,0.0,0.0,0.0,0.0,0.0,0.0,0.0,0.0,5.444235070580529,0.0,0.0,5.590998622016004,5.377650092120989,5.413934604984574,8.289697920742178,0.0,5.382909910773568,5.604913063903352,0.0,0.0,0.0,8.877497265740402,0.0,5.452685035438093,0.0,0.0,5.404821112918902,0.0,0.0,5.348248858147914,0.0,5.339247204418005,0.0,0.0,9.873815092166512,0.0,5.74423748242029,6.190623142654856,0.0,0.0,5.71011755969309,0.0,5.62104970873563,5.476283799956734,5.441560881552288,0.0,5.476107250166424,0.0,5.38787510339951,5.7645930128259919,5.373309236433961,5.341860659421746,7.404809679377307,0.0,0.0,0.0,0.0,0.0,0.0,0.0,0.0,0.0,0.0,0.0,13.303975344951513,0.0,0.0,0.0,0.0,0.0,0.0,0.0,0.0,0.0,0.0,6.613917852697883],[0.0,0.0,0.0,0.0,0.0,0.0,0.0,0.0,0.0,0.0,0.0,0.0,0.0,0.0,0.0,0.0,0.0,0.0,0.0,0.0,0.0,0.0,0.0,2.373355420489101,2.1035394550817827,2.7934693689552274,2.585179282628383,3.079286477195243,3.167867204436072,2.2433061924457049,2.3642628190824079,2.121849108136796,2.413315146656091,2.0612776969255619,2.227445918626476,2.7592609033846866,2.5468389244528608,2.7667173002550249,2.196481456040535,2.399590436429772,2.3046757391133414,3.229867434244657,2.7886695473644775,3.382577414388229,2.159351858214525,3.087286660254091,2.079300291089941,0.0,2.1779937166295908,0.0,0.0,2.1382010749913289,2.070621424191312,0.0,2.195457536288752,2.2040420555481634,2.0572972072990618,0.0,0.0,0.0,0.0,0.0,0.0,0.0,0.0,0.0,0.0,0.0,0.0,2.6135144072633955,2.729960250849888,2.178299642108342,2.2908567877841419,2.765125212039904,2.6721192011436658,0.0,3.2071096403049959,2.7015402061491486,2.9767210178701375,2.4725434974208859,4.047094031487792,2.386882650367347,2.1283129720608056,0.0,2.2451815515124267,3.647358172018896,2.5146468495830485,2.7355343185701126,3.0722699713436949,2.8281699485309557,2.43254126679082,2.690264800336908],[0.0,0.0,0.0,0.0,0.0,0.0,0.0,0.0,0.0,0.0,0.0,0.0,0.0,0.0,0.0,0.0,0.0,0.0,0.0,0.0,0.0,0.0,0.0,4.497865438546059,5.60555364562327,4.271005782389223,4.265245903452476,10.138215402185189,10.009660381284734,10.731607125031406,23.665823061109714,0.0,9.972609413840573,5.749291348457477,5.331718159942239,4.262673073891006,4.280705586856529,4.26430179015378,5.887635658737337,10.053729316060974,4.73080005934168,4.497993368375375,5.5732557472923,4.606842544360017,8.054368938621897,9.941844617694838,0.0,5.533189270323406,0.0,0.0,0.0,0.0,5.879971960060621,6.812059957558028,5.913733586247573,5.7149004827064628,6.103874787424804,0.0,5.977859342352239,5.63310859587404,5.603297212332075,0.0,5.632954565873051,0.0,5.560266684285999,6.181398604579861,5.549845128387114,5.5641765314702849,9.225465454811883,4.258143312205225,4.257374771454116,6.500437415384079,4.800371826911465,4.2639449196938179,4.252814027016153,0.0,0.0,4.254072893643469,4.3450507694167,0.0,5.15214524022753,4.4669301282021129,0.0,0.0,5.132575754242377,4.813524431935527,4.299971368878188,4.258241566869772,4.397628103654305,4.281538793582781,0.0,11.762644251667098],[0.0,0.0,0.0,0.0,0.0,0.0,0.0,0.0,0.0,0.0,0.0,0.0,0.0,0.0,0.0,0.0,0.0,0.0,0.0,0.0,0.0,0.0,0.0,0.0,12.902145329556513,0.0,0.0,20.201224247580976,34.016694783207139,14.365061047378273,0.0,0.0,19.617366998281257,10.601746794176469,0.0,0.0,0.0,0.0,0.0,12.636705607682224,0.0,8.578543214167885,15.11828430311218,8.119757691807094,0.0,9.434328783421759,0.0,0.0,0.0,0.0,0.0,0.0,9.996533665460238,0.0,0.0,0.0,0.0,0.0,0.0,12.060533696801683,12.995050282333425,0.0,12.06416097776215,0.0,17.80627802045404,0.0,0.0,0.0,0.0,0.0,0.0,0.0,0.0,0.0,0.0,0.0,0.0,0.0,10.957332299150135,0.0,7.65164624940202,0.0,0.0,0.0,0.0,7.763437968729948,0.0,0.0,9.57234087884129,0.0,0.0,0.0],[0.0,0.0,0.0,0.0,0.0,0.0,0.0,0.0,0.0,0.0,0.0,0.0,0.0,0.0,0.0,0.0,0.0,0.0,0.0,0.0,0.0,0.0,0.0,0.0,9.77196549783182,0.0,0.0,17.962282653776748,19.33581098215788,10.127641001402243,0.0,0.0,10.726704773229044,8.968805083673339,0.0,0.0,0.0,0.0,0.0,9.69471853801303,0.0,8.223937207592897,10.269326131343077,7.849445584095489,0.0,21.388787769903986,0.0,14.1894744174198,0.0,0.0,0.0,0.0,8.724599789341612,0.0,0.0,0.0,0.0,0.0,0.0,9.51273847427677,9.798036271418825,0.0,9.51394580947115,0.0,10.603855517016802,0.0,11.012796077794702,0.0,0.0,0.0,0.0,0.0,0.0,0.0,0.0,0.0,0.0,0.0,9.991941260482623,0.0,7.497123767711164,0.0,0.0,0.0,0.0,7.56240902380671,0.0,0.0,9.00620748801343,0.0,0.0,0.0],[0.0,0.0,0.0,0.0,0.0,0.0,0.0,0.0,0.0,0.0,0.0,0.0,0.0,0.0,0.0,0.0,0.0,0.0,0.0,0.0,0.0,0.0,0.0,3.7237666215518465,15.607927065561352,3.8179717913443738,3.7201006725657654,13.406717838213997,16.024091547351753,14.752888400649614,3.72881176342161,4.7244836663469569,15.42803289101383,9.344520389947017,3.930745864520983,3.798298691782124,3.7098000831766835,3.8024923889432924,4.042713434690943,13.994256637256142,3.7808471296275378,4.132147578913226,11.061160805854936,4.258230309118886,4.263305977677173,18.909599239139604,0.0,24.323486874225716,0.0,0.0,0.0,0.0,9.029069555620687,0.0,4.04726822265443,4.011010770000027,0.0,0.0,0.0,10.043265452094929,10.418744960572356,0.0,10.044837337500729,0.0,11.538826565591068,0.0,12.154533414963688,0.0,0.0,3.729669980904676,3.782369076922339,4.134636097629007,3.7989900511705976,3.8015923832938158,3.7538235258713965,0.0,0.0,3.7678261824783938,3.938501446446493,0.0,4.8485963359081769,3.717376240704458,4.611609611706369,0.0,3.8837067227729249,4.487197166497473,3.7039202597862586,3.7853293535593988,4.008761772408925,3.8389835481263128,0.0,3.7623265947789714],[0.0,0.0,0.0,0.0,0.0,0.0,0.0,0.0,0.0,0.0,0.0,0.0,0.0,0.0,0.0,0.0,0.0,0.0,0.0,0.0,0.0,0.0,0.0,0.0,5.95806798851429,0.0,0.0,17.936310180571327,16.34144675653695,5.946078947842693,0.0,0.0,5.940092976399994,6.0604946893993099,0.0,0.0,0.0,0.0,0.0,5.962103426689395,0.0,9.821537881942719,5.943470958031625,9.00011936164203,0.0,17.646529933184483,0.0,5.968623288707565,0.0,0.0,0.0,0.0,6.170531789530076,9.113543454717086,0.0,0.0,7.173843200069144,0.0,6.910146876525943,5.974551998849552,5.956844930989795,0.0,5.974453244411529,0.0,5.940415913005526,7.343365687460838,5.940469732491019,6.075610140506502,0.0,0.0,0.0,0.0,0.0,0.0,0.0,0.0,0.0,0.0,0.0,0.0,8.111577744979178,0.0,0.0,0.0,0.0,8.383000324923309,0.0,0.0,12.070807471797853,0.0,0.0,0.0],[0.0,0.0,0.0,0.0,0.0,0.0,0.0,0.0,0.0,0.0,0.0,0.0,0.0,0.0,0.0,0.0,0.0,0.0,0.0,0.0,0.0,0.0,0.0,0.0,5.997328473485151,7.632135020080624,0.0,12.747576781865372,12.537720544875436,5.986934136086707,0.0,0.0,5.9831527328871039,6.0947790284864509,0.0,7.902425966522449,0.0,7.837452043091474,0.0,6.000981659143039,0.0,6.501999608159627,5.984896254435828,6.431840324236543,0.0,12.651131766269204,0.0,6.018197832460485,0.0,0.0,0.0,0.0,6.20236887091333,9.57402632778998,0.0,0.0,7.3190841047117749,0.0,7.031816223467929,6.012468521082115,5.996231255026057,0.0,6.012376457818927,0.0,5.983064827744507,7.505359836250862,5.984415763998075,6.135034901610422,0.0,11.491041756274138,8.200102952202747,0.0,0.0,7.851010038652616,9.115369578062062,0.0,0.0,8.576893367168062,6.862117944395349,0.0,6.58240634905157,0.0,0.0,0.0,0.0,6.431733750841952,0.0,8.137522866360057,6.673507782846394,7.416714733609429,0.0,8.760760464271586],[0.0,0.0,0.0,0.0,0.0,0.0,0.0,0.0,0.0,0.0,0.0,0.0,0.0,0.0,0.0,0.0,0.0,0.0,0.0,0.0,0.0,0.0,0.0,0.0,6.886279679277092,0.0,0.0,6.847697218483001,6.9943112973505789,6.920603375561413,0.0,0.0,6.980127865153124,6.849604997205008,0.0,0.0,0.0,0.0,0.0,6.879343539986877,0.0,18.386043051228847,6.934768336841353,12.080787344100676,0.0,7.124580373608748,0.0,7.213242152948629,0.0,0.0,0.0,0.0,6.8940392656925149,0.0,0.0,0.0,0.0,0.0,16.482222955742466,6.8644053243221629,6.888679350451397,0.0,6.8644960557595839,0.0,6.968107912532444,0.0,7.007345992550008,7.666451125901553,0.0,0.0,0.0,0.0,0.0,0.0,0.0,0.0,0.0,0.0,0.0,0.0,9.249180108096976,0.0,0.0,0.0,0.0,10.097627475591482,0.0,0.0,0.0,0.0,0.0,0.0],[0.0,0.0,0.0,0.0,0.0,0.0,0.0,0.0,0.0,0.0,0.0,0.0,0.0,0.0,0.0,0.0,0.0,0.0,0.0,0.0,0.0,0.0,0.0,3.4851769992137986,8.622581253137007,9.007283341308384,8.236035694175884,8.496361202153949,8.214347500784652,7.907309646579565,7.33242210100538,4.009250891744949,7.764369135360376,4.641905654389587,7.762875928751258,3.6356958436204538,7.954604289773519,7.494840601336236,3.6501854477315409,7.897236782209689,9.78653850867211,7.963975041456178,4.326186510755677,4.1297979595743519,11.934794267307007,8.065872605382076,4.593858780619266,4.146846085257293,5.372687164958895,3.890390399686873,3.8641248034725867,0.0,4.824984949846037,3.814148776520672,7.938458601132897,3.632258990307247,3.8405575124175055,4.226719455646661,3.855083355812522,4.4523697842167,4.394259202842199,0.0,4.452085185154815,4.142585464904104,4.291027229536056,3.8340979678062347,4.257615151912765,4.032185314578987,3.830028465299233,3.5496174166890426,3.616802917866004,3.701954425991026,3.5160322028888038,3.63955628082334,3.5816740561928395,0.0,0.0,3.5991571369936756,3.7925201447984446,0.0,4.734472247679666,3.484099146745706,3.954683035874393,0.0,3.5608880079325799,4.365766325306196,3.5065068662817366,3.6203445007373826,3.868038849546538,3.682551327474531,0.0,7.4079137975856839],[0.0,0.0,0.0,0.0,0.0,0.0,0.0,0.0,0.0,0.0,0.0,0.0,0.0,0.0,0.0,0.0,0.0,0.0,0.0,0.0,0.0,0.0,0.0,0.0,0.0,0.0,0.0,33.77308672903845,11.825939266411849,0.0,0.0,0.0,0.0,17.393532533802025,0.0,0.0,0.0,0.0,0.0,0.0,0.0,10.859695683430826,0.0,9.648793707813513,0.0,14.739793169695723,0.0,0.0,0.0,0.0,0.0,0.0,13.590672897308295,0.0,0.0,0.0,0.0,0.0,0.0,0.0,0.0,0.0,0.0,0.0,0.0,0.0,0.0,0.0,0.0,0.0,0.0,0.0,0.0,0.0,0.0,0.0,0.0,0.0,0.0,0.0,8.40936397148797,0.0,0.0,0.0,0.0,8.803601741185992,0.0,0.0,16.069839962759308,0.0,0.0,0.0],[0.0,0.0,0.0,0.0,0.0,0.0,0.0,0.0,0.0,0.0,0.0,0.0,0.0,0.0,0.0,0.0,0.0,0.0,0.0,0.0,0.0,0.0,0.0,0.0,8.083900321858124,0.0,0.0,16.7422904530166,16.90291438657659,8.211204076478755,0.0,0.0,8.411242928668307,7.79509424530332,0.0,0.0,0.0,0.0,0.0,8.055649891399085,0.0,8.210050345593285,8.260300940486048,7.838697139336348,0.0,17.75633584076858,0.0,9.168152270367587,0.0,0.0,0.0,0.0,7.732835774668475,0.0,0.0,0.0,0.0,0.0,0.0,7.988638600909152,8.093396186691479,0.0,7.989084199364207,0.0,8.371889411277719,0.0,8.499366933717277,11.023227041214197,0.0,0.0,0.0,0.0,0.0,0.0,0.0,0.0,0.0,0.0,9.95799712543313,0.0,7.490848471024852,0.0,0.0,0.0,0.0,7.554314116307785,0.0,0.0,8.984860535437479,0.0,0.0,0.0],[0.0,0.0,0.0,0.0,0.0,0.0,0.0,0.0,0.0,0.0,0.0,0.0,0.0,0.0,0.0,0.0,0.0,0.0,0.0,0.0,0.0,0.0,0.0,4.452141761875877,9.435760224993095,4.2469250824394699,4.2353848107456149,13.164657525229494,14.780495286034313,14.797161081084014,4.4737690119780109,0.0,14.59982669177588,8.750888109981857,5.229561581071927,4.2378982866667169,4.249168495919831,4.239684417399247,5.7310727869939319,13.769051580814218,4.671306636426801,4.479089651685864,9.8513968808974,4.588929443610125,7.436062284812672,15.945976213044379,0.0,12.654932770696825,0.0,0.0,0.0,0.0,8.544995498379617,0.0,5.7541679564505199,5.577126648413595,0.0,0.0,0.0,9.215891699604068,9.457763792305679,0.0,9.216919828686315,0.0,10.125379544096122,0.0,10.45327534630108,0.0,0.0,4.22935287597452,4.231944873325494,6.260384553010583,4.7365688310804459,4.239294235172277,4.225890307853475,0.0,0.0,4.2279456298396209,4.323764913269417,0.0,5.13677293154038,4.423014713973772,0.0,0.0,5.046088805433955,4.796876706776403,4.26677254521614,4.232941010592311,4.377384508839285,4.258095141306934,0.0,4.226892557849204],[0.0,0.0,0.0,0.0,0.0,0.0,0.0,0.0,0.0,0.0,0.0,0.0,0.0,0.0,0.0,0.0,0.0,0.0,0.0,0.0,0.0,0.0,0.0,3.170421218851042,12.199290392275275,3.433901675864517,3.281248653690587,12.007366313122882,13.156701575482304,12.162763289780923,3.1676081441726327,3.326553563963241,12.514585364128707,8.31258732087406,3.1688661482036637,3.407168765693519,3.2566154329830474,3.4129511582790488,3.189276696668614,11.927897069295352,3.156124942750987,3.8056184241186266,9.080222939033567,3.9438047307458907,3.2351347355354118,13.819228921655668,0.0,10.700314863715413,0.0,0.0,0.0,0.0,8.177350252549705,0.0,3.1901785288912545,3.1831166202441318,5.267024899162244,0.0,0.0,8.639413554541449,8.809187705605119,0.0,8.640138642723806,0.0,9.263820457241474,0.0,9.477228727904603,18.748105037586997,0.0,3.3003150342039659,3.384704219779868,3.2080268287668058,3.155602048541676,3.4117143529347166,3.341704839754456,0.0,0.0,3.363337882817626,3.584367198407404,0.0,4.5670623058974819,3.1750298708831408,3.30564246258577,0.0,3.1620035314487398,4.188807302285131,3.2371313762903037,3.3889450157568694,3.666454526134913,3.4615199863292478,0.0,3.354985956619162],[0.0,0.0,0.0,0.0,0.0,0.0,0.0,0.0,0.0,0.0,0.0,0.0,0.0,0.0,0.0,0.0,0.0,0.0,0.0,0.0,0.0,0.0,0.0,0.0,5.889378914056779,0.0,0.0,22.94880116298975,18.06259863954934,5.874669606202944,0.0,0.0,5.864931765207805,6.000328211035114,0.0,0.0,0.0,0.0,0.0,5.894067192318853,0.0,11.108790116909907,5.871090403294475,9.79210552635987,0.0,21.824516130749715,0.0,5.882433507707439,0.0,0.0,0.0,0.0,6.114575831238557,8.471071235845951,0.0,0.0,6.9351543295125899,0.0,6.7074704063006209,5.908159597812902,5.887941005720103,0.0,5.908049399588945,0.0,5.865953132558402,7.079660356076538,5.8638030451234919,5.97290993672412,0.0,0.0,0.0,0.0,0.0,0.0,0.0,0.0,0.0,0.0,0.0,0.0,8.470631022308032,0.0,0.0,0.0,0.0,8.892293212570796,0.0,0.0,18.27953505244885,0.0,0.0,11.385775521234349],[0.0,0.0,0.0,0.0,0.0,0.0,0.0,0.0,0.0,0.0,0.0,0.0,0.0,0.0,0.0,0.0,0.0,0.0,0.0,0.0,0.0,0.0,0.0,0.0,4.410288077909313,5.475457849170098,4.769962450787871,4.633424967793644,4.279842240429307,4.3555046791063989,3.8688616372249018,0.0,4.291861893394659,4.652627667132483,4.215309943205302,0.0,4.489004226721811,3.8776354115993367,0.0,4.424722339639405,6.5626727294939279,19.743847865074529,4.33782249580514,11.613645994337074,10.048954866090116,4.197956652838773,4.656453785030652,4.159321336796383,5.502136572349647,3.9159209467517415,3.8881487261930585,0.0,4.835344124525219,3.8326871819085195,4.330685746747171,0.0,3.857004314605495,4.268698242940453,3.8710208710882458,4.463581168075279,4.4056537760271319,0.0,4.463297421286197,4.180416891284629,4.302801464360542,3.850830163961454,4.269530855087047,4.045467794131539,3.851643261808595,0.0,0.0,0.0,0.0,0.0,0.0,0.0,0.0,0.0,0.0,0.0,9.118444478524614,0.0,0.0,0.0,0.0,9.883702018127505,0.0,0.0,0.0,0.0,0.0,3.835422976420348],[0.0,0.0,0.0,0.0,0.0,0.0,0.0,0.0,0.0,0.0,0.0,0.0,0.0,0.0,0.0,0.0,0.0,0.0,0.0,0.0,0.0,0.0,0.0,0.0,12.170181541541945,0.0,0.0,19.93610092051309,25.841257411243406,13.237045631243838,0.0,0.0,15.88639379914008,10.283545818188906,0.0,0.0,0.0,0.0,0.0,11.964092846512845,0.0,8.619525118497173,13.735495535616798,8.15047354433625,0.0,9.498273444804099,0.0,0.0,0.0,0.0,0.0,0.0,9.759504929261182,0.0,0.0,0.0,0.0,0.0,0.0,11.505142516455513,12.241469549229749,0.0,11.508078842571486,0.0,15.192974248592029,0.0,18.2351169555542,0.0,0.0,0.0,0.0,0.0,0.0,0.0,0.0,0.0,0.0,0.0,11.083973126840352,0.0,7.668805005105731,0.0,0.0,0.0,0.0,7.785967787475086,0.0,0.0,9.640647217891314,0.0,0.0,0.0],[0.0,0.0,0.0,0.0,0.0,0.0,0.0,0.0,0.0,0.0,0.0,0.0,0.0,0.0,0.0,0.0,0.0,0.0,0.0,0.0,0.0,0.0,0.0,0.0,5.278615180139928,6.465224824738438,7.917384615475324,11.450366004447677,11.164905181673932,5.2433562237929529,6.789764507090398,0.0,5.205641727105041,5.455447873838198,0.0,6.5834224658928159,8.69238536106275,13.560385293641606,0.0,5.288268993275751,0.0,5.949399440105839,5.232494630157467,5.944809829264849,0.0,11.163314253967684,0.0,5.1432581362727849,0.0,8.201307296881338,7.2812954521430479,0.0,5.603119566195263,5.6699708360181149,0.0,0.0,5.347112343161176,0.0,5.286677286376624,5.314923182479544,5.27554598557277,0.0,5.3147252413658159,0.0,5.211839425267082,5.384194571333769,5.193403990554058,5.120222870656319,6.384604693384413,7.543887338478412,6.705872280027955,0.0,0.0,6.561437816535092,7.029414033383314,0.0,0.0,6.848740496816374,6.10191200360181,0.0,6.227864512359598,0.0,0.0,0.0,0.0,6.016153243573892,9.932942149299617,6.680824343058112,6.014573040624075,6.366676063666106,0.0,12.851975099837233],[0.0,0.0,0.0,0.0,0.0,0.0,0.0,0.0,0.0,0.0,0.0,0.0,0.0,0.0,0.0,0.0,0.0,0.0,0.0,0.0,0.0,0.0,0.0,1.5582361645312859,3.1667526831693038,8.145015631571344,9.641453368613858,9.440788661227638,8.969139708896425,3.0992804433600646,2.02759803066173,1.402667626444513,3.0192223218290166,3.4538621133810429,1.8191725331488576,8.01726533963867,10.449993560884323,8.568014732932664,1.3935750159395233,3.1843379215217046,1.6529140341317855,7.856725787908873,3.0772326981701356,7.470897865730067,1.635238669331547,8.900879282437117,1.7393150795839876,2.844598067167083,1.6798318902599368,1.9678393068232898,1.999064666330747,0.0,3.6620247732653254,2.1844780214100094,1.7909855149178067,1.3860567454881035,2.3140982153615066,1.8051737691961035,2.355143871092439,3.2313218389013205,3.161090575883582,1.4645089506402398,3.230980559937759,1.82941386324533,3.033127749469744,2.293027823046203,2.9906312438008499,2.6808398184005508,2.062844924338392,7.54152686116473,6.704496597654522,0.0,0.0,6.560201785131975,8.4409531723275,0.0,0.0,6.847219731925143,6.10110080262143,1.4612599062915606,6.227452451494728,0.0,0.0,0.0,0.0,7.484672998070893,9.924532532934402,6.679473346636224,6.013854935535563,6.365620142953771,0.0,9.036514689323289],[0.0,0.0,0.0,0.0,0.0,0.0,0.0,0.0,0.0,0.0,0.0,0.0,0.0,0.0,0.0,0.0,0.0,0.0,0.0,0.0,0.0,0.0,0.0,3.017791515212811,11.455971891381568,3.319118956402493,3.153515034072768,11.582300709468733,12.461810219661487,11.489445770034454,3.0133700377145264,3.0538167460656537,11.795759004439918,12.353088627464294,2.9774116078776236,3.29067678102399,3.1256089037315064,3.29684275597516,2.9830478058667597,11.353821999808206,2.9893257808265165,3.7052324085952827,8.57200338719329,3.8465559759887477,3.003943234424848,12.910071236277823,0.0,9.708742880929597,0.0,0.0,0.0,0.0,13.560387391426073,0.0,2.9833858272255746,2.9808837719811525,3.8809382500574709,0.0,0.0,8.240387888678102,8.368452001145105,0.0,8.240934379538054,0.0,8.708447556682565,0.0,8.865070512830057,12.45486768331985,0.0,3.1747759963683745,3.2666408471548746,2.990857883805269,2.985255389152259,3.295524580777321,3.2202023521340226,0.0,0.0,3.2436447325944286,3.4769693620447787,0.0,4.478538784945764,3.024672194829131,3.042013985899513,0.0,2.9774424310438336,4.095775476038022,3.1030610972059344,3.2711887428789456,3.562036666842459,3.3483478581922219,0.0,3.234614830286683],[0.0,0.0,0.0,0.0,0.0,0.0,0.0,0.0,0.0,0.0,0.0,0.0,0.0,0.0,0.0,0.0,0.0,0.0,0.0,0.0,0.0,0.0,0.0,1.4799310304156453,3.1109545884146709,1.6089611386731482,1.6566737844313842,3.3766162403002317,2.9474941589860039,3.043254359022261,1.9639044578143246,1.2557679044360642,2.962906196528228,3.3988957431926356,1.7514802683512785,1.3425923517918855,1.6928448581823857,1.9497395607150603,1.255898259773873,3.128596962597129,1.5797832978210913,1.842203630293141,3.0211289431942056,18.841461517390444,1.5613081241718719,2.8400473845621425,1.6693887120355702,2.7875628522018718,1.6078128956969516,1.9031936297544996,1.9349318915734575,0.0,3.607550838116855,2.1227988738290834,1.7225660123340885,1.2610643711074199,2.2537058438113597,1.737127810115896,2.2951062387136784,3.1757291749314597,3.1052738891835967,1.3770433864744083,3.1753868410072969,1.7619715563660726,2.9768636228506319,2.2324443807729379,2.9342059448514776,2.6229953796555556,1.9996589686910178,0.0,0.0,0.0,0.0,0.0,1.3151392522911747,0.0,0.0,0.0,0.0,1.373322834731072,10.058974134953872,0.0,0.0,0.0,0.0,12.948339442155327,0.0,0.0,0.0,0.0,0.0,2.0622160643413567],[0.0,0.0,0.0,0.0,0.0,0.0,0.0,0.0,0.0,0.0,0.0,0.0,0.0,0.0,0.0,0.0,0.0,0.0,0.0,0.0,0.0,0.0,0.0,10.503732358434516,4.782092502783077,5.528670157685178,6.037160165621854,10.364426584581452,10.055814013985009,4.734422716183371,17.594922808001507,0.0,12.680097677570494,5.000179715750624,6.385563049652481,5.574672367707868,6.23491492002927,10.346401299279029,0.0,13.296353022703649,0.0,10.65348158998577,4.719213211187301,5.444478964014538,0.0,9.984492155124383,0.0,4.572487465360624,0.0,4.938879801903305,4.826557634743482,0.0,5.169676190107095,4.4983702296976,7.396117290909267,0.0,4.4306126195790569,6.785291584067097,4.423052174222074,4.829154404047409,4.778030374971214,0.0,4.8289022363711899,6.163224147237778,4.6893793568308699,4.436669064164116,4.6614357334657019,4.489858801677663,4.664080900357987,5.922734540130685,5.622260596688536,0.0,0.0,5.566103814839512,5.744643590036768,0.0,0.0,5.6770752703078959,5.399662995695914,0.0,5.842713220600513,9.18716777813072,0.0,0.0,0.0,5.576338222855228,6.455525565547836,5.612557888237205,5.382226644539214,5.490784535576946,0.0,10.264265169165224],[0.0,0.0,0.0,0.0,0.0,0.0,0.0,0.0,0.0,0.0,0.0,0.0,0.0,0.0,0.0,0.0,0.0,0.0,0.0,0.0,0.0,0.0,0.0,2.0373429825959707,3.4565304602516457,10.479455657798244,2.131047369403472,10.722239914653946,10.154299716323419,3.3906715445613027,2.3763915450679735,0.0,3.3126731652173504,3.7377968375579027,2.2005953152775574,10.884335895742585,2.1566199150590266,11.064094507585104,4.4660102965588,3.4737121782470985,2.082187273888098,9.05589947606887,3.3691745757344595,8.70437214797466,2.071922336466754,10.183914456751176,2.139880444867123,3.1431913021580328,2.0989705993778116,2.3242212660730394,2.3513451259989308,0.0,3.942531062726927,2.517568387644854,2.1785644433244806,2.8232462648979994,2.6373986785590119,2.189581724005461,2.6757774233851729,3.5196502388054315,3.450999726291252,2.0446817489110056,3.51931639250323,2.2087370602619096,3.3262087156410145,2.617770417741122,3.284859525428893,2.9852818567089485,2.4076369031369224,0.0,9.307725726688453,0.0,0.0,8.721663606062278,13.41500695218865,0.0,0.0,10.018834382044359,7.2778095472890389,2.0471640443172909,6.750929719740173,0.0,0.0,0.0,0.0,8.674953916675888,0.0,9.198314506876299,7.020930562471724,8.058101963782074,0.0,12.870812492240196],[0.0,2.373355420489101,4.497865438546059,0.0,0.0,3.7237666215518465,0.0,0.0,0.0,3.4851769992137986,0.0,0.0,4.452141761875877,3.170421218851042,0.0,0.0,0.0,0.0,1.5582361645312859,3.017791515212811,1.4799310304156453,10.503732358434516,2.0373429825959707,0.0,0.675707263334075,0.05946689372020175,0.029663870383258907,0.9145822697267342,0.6904892236226068,0.5981436801029691,0.08916330338565777,0.11536578325808503,0.5455248724701288,0.9204494673197776,0.04251178564742433,0.0583347450760317,0.031122937229308119,0.13021428557048948,0.08547569261622598,0.6399312828006313,0.007134492547354793,0.228982279238917,0.8416827411383588,0.2305204872074963,0.02809652430976775,0.6059922974012667,0.15706998735842216,2.3287179476152377,0.19543137172915837,10.756315938107818,0.46353218850937108,0.3939570338701607,1.0651248215281775,2.548115253517504,0.04231090091000905,0.07146423437448152,0.3008026723104862,3.0430123269055726,1.6213348142970197,1.734476823390266,2.234921153379286,0.3857160613963508,0.6671241922881588,4.503177819714567,3.777811204763593,1.813633736863265,7.903671363707957,1.1421901788063563,2.3229158067621906,0.4669854349873803,1.8593667823812879,0.019610148842157589,1.005986200543818,1.8002942569501,0.050342625600098198,2.1958139409463288,1.184538200649259,1.4117814195963914,0.7245498604003138,0.2479226246647666,2.7238584899334867,1.6624237874269206,0.9377506039533532,2.1732763721241614,2.011872754462086,0.3427782267645382,1.3667201092916899,1.0095620480675132,2.966516782012253,0.4077938869311964,0.5951571317929258,0.15272956442765715],[5.444235070580529,2.1035394550817827,5.60555364562327,12.902145329556513,9.77196549783182,15.607927065561352,5.95806798851429,5.997328473485151,6.886279679277092,8.622581253137007,0.0,8.083900321858124,9.435760224993095,12.199290392275275,5.889378914056779,4.410288077909313,12.170181541541945,5.278615180139928,3.1667526831693038,11.455971891381568,3.1109545884146709,4.782092502783077,3.4565304602516457,0.675707263334075,0.0,0.6909003468017706,0.5686868452708329,0.332044313028786,0.3699164144832302,0.016842101153555085,0.29517772729460176,1.1144583307635139,0.06064184706191761,0.02789781705451741,0.39546499257619058,1.003103450689427,0.5259562149830834,0.44137015442544949,1.094610600764019,0.053571891368954519,0.5535088170301509,0.7184577961619577,0.09206512354167812,1.1476895964306145,0.545728082360835,0.33744255661513558,0.47087658891427477,1.526246695715369,0.5463714158564409,0.28458733719419118,0.4341436267818263,1.5477420887670062,0.05393176883622208,2.3214118074292346,0.4115329728414908,1.048537056020149,0.1403909100856831,3.4837555872237218,1.1300359299888352,0.7069330741156239,1.2192722956651104,0.9303660439277304,0.0005815466929939978,0.37469792353749,3.5288387022289657,1.3738854124009493,0.004602720355804668,0.501286988028903,2.1445910623190427,2.079988793271532,3.5039469485090115,5.858678022998918,2.7385841085590374,3.4780842843346768,1.021601753567472,3.47559031194139,2.7176907985326426,3.191594701057825,2.521012213303031,0.8490359511757473,4.40154885760313,3.2870671738663876,2.615794868922109,3.4851208516822296,3.455741924896978,1.3825337913055658,3.109095300954937,2.8512329840472119,4.100917225178458,1.983405931358154,1.8701081134865104,0.3553733987287077],[0.0,2.7934693689552274,4.271005782389223,0.0,0.0,3.8179717913443738,0.0,7.632135020080624,0.0,9.007283341308384,0.0,0.0,4.2469250824394699,3.433901675864517,0.0,5.475457849170098,0.0,6.465224824738438,8.145015631571344,3.319118956402493,1.6089611386731482,5.528670157685178,10.479455657798244,0.05946689372020175,0.6909003468017706,0.0,0.011951205810309007,0.6574217844106747,0.4423785814581975,0.5609830147987456,0.09691205841172185,0.3118017143273105,0.4627163405776092,0.9748890047646731,0.11413442122157236,0.04474464218337405,0.018616485729677835,0.04026361595012866,0.2485529206091136,0.5505500252785798,0.07363607595139688,0.05724812918157973,0.9898295985615103,0.07865185111732254,0.1471341903573412,0.38018865039446117,0.35812971125301387,2.685785830619395,0.4284386661400278,5.566889550609813,0.7370292655968953,0.7190239315345982,1.1162648398872688,2.9035567136131466,0.128444420003205,0.22740706336585748,0.42455343697500427,3.322354025167702,2.0292286943580266,2.0515353936960856,2.583432886970934,0.7248075290572639,12.086829467291917,4.264623533100103,3.9030472213499989,2.223631057126987,5.632681168356511,1.452352009677871,2.712263538044115,0.5774277346035859,1.9165386423187583,0.1335904433868042,1.2306529424687479,1.8578806697393098,0.06179360028204835,2.822765693808654,1.61504035788934,1.5167937649239348,0.7717008894058237,0.5374437868536873,2.484058926148358,1.8225974984350427,1.222468443995676,2.590163198128407,2.169817790295773,0.15622217894789948,1.5173018073763328,1.1205920815902808,2.7214382679360105,0.4588778570205143,0.9691721143121495,0.06937541944399183],[0.0,2.585179282628383,4.265245903452476,0.0,0.0,3.7201006725657654,0.0,0.0,0.0,8.236035694175884,0.0,0.0,4.2353848107456149,3.281248653690587,0.0,4.769962450787871,0.0,7.917384615475324,9.641453368613858,3.153515034072768,1.6566737844313842,6.037160165621854,2.131047369403472,0.029663870383258907,0.5686868452708329,0.011951205810309007,0.0,0.6485724875613476,0.4503426051232547,0.4662183428564969,0.04746443851149096,0.25881034159846635,0.3931167765395206,0.8210963377892013,0.05241933731579412,0.06620774024515033,0.0009397404049793987,0.03715570277647737,0.2089048557258114,0.47563772044805599,0.030120199108920249,0.10076222863852547,0.8113475649879165,0.15095026504240606,0.08126752379483121,0.383453415616789,0.24432256082745119,2.4246514805805097,0.3058146766363714,6.070364782373531,0.5681810591867585,0.6327170722628884,0.9547739232482494,2.680034670507894,0.06256865277403323,0.18756281704445627,0.30124020493690459,3.152380091366365,1.7748796598575243,1.7893574492664529,2.310509609953057,0.5794562100192174,0.4882117733077196,4.250201961310945,3.716645378923668,1.9722844986178568,5.930178950393308,1.221940289575261,2.4839537209742534,0.6135927416020034,1.9600228254729207,0.06822620762397402,1.2362008732484562,1.9069781846631262,0.07603558459206889,2.641796298879683,1.526791661579948,1.5678913530528305,0.8494513185601431,0.4150919268164571,2.6223993038379476,1.8314898785345284,1.2008353037415026,2.4716886330282499,2.148037706233448,0.25273248071466217,1.548101375655662,1.1789787595604902,2.7501601868214715,0.5136680460924483,0.876394560020888,0.05479108695347039],[5.590998622016004,3.079286477195243,10.138215402185189,20.201224247580976,17.962282653776748,13.406717838213997,17.936310180571327,12.747576781865372,6.847697218483001,8.496361202153949,33.77308672903845,16.7422904530166,13.164657525229494,12.007366313122882,22.94880116298975,4.633424967793644,19.93610092051309,11.450366004447677,9.440788661227638,11.582300709468733,3.3766162403002317,10.364426584581452,10.722239914653946,0.9145822697267342,0.332044313028786,0.6574217844106747,0.6485724875613476,0.0,0.027053970309379076,0.21108674369056924,0.48743612943582118,1.6159958598802789,0.1331986623556931,0.48174093601105985,0.7163385949674426,1.0235036600856405,0.6252524602179104,0.3863797830858593,1.5161582539097683,0.12324525097551725,0.8307881210449206,0.443321924151438,0.754681458478829,0.8496893540758408,0.9518871227958473,0.04101495288242152,1.1053895815084323,2.700696317804504,1.2507713246708417,5.783767830030342,1.2969071525349408,2.3189348336004906,0.5142615301695478,3.3724544585890037,0.764183763911518,1.4595129118564916,0.6633752657060958,4.087137944177908,2.390016647413325,1.818739613150433,2.4064452139055749,1.8534984890447595,7.922228274726468,4.889992246635411,3.7309118506767486,2.630340008046466,5.1861672124568,1.543496608180769,3.288584336965647,2.2547230146703498,3.623968397584407,6.201220707921093,3.1485458899374025,3.5794203909179,1.0957528627101683,4.925565836532414,3.648397691434048,3.332156095704961,2.5090490787004615,1.6442055028170453,3.932609906721048,3.621171374868656,3.1758852033825599,4.504907408650762,3.893740840077105,0.9822980024172372,3.36130996134885,2.974972575202951,4.032130259711719,2.0297544223925985,2.729420993753729,0.33218846439323276],[5.377650092120989,3.167867204436072,10.009660381284734,34.016694783207139,19.33581098215788,16.024091547351753,16.34144675653695,12.537720544875436,6.9943112973505789,8.214347500784652,11.825939266411849,16.90291438657659,14.780495286034313,13.156701575482304,18.06259863954934,4.279842240429307,25.841257411243406,11.164905181673932,8.969139708896425,12.461810219661487,2.9474941589860039,10.055814013985009,10.154299716323419,0.6904892236226068,0.3699164144832302,0.4423785814581975,0.4503426051232547,0.027053970309379076,0.0,0.23169765016058786,0.35154599054223625,1.3335800386021628,0.13567925716522556,0.5622113340675718,0.5514962489155069,0.751370914839144,0.4351917359381846,0.2319118791417854,1.2322444449624875,0.14659807471353948,0.630213678821995,0.2555155421723115,0.8014682874375975,0.582224912746081,0.7557671085057527,0.002971671829798718,0.9448122948571512,2.747399657702117,1.0824903627027874,5.613082757719316,1.197567578879181,2.0093784349949415,0.619329633339272,3.3214224848321698,0.596031686995422,1.1811808801869688,0.5948168114563546,3.9647287125780137,2.3705422504068265,1.9106974321713875,2.4939477529646747,1.6473769617402366,7.6393513823869469,4.747260511726833,3.7858916691083159,2.601334829844765,5.176756816784685,1.5594115864070513,3.2201048751537377,1.8697988955256058,3.2147311724455926,6.106089946731493,2.7459995412479518,3.1675685665783708,0.8189094582639006,4.590867706481328,3.277899276717788,2.9159793375297045,2.093631543775166,1.4295150459843054,3.4916026541482489,3.2227008249292,2.7826481072461926,4.151349142743494,3.5091196756016287,0.6923778884488421,2.95218032772257,2.5536381008755177,3.631546562964905,1.6500778681203215,2.3997206627469556,0.1984807545884384],[5.413934604984574,2.2433061924457049,10.731607125031406,14.365061047378273,10.127641001402243,14.752888400649614,5.946078947842693,5.986934136086707,6.920603375561413,7.907309646579565,0.0,8.211204076478755,14.797161081084014,12.162763289780923,5.874669606202944,4.3555046791063989,13.237045631243838,5.2433562237929529,3.0992804433600646,11.489445770034454,3.043254359022261,4.734422716183371,3.3906715445613027,0.5981436801029691,0.016842101153555085,0.5609830147987456,0.4662183428564969,0.21108674369056924,0.23169765016058786,0.0,0.2332251933519422,1.0745325290517578,0.013656295207667813,0.08292540023607048,0.35169913758803497,0.8678251695265304,0.42971670221097627,0.3242416178677588,1.037563927368769,0.011937197463850719,0.4905270240609653,0.5485446065552997,0.1825447165820322,0.9510851690989854,0.5107043567740393,0.20525397982716343,0.49450811972630989,1.7288778962116494,0.5828592574404663,0.2581287917398021,0.5258301602490498,1.5573759730809163,0.11750888101306462,2.4334085067907429,0.37340692540926037,0.990898007590935,0.16689083901020686,3.333848222398861,1.3380866739331352,0.9135786017931075,1.441893895374192,1.003875738908189,0.0024799827456827435,5.438615604487873,3.2308961871440524,1.5772644536761842,0.0017775246286576008,0.6684315308721653,2.289126688799725,1.9437341254540939,3.349862741915254,5.839582961616833,2.6451468748126536,3.3195321358962346,0.8957382087755819,3.6325890452338669,2.744276867810056,3.0396483848190858,2.3389759230491626,0.8917067004526307,4.12389809206294,3.1792541567878085,2.5561917301888465,3.5365008431870499,3.373228807412375,1.1599125399472788,2.981604858516739,2.69446440465928,3.9118892334481445,1.8229729941993234,1.8930221583552285,0.2504564577756087],[8.289697920742178,2.3642628190824079,23.665823061109714,0.0,0.0,3.72881176342161,0.0,0.0,0.0,7.33242210100538,0.0,0.0,4.4737690119780109,3.1676081441726327,0.0,3.8688616372249018,0.0,6.789764507090398,2.02759803066173,3.0133700377145264,1.9639044578143246,17.594922808001507,2.3763915450679735,0.08916330338565777,0.29517772729460176,0.09691205841172185,0.04746443851149096,0.48743612943582118,0.35154599054223625,0.2332251933519422,0.0,0.3635684414838794,0.19906816527014654,0.4810826575734918,0.023032080433234016,0.2203821744204672,0.03515227359193235,0.04801488545478749,0.32645735298517578,0.25839356996480519,0.053152932260888099,0.18410909994877956,0.4767063727709772,0.34086962633067177,0.08038409374441516,0.29039189348488117,0.16444513331721556,2.010086676424068,0.22587164058099164,13.535998544047219,0.37674597315880417,0.7419265975870105,0.586560393056981,2.401997304028789,0.03289465284413984,0.29853823406175919,0.12286665299147814,3.02529551675396,1.4244585316869392,1.3325958675573609,1.846795541985053,0.518764811177137,0.27578204672986286,4.503201055898575,3.4258456465405144,1.6340633771381413,7.817323915129306,0.8636043253110145,2.212887659980283,0.914776276170246,2.2681294119687664,0.018043365004984353,1.5380092484460973,2.22704025717719,0.22961571988560776,2.7017247613049735,1.712858688677516,1.91392342054524,1.2216121743602706,0.38433053820570958,3.0091764426094946,2.109564570427455,1.4698516654503287,2.5826331278803984,2.3611700347549418,0.48639188133147395,1.8704293099800474,1.545306709776699,2.9404120456671496,0.8219108097439694,1.0052413752216035,0.03548525123229723],[0.0,2.121849108136796,0.0,0.0,0.0,4.7244836663469569,0.0,0.0,0.0,4.009250891744949,0.0,0.0,0.0,3.326553563963241,0.0,0.0,0.0,0.0,1.402667626444513,3.0538167460656537,1.2557679044360642,0.0,0.0,0.11536578325808503,1.1144583307635139,0.3118017143273105,0.25881034159846635,1.6159958598802789,1.3335800386021628,1.0745325290517578,0.3635684414838794,0.0,1.0513782548903435,1.3565610370843402,0.21736104483056213,0.18766990394667538,0.2646173893110441,0.48486142360368209,0.005036459381999495,1.1714961074712882,0.14462549066936904,0.6296682390670203,1.1507885943010546,0.5127312094513198,0.1150666130489207,1.2166566550623275,0.1988163688658476,2.4185541887143646,0.193348331687476,0.29267360041431159,0.49585201817952848,0.0880715946866564,1.525694823586454,2.5858550538612148,0.19796915672291347,0.007281791747526065,0.5255113791957303,3.2475153700745027,1.5863530034311018,1.901645139632035,2.3643577076336337,0.21860032410826914,1.1626422682484657,0.2141161371659459,4.445694308164578,1.768102548904094,0.9824470979752429,1.2494738125604828,2.2853778191652767,0.27263719133178868,2.327897534178789,0.0029326515027657126,0.6390717279191964,2.076682077962071,0.14615970830138926,1.471485674973941,0.6320595093222519,1.2316860427750039,0.5422099560867872,0.12495389762921655,0.8253393280093697,1.6790048375309619,0.5156962020668666,2.2125611181605286,0.011542812218970189,0.631265535488476,1.1394500538076989,0.7379428552058946,0.29611626915891689,0.2927127980769356,0.19546392145532699,0.5233834844801177],[5.382909910773568,2.413315146656091,9.972609413840573,19.617366998281257,10.726704773229044,15.42803289101383,5.940092976399994,5.9831527328871039,6.980127865153124,7.764369135360376,0.0,8.411242928668307,14.59982669177588,12.514585364128707,5.864931765207805,4.291861893394659,15.88639379914008,5.205641727105041,3.0192223218290166,11.795759004439918,2.962906196528228,12.680097677570494,3.3126731652173504,0.5455248724701288,0.06064184706191761,0.4627163405776092,0.3931167765395206,0.1331986623556931,0.13567925716522556,0.013656295207667813,0.19906816527014654,1.0513782548903435,0.0,0.16188791927122443,0.3318293717305954,0.7617801440095415,0.36254138236299979,0.24049163496167304,0.9994996506846643,0.00407416610527267,0.451944929899454,0.41605281241137428,0.2896672040285307,0.7906002376674584,0.4966829028574127,0.11407363288987499,0.5329215768817759,1.931205219846285,0.6317494554314137,8.272794330837569,0.6252742283322079,1.5750701125124898,0.2051529643829716,2.576535267257062,0.35825507882627719,0.9526350883344166,0.21304565327746589,3.3607965807157686,1.5374936039983088,1.1191573016629442,1.6603538331714574,1.08162721544353,0.006522563288675176,4.6991304851851789,3.237548467572422,1.7727935200934828,6.644907467090973,0.8372109361721256,2.446932075351075,1.8307038627658293,3.219864009760561,5.852286479446985,2.5686754280854107,3.1854201159540969,0.7977711646839641,3.769983131884273,2.7725522821170007,2.911072569687106,2.1837160324465665,0.943063433214165,3.8816700194184339,3.090542976041053,2.509619741143109,3.5867058593078928,3.3074634354094916,0.9748914100467161,2.8749788797722695,2.561303602942925,3.751584922530582,1.6888443294434997,1.9207297864820563,0.17860617927928036],[5.604913063903352,2.0612776969255619,5.749291348457477,10.601746794176469,8.968805083673339,9.344520389947017,6.0604946893993099,6.0947790284864509,6.849604997205008,4.641905654389587,17.393532533802025,7.79509424530332,8.750888109981857,8.31258732087406,6.000328211035114,4.652627667132483,10.283545818188906,5.455447873838198,3.4538621133810429,12.353088627464294,3.3988957431926356,5.000179715750624,3.7377968375579027,0.9204494673197776,0.02789781705451741,0.9748890047646731,0.8210963377892013,0.48174093601105985,0.5622113340675718,0.08292540023607048,0.4810826575734918,1.3565610370843402,0.16188791927122443,0.0,0.5807363147880187,1.321138570009158,0.7689071328588703,0.6832392783222837,1.3523930096634079,0.1393845663085192,0.7736912516572108,1.0209771491708995,0.04930741058824656,1.5134346651789792,0.7394932454407255,0.5306347771035833,0.5946106584141652,1.3837572138589865,0.6623873700425391,0.40644312579038979,0.46436211881431729,1.75938133854736,0.005695418680317827,2.3945936598303318,0.59363329605985,1.3039845982207064,0.21458575434112885,4.848628437830328,1.0062924954494555,0.5296308163445725,1.0289415181560982,1.0312346022209805,0.006614985954970398,0.5122831083492236,0.024538221199283007,1.260883672070717,0.030013493682083393,0.4012159084534609,2.1508461466882196,2.4568706300613307,3.90858698049804,6.010272499130703,3.088101129944226,3.8877271708744955,1.334240538100473,3.557409757285958,2.9441837819751655,3.597703839335656,2.9515216249074496,0.982837874916765,4.923080443508054,3.647119482067168,2.9312410003022966,3.680480286519614,3.787340084494557,1.780885585802028,3.4910766032976126,3.26387183147177,4.530865093340308,2.3777391346861758,2.079697653089597,0.5762847189778064],[0.0,2.227445918626476,5.331718159942239,0.0,0.0,3.930745864520983,0.0,0.0,0.0,7.762875928751258,0.0,0.0,5.229561581071927,3.1688661482036637,0.0,4.215309943205302,0.0,0.0,1.8191725331488576,2.9774116078776236,1.7514802683512785,6.385563049652481,2