{"name":"DynamicObjectArray","generic":13,"parameters":{"array":[{"name":"MatrixSerializable","generic":11,"parameters":{"name":"distance_matrix_aa","value":[[0.0,2.6071821575848626,1.3271294953818025,1.2013640373178783,1.0932752501786465,1.801249480203901,0.6214721995325738,0.9497836178817725,0.5654187846359967,1.3561516928180198,1.334596634120046,0.9672806217274488,1.656320259685401,1.8170196908047017,0.5516677749579103,0.37006387478866789,1.1757599208567982,0.964793338336208,0.923427939315914,1.8215075956928018,0.6779238893395253,1.0257472958675123,0.7914314181122666,2.85848251722164,3.018025647893884,3.1786042527424476,3.0304102821659746,3.6398032640580588,3.5879891023613208,3.088376054549096,2.9028346313333226,2.6123734058025889,3.1622129170575938,3.0585749435816016,2.7654702952048755,3.151592756499517,3.005039591399127,3.1826798695738738,2.6938852850798558,3.2058535841532227,2.8104244899125989,3.4930727439980409,2.815499799011157,3.60307261284321,2.679819462631067,3.519325886729704,2.485197193505164,2.454820425798201,2.4257181681324915,1.7690633372407774,2.3731554441231519,2.379125079953822,3.1424894971194679,2.0531449146150915,2.7337143916375727,2.701473258478138,2.6587445408162608,1.7981820582409139,2.3079719341076005,2.7395010473949754,2.656701049182752,2.2473620792214694,2.6512502743378989,1.7273939338580098,2.4792881332464145,2.23037969166997,2.4388438169137887,2.510657460137409,2.0187751051762494,3.0738898648544006,3.2604017246026575,3.0383680586563219,2.8201221821496964,3.284453038398498,3.08669320667476,1.893460364625027,2.2835046604444457,3.203539782574498,3.369424234412628,2.3405931077850927,4.314566366741685,2.957736023253362,2.6414014599920576,2.2446487759330346,2.8446876883524836,3.799028409803167,3.046752338718658,3.194885425875152,3.5891623751529759,3.2374971705855639,2.315915871444076,3.1433144276034037],[2.6071821575848626,0.0,1.5175799451352912,1.425320758920949,1.5159846239023545,0.8625893815603886,2.022914989439391,1.7472579508957676,2.0417882831639444,1.7381381650151958,1.3808127602097318,1.6414288149875794,1.0013192430100757,0.9111736098148872,2.0879887105971628,2.4980286115551615,1.447717188225818,1.822457522798309,2.4787478856790434,0.9336767176450628,3.023174963114525,1.8653919259839714,2.4579936769868175,2.633113008221418,3.7930443393619175,2.761745122587257,2.7713551759023278,3.897583901648562,3.6308332916144807,3.7181945923923105,2.9718443261392935,2.382394917511166,3.6442074708572225,4.028383421232728,2.8284710471831078,2.5690427466305856,2.7930220498166644,2.977425173065046,2.3945805190569136,3.7577890120543495,2.704622277780335,2.9757734002836049,3.805919970982196,2.781158080091403,2.693629117728899,3.5589398744066007,2.800911838347157,3.8582929211974394,2.7640132616928847,3.6197312331216344,3.047509147068882,2.259936855023657,4.180961150572385,3.4517272656330877,2.80943318063385,2.414178815665806,3.215209610975781,3.2381944255377625,3.413922781063287,4.03484594317835,4.041113871252292,2.60495685803053,4.740804737036399,3.385351114136937,4.180534847869449,3.407313325841162,4.347593781837506,3.6070001511222156,3.332397028199152,2.22341840217666,1.969635344194904,1.3020246869497643,2.0436805412687337,1.9925508560909953,2.530962851466378,2.175162069789306,2.0643473252614554,2.039637288132234,2.285359642020244,2.5793139399976736,2.5847657274423767,1.8855156584587676,2.059950868438392,1.7784980691302835,1.7866858183108907,2.8240740340458068,1.9874438602617648,2.159272825316123,2.0281619717859038,2.306865473132056,2.1910346015665107,3.044186016534728],[1.3271294953818025,1.5175799451352912,0.0,0.7266738164337582,0.62811788039917,0.6618736008065653,0.7165654141015266,0.3901973994398027,0.8479577966304029,0.28463623334929735,0.9502537075725012,0.5739429812247987,0.5410683514200027,0.6085110615873758,0.7839739237967129,1.0894536841851257,0.713402037832943,0.3689578021237461,0.9620767269497578,0.5919841341922912,1.5607456842048993,0.36244185622314925,0.9514964215058813,1.871486258959364,2.600321377310106,2.1465264254237548,2.0490644343654496,2.963475256292587,2.7982200868665396,2.5849384795172787,2.0640051008270716,1.5878394639531779,2.5761075965568316,2.771229403011554,1.9067690556107582,2.0533058174529206,2.0418151791240839,2.2413876963505556,1.6511709889233819,2.6642767564138056,1.872943527424545,2.4500020029353508,2.526495768634776,2.4622609159857817,1.784042173582432,2.7229230391056755,1.7284002363966165,2.4468386672601887,1.6734919586119784,2.113527020072196,1.8281895661362598,1.3653274299662238,2.906209657190797,2.0173398559093407,1.8775181661243504,1.665143111070096,2.0708320719493717,1.7792460070778598,2.0626886848222858,2.664016929558809,2.6441666646661186,1.4772258890473256,3.2284138923410925,1.895204767824882,2.71267565300574,2.0322772748637609,2.849566972227718,2.274587932507659,1.9112507419387184,1.8803152793732013,1.980393812269569,1.711242280585506,1.6200424935232268,2.0056649880225088,1.9914275830525568,0.991940260339994,1.2008052737431428,1.9437477161676185,2.139170807805964,1.514790034092371,3.0075294933259735,1.6973085970823545,1.4793508853863303,1.0479682430459112,1.576616715475555,2.624982152290491,1.797034024499859,1.9631352119610064,2.2845550913088594,2.0363801301355899,1.2861432969289293,2.2471509567701966],[1.2013640373178783,1.425320758920949,0.7266738164337582,0.0,0.1461566941680263,0.7227222426809326,0.6905616245826883,0.5724954656225845,0.646484536184833,0.9899838322493171,0.23748150303546679,0.30214384965166676,0.6053515630834312,0.7946450906879755,0.7404884020629466,1.171780824074299,0.02778431422916865,0.7137824286406888,1.373821421282066,0.8201755388345,1.7161988510054725,0.8293728183709062,1.2945270290414266,2.5905056876813976,3.2885113324195007,2.8547893360142848,2.7670295960280875,3.687050624672188,3.524890027473449,3.287212813096064,2.7906788738424117,2.3052050905218457,3.2893878506063345,3.4360216726788517,2.6334307897404605,2.7457412026891769,2.7620684184293577,2.9624633882193116,2.3645300963378208,3.3728369856519895,2.5968298728618177,3.152045836228757,3.187012756207967,3.1312056383233717,2.5103429177365896,3.4495860391620196,2.450229594472633,3.0303094806206385,2.394329998238558,2.559664536544082,2.524037415604535,2.0872150812113716,3.5618153324018357,2.5926219689235254,2.6041919722146056,2.37942292734606,2.7782994027045939,2.335866206437196,2.6999582267757749,3.273382576931276,3.2347875525680744,2.197045885756744,3.6167514095843544,2.394652689262617,3.2248103737369679,2.6558739148036696,3.2988235390460898,2.9162576413787946,2.5034251246571528,2.534484841186758,2.5519816684232365,2.1307924990703666,2.2783363667806055,2.5781575768300186,2.6859404502468378,1.715104957071801,1.9156484844778313,2.542049482767184,2.760112712631381,2.2393653310576187,3.5020030274579878,2.3037438789300235,2.161980071118406,1.7321686996723538,2.179399927789244,3.2742656656653654,2.4108198952417827,2.5877725592606279,2.801815728111945,2.681593922955276,2.00737185385685,2.9717723201452714],[1.0932752501786465,1.5159846239023545,0.62811788039917,0.1461566941680263,0.0,0.7558843531286243,0.5529146999880885,0.4298769015688677,0.5296440396865836,0.875755402224556,0.377844427039765,0.1572830303875449,0.6228188540447731,0.8081656258239834,0.6067643072911259,1.037733451818906,0.11991700886908578,0.5726958320571868,1.2277167211403087,0.8272444843000382,1.5818793379893946,0.6912068540393872,1.1486225656669889,2.499574758539261,3.1585107277287207,2.772175036358083,2.6770825609731454,3.573728572903735,3.4200826477901038,3.161508787606846,2.6860018829213625,2.215705886897562,3.1684642630338679,3.3009086703764756,2.5293511272461135,2.6720028036207639,2.6699268956421675,2.869434436596189,2.278174669824859,3.2495533293216187,2.500305067237844,3.0734276033949547,3.0514266900134325,3.0685998746047997,2.4087098623230767,3.3450124823620914,2.3361820441148515,2.8869288290747256,2.279489504366062,2.4136217507674186,2.397259781478165,1.9933770526287862,3.4250965781020108,2.4491803473501969,2.4996380061072305,2.292395827035378,2.6552261351691488,2.191762526450225,2.56170679033866,3.1316511513112719,3.0916988849626549,2.081752012727907,3.4726839419741,2.248754373873225,3.0788336658336554,2.516148675869974,3.152948705643981,2.7782584169996515,2.3611917838408256,2.4766184566003859,2.5204969890878767,2.1344561300036015,2.218245237218112,2.54652105997517,2.6110831908209319,1.6039961381397166,1.827946053452671,2.5027211702689926,2.7143554680707044,2.1287956992817058,3.4942841736888017,2.261002912511452,2.09186485700367,1.660054941296587,2.13717530291938,3.2196203820566957,2.3662458795211829,2.5403166442901918,2.7860193407375877,2.6273431247107315,1.9142516274914854,2.8739450094238698],[1.801249480203901,0.8625893815603886,0.6618736008065653,0.7227222426809326,0.7558843531286243,0.0,1.1922222293888077,0.8950513083216796,1.2431628310404597,0.9071267411041148,0.8099409107213494,0.8438160725939389,0.145793235196617,0.12194131243120078,1.2603450343046723,1.652461052856987,0.7348275408816734,0.9612973393498322,1.6186722999415829,0.1642249113022455,2.1677432564780005,1.0032137048261077,1.595449460914159,2.166238746128589,3.1277467714641515,2.3795718372487695,2.3316002463867195,3.373225359873655,3.156742125067883,3.0838726172880226,2.440855659784516,1.884851796801343,3.0436483148425097,3.3304261005519746,2.285425532673717,2.2324166689660309,2.338655258701856,2.538102972283752,1.9246848075259915,3.1453152428461585,2.2038951336635108,2.6512919772780649,3.0939549885576906,2.5649857219077369,2.15175272544551,3.08150883103957,2.1793586333102246,3.0734858008564176,2.1321855555809736,2.7747200134951934,2.357380083708529,1.7030965507342362,3.4744811003418274,2.652075267105901,2.260392934879467,1.9424759907644789,2.5669339141564788,2.4235273892215445,2.6597947543190485,3.273949117179159,3.265378665093235,1.949252585924148,3.890268646334459,2.5517986525246405,3.362670126623185,2.640292749965575,3.509253128193731,2.8646333744841199,2.5396159680230938,1.9626396272996949,1.8985805047135547,1.418816972246398,1.7223993229537656,1.9247773241212774,2.179172131317457,1.4741356277433322,1.508132166659533,1.909687144939328,2.1430602767735467,1.9539955297772927,2.7982933253856077,1.6863333600113,1.652523287119403,1.258138486021173,1.5635761719669815,2.6781549504118145,1.796654983714214,1.9790358693560877,2.1129742187053308,2.09354004577185,1.6242034892695277,2.5743182032639808],[0.6214721995325738,2.022914989439391,0.7165654141015266,0.6905616245826883,0.5529146999880885,1.1922222293888077,0.0,0.3304417651513607,0.18373519667849848,0.800753052090512,0.8897297289071909,0.3999839781776942,1.0464620880536344,1.199863212064189,0.06981981358711864,0.48643070797023688,0.6627774533981584,0.37613758279456557,0.7547017227268102,1.2025153839285517,1.02958359284685,0.473519318801783,0.648351891932766,2.4150792623579444,2.833670546099187,2.7201041187833989,2.5924827193275097,3.3494716206736645,3.2450166048998456,2.8664164908423088,2.525543606192059,2.147767315411356,2.904233458180369,2.9356903217584255,2.37620971332536,2.6627506048509099,2.574736555667662,2.765053409210712,2.2231050668617868,2.96915514265317,2.387746294864234,3.033104513559184,2.685057431342697,3.09817997106895,2.2722607178651468,3.1723269494722006,2.132025038292993,2.4450837452387694,2.072350376383755,1.9023204352473667,2.1090402923365998,1.9132812776941029,3.0455332988444256,2.0109951490471587,2.3447543084415036,2.23360112862124,2.386284356827656,1.7474868540622318,2.178680259741168,2.7073149335277466,2.6519474648816776,1.878893645808251,2.934470531908717,1.7661888453600326,2.588117511134879,2.1195940376755244,2.634137151551563,2.394430889080929,1.9396285606251849,2.5401658766213357,2.683555595662577,2.4240444155949665,2.2813010547087715,2.708355002875399,2.5985023384440426,1.4517643772200142,1.7866353079758253,2.6375831792183175,2.819404821424967,1.9523441845152124,3.721747111976102,2.3904905228365238,2.117817067391276,1.7001941224273225,2.2729936329283775,3.2790871625531379,2.4853954084220075,2.6433073006680058,2.9976487652662846,2.701246232725785,1.841638209847779,2.7452567066039985],[0.9497836178817725,1.7472579508957676,0.3901973994398027,0.5724954656225845,0.4298769015688677,0.8950513083216796,0.3304417651513607,0.0,0.4593833822548105,0.5292943949851253,0.8076138823494462,0.295278568930242,0.7505102927792958,0.8877283486471189,0.399521424672247,0.7581615088389841,0.5481744241168733,0.14423581027632963,0.8146025998384281,0.8861937774106542,1.27592322583732,0.268126733210108,0.7522762808973381,2.1781219503694424,2.7417165786608246,2.4706906017956156,2.3565945445740277,3.190330846219875,3.0571478669271574,2.7526219206483946,2.326857156598021,1.9015763006533125,2.769295504222215,2.8761840408875178,2.172786236789253,2.3960666265618899,2.3436143229673385,2.5392008110957899,1.9719627872197508,2.8453336056336355,2.163786987567371,2.7802218183456399,2.6261994700873174,2.819553146977701,2.059475018521392,2.9829232813221564,1.9558306166236903,2.457814017577271,1.897550209869551,2.006312116435172,1.9877910431691304,1.6704207961818274,2.9983973535275978,2.0201298053310055,2.1420703564395557,1.9841158513898923,2.2527513103087339,1.763669352365357,2.13367331134802,2.7017760227011515,2.6623271208331147,1.700074477375542,3.0867040812865049,1.828783293418032,2.65931834573942,2.0869499329063805,2.747997933514028,2.3504039443285729,1.9313801759095999,2.2483682343006157,2.367920883706743,2.0937696067195596,1.9881976089664615,2.3930356029166668,2.3327367033845345,1.2390337586061889,1.5257950795760729,2.327635680923241,2.517297175448927,1.7587332162973657,3.397716471341845,2.080706187923974,1.8352446573543267,1.4090744138458214,1.9612499164726665,2.9914269269370195,2.178434958420122,2.3410348683207369,2.674715058349688,2.4071663330081658,1.5947002642334803,2.5311539404688077],[0.5654187846359967,2.0417882831639444,0.8479577966304029,0.646484536184833,0.5296440396865836,1.2431628310404597,0.18373519667849848,0.4593833822548105,0.0,0.966090178915331,0.8108804916265459,0.4027561709626711,1.0996130386299377,1.2679450263452719,0.16680722518100569,0.5503241041624333,0.6197581015281163,0.5389515866722989,0.9152047544367397,1.2763543568906255,1.0872698115149347,0.6470242292481035,0.7995917573913433,2.593358629232718,3.011745733902572,2.89609455285086,2.7710691314878974,3.5329980579650819,3.4285164106221539,3.04707684916229,2.7083664752552107,2.3240170161245019,3.086684219925483,3.1084146542239337,2.5586351419464927,2.8340994082166919,2.754093745522696,2.9452877209477248,2.3983217929825568,3.150708139286102,2.5680222356079076,3.2084592925072368,2.8580367484741426,3.2655500199128237,2.453784059629353,3.3557648380330309,2.31566131680553,2.60200781086622,2.256002373076148,2.030349904507938,2.2909893463120718,2.0899580016034497,3.215685900717649,2.170578587519274,2.5272216916100547,2.409209094224678,2.568893938039376,1.9065591417564075,2.3501070976316029,2.868443904583663,2.808908888413822,2.062398549230935,3.0339699838677687,1.9109751071243016,2.7253820295508586,2.28870395725639,2.753663265129985,2.5651359118766146,2.103926874324686,2.7012802570203826,2.8272483476300409,2.535894105726848,2.4415788649079546,2.852382072209935,2.770093429023371,1.6324095672106132,1.9588436705392676,2.786707051293764,2.974522979287027,2.1352195786963796,3.8536345979344288,2.539715503181793,2.2829528371746279,1.860963863709571,2.4204938798191675,3.442581525621384,2.636919003182749,2.798261959153852,3.131673723005119,2.8612169596550816,2.0173649561313855,2.9268881913645949],[1.3561516928180198,1.7381381650151958,0.28463623334929735,0.9899838322493171,0.875755402224556,0.9071267411041148,0.800753052090512,0.5292943949851253,0.966090178915331,0.0,1.2206223481723005,0.7889406464661275,0.8028666239021046,0.8313571256879934,0.8578899803398331,1.058366158608585,0.9735916120328022,0.42722985620026757,0.7898801533943145,0.8053047599490447,1.4596083302221286,0.3335396717951928,0.8156601454198611,1.6499124255519462,2.3169526361571437,1.9414216346707279,1.8283995506049147,2.698421022519933,2.5465752648472415,2.3046122042247978,1.8131708789718875,1.3724206122011405,2.300673823490626,2.486602201200247,1.6572816577128982,1.8698765579296497,1.8164205688578795,2.013098640262524,1.4426845429222087,2.386370622029253,1.6390263802065397,2.2512263007163715,2.241987671135938,2.2994813899376256,1.5397188874571813,2.471721358025358,1.4610225060644775,2.1733517759756206,1.4047408152715655,1.8820973572956319,1.5457114933953953,1.1418441805467153,2.621812170024617,1.7476690098818373,1.627156988229066,1.4548219469429127,1.792167131809608,1.5164832978250087,1.7805075691745576,2.385014848435931,2.3686353910253299,1.207264436442947,3.005156411868989,1.6489320400713515,2.4557128663849947,1.7522198259810032,2.609977760735238,1.991597615177852,1.6380648836613537,1.7396358442508347,1.9042750254527877,1.7368053971013034,1.4811468146553342,1.928303692885214,1.8061907973192615,0.7283829098793557,0.9972172897247748,1.8488399211179059,2.022574646468255,1.2531280478963563,2.9627553611098156,1.6024909845839846,1.3175174528952037,0.9002094231222684,1.488640933159312,2.4784182991055929,1.6935018086304532,1.8468600811523444,2.2375672827400758,1.9010649370588436,1.0656787406874287,2.0091314348457187],[1.334596634120046,1.3808127602097318,0.9502537075725012,0.23748150303546679,0.377844427039765,0.8099409107213494,0.8897297289071909,0.8076138823494462,0.8108804916265459,1.2206223481723005,0.0,0.5259619533431286,0.723584616363262,0.9054245951026229,0.9307623656151313,1.3562553654954808,0.2599794925927834,0.9499281222913968,1.6001264048426849,0.9383053353248835,1.8973867051477409,1.0665618935580186,1.5149788207788609,2.799238622240177,3.5247509490813337,3.0549370025924436,2.974526445040945,3.913712857499076,3.744924971639991,3.521666294894633,3.0112122023154646,2.51319352958654,3.521263264002295,3.673435944008295,2.8536493551398229,2.936906877299704,2.9716411718013537,3.172572447674017,2.5694047643727249,3.606031719461812,2.8106544224863869,3.3475535126011346,3.424467491919121,3.3091599467540084,2.72869923930801,3.6694761170806236,2.6781315804343848,3.264690523343884,2.6228139970907899,2.780211513233213,2.759151596061474,2.2996679241188597,3.799294653204087,2.826933431270337,2.8248301104521147,2.5849047457080278,3.0115500973911026,2.569219623438007,2.937290864770832,3.509343634279156,3.469517852384113,2.4260039626338014,3.8241833448542876,2.6224146849925096,3.4517362358624568,2.892838758296387,3.517074723206124,3.1536328601789016,2.73898954872542,2.708678023124249,2.6938851491993476,2.22720098174719,2.4560463269325,2.7201357265617118,2.878436425953273,1.9419297046427769,2.1230829074548525,2.6939591567106175,2.919122513950746,2.465039248700673,3.6079115458652799,2.4609923638795174,2.3510956408374237,1.9253866323591316,2.3366865587704885,3.4425738099263207,2.5697847944766809,2.7494858163313515,2.921647286444673,2.8510741308830087,2.2194008443276957,3.1862513743098717],[0.9672806217274488,1.6414288149875794,0.5739429812247987,0.30214384965166676,0.1572830303875449,0.8438160725939389,0.3999839781776942,0.295278568930242,0.4027561709626711,0.7889406464661275,0.5259619533431286,0.0,0.7021122983343292,0.8771404943382548,0.4574818184097098,0.8862916845323998,0.2750075489127453,0.4392980083229411,1.0745119761495179,0.8896130467383172,1.4295128623716749,0.5631664235110199,0.992707475854856,2.433288342189672,3.0368130185373278,2.715665828976325,2.6115630567804439,3.475801681729624,3.333827806634346,3.0463416729276688,2.601173695419176,2.1522236331015964,3.06029739813186,3.170935145540422,2.4456930809547785,2.626721792916002,2.601612751796479,2.799505304550634,2.2184827099244694,3.137872570653797,2.426756480389465,3.0211593897405666,2.920825623800107,3.0356446144462785,2.328658242200996,3.259170371456047,2.2392519285102376,2.7418012403522886,2.181576426498022,2.2580882965457009,2.2814621870795039,1.9251811256220897,3.292364335061142,2.304087819036204,2.415415266477567,2.2317948681957215,2.544599493961483,2.045212681821432,2.426850292050058,2.9899155299411688,2.947151793654622,1.9837497648087524,3.315413240912327,2.096572791079532,2.9261346978941025,2.3786183426750107,2.9968856277596598,2.6436882528728469,2.2187986306421227,2.4509887415178079,2.5247932371403216,2.177859838673873,2.1910452335977808,2.550553938033887,2.5646171726899626,1.5140647433741903,1.7686220296035909,2.4983229985160935,2.7019413366490245,2.037360340032447,3.521697197139794,2.2537400716467594,2.053212894604026,1.6216224090425525,2.1310956730021446,3.195648325216445,2.3564388607069097,2.5265427228887398,2.8065208388616296,2.6054188209884399,1.8473820345657382,2.79778967893492],[1.656320259685401,1.0013192430100757,0.5410683514200027,0.6053515630834312,0.6228188540447731,0.145793235196617,1.0464620880536344,0.7505102927792958,1.0996130386299377,0.8028666239021046,0.723584616363262,0.7021122983343292,0.0,0.18929437399468053,1.1146385559229253,1.5073480471001382,0.6142075218773614,0.8211844454475813,1.4875329971016112,0.21676246673387704,2.0246211585586026,0.8694839320451524,1.4593667281403263,2.160290427921047,3.0658537768598617,2.3892107079736997,2.329661981058412,3.344749249698134,3.1405941066009954,3.030323962918459,2.417162953706322,1.8758547921362019,2.9988402523509287,3.258819750497933,2.260377686313435,2.2529590268749288,2.333453188541374,2.534132140738023,1.9214644017344147,3.097019085520602,2.18976890863331,2.669616905103251,3.0192155398120805,2.6041109766536074,2.1284640361861388,3.065093078567744,2.13543388302581,2.975982135326822,2.0859554284934469,2.653056975110769,2.292781980402198,1.682605925777434,3.4000218759770237,2.5503769207308428,2.2341519324383936,1.9385646214214536,2.5126465386448988,2.3165973664974488,2.573885037562443,3.1838399319683439,3.170474632136391,1.8983043189197937,3.76463087297673,2.4362508952579149,3.252474743299508,2.55020205826695,3.3901494856476774,2.7816478498392884,2.440836763852425,2.0015780025410638,1.970317563585503,1.5254809032292379,1.7543918836037274,1.9965682631437656,2.1974083941092847,1.4158993182335498,1.4917882944548414,1.9720408954119154,2.199770360242569,1.9115325213482038,2.8986646639814825,1.741556663546259,1.6682952399904512,1.2581557708894185,1.6175535601792482,2.7281869071816318,1.8510136358142609,2.031912684452018,2.203455421865982,2.138926347289628,1.6026022529850095,2.5633632870227385],[1.8170196908047017,0.9111736098148872,0.6085110615873758,0.7946450906879755,0.8081656258239834,0.12194131243120078,1.199863212064189,0.8877283486471189,1.2679450263452719,0.8313571256879934,0.9054245951026229,0.8771404943382548,0.18929437399468053,0.0,1.2691643467954424,1.6447048355710177,0.8033874923844673,0.936598507606051,1.5705731612178447,0.04235728234697374,2.1476383139224186,0.9637215250004241,1.5568556380964325,2.04458064969968,3.018488561962864,2.2577541296281868,2.2097438288635167,3.254051285466478,3.03580186380594,2.9714467530573347,2.3210926005185139,1.7634637593695937,2.9284319676206325,3.225444855576228,2.1659475196930715,2.111362320635386,2.2169349209983455,2.416307505372231,1.8029177128370089,3.0311143314250734,2.0829096556830999,2.5300820006930127,2.9907007682831088,2.447105629563808,2.032033244716041,2.9606081980592235,2.064369272722502,2.9847470954134915,2.017939808868854,2.7101072970585498,2.2498474619772854,1.5831667223682474,3.3708583356937447,2.56714023198109,2.1411371929769769,1.8207395945843868,2.4550683309076719,2.3435021149509529,2.5633411458457915,3.1797137721490436,3.1745281639135376,1.8367614095334413,3.829989874824163,2.4802580563878728,3.2846954375677237,2.5466108176662649,3.440759629766519,2.766176035107782,2.452448771252986,1.8445135447474098,1.791879999267072,1.3362177831712104,1.602777624544715,1.8181170302062513,2.0578828263397388,1.3652775002922957,1.3877252614714655,1.7988176912050727,2.0301610346021077,1.8387753926882547,2.7102474141769394,1.5726589477237359,1.530931325081121,1.136363313739064,1.4493867989589043,2.563225656321472,1.6827580552350053,1.8647482169772088,2.017325876370579,1.9770680357972055,1.504510661035653,2.4529569439079168],[0.5516677749579103,2.0879887105971628,0.7839739237967129,0.7404884020629466,0.6067643072911259,1.2603450343046723,0.06981981358711864,0.399521424672247,0.16680722518100569,0.8578899803398331,0.9307623656151313,0.4574818184097098,1.1146385559229253,1.2691643467954424,0.0,0.43140752510891935,0.7127776557799869,0.4371589752299005,0.7488650315015549,1.2720665387955437,0.9758470472216048,0.5271104870202276,0.6350165641917072,2.46001645519877,2.846872089761079,2.7674494287428637,2.636962477924092,3.3763708389477284,3.2782651871270955,2.8842082389468968,2.5620290131187208,2.195104134618492,2.926477580517005,2.94184239941492,2.413955439595581,2.714048770505207,2.618190991469472,2.80712797992536,2.271409390870685,2.9889301488890864,2.429895508325549,3.080967276460947,2.6915123634128328,3.151963877950289,2.3121932950705088,3.205983834456845,2.164483176557759,2.436918952332719,2.104662162216047,1.8762945288465685,2.1300151841512164,1.960320560873267,3.0488944221492826,2.0048194498315277,2.382396203522351,2.2815279637187668,2.409154972415745,1.7408583065481507,2.183413641884585,2.702457184429451,2.6438364421659128,1.9125829528818328,2.8962200238214135,1.7495579447519805,2.5673062869813805,2.121897947770501,2.604282673230922,2.3983799596832857,1.937391678899746,2.597412085388126,2.746826409809328,2.4926439717991766,2.339036748154501,2.771530860932511,2.6496466748950859,1.4939495385489428,1.8377640780361396,2.6993232720418316,2.8790492447998816,1.9889124323737198,3.787438790986836,2.4522853493108345,2.173252246259358,1.7580688173055473,2.3353527477659687,3.33495811254898,2.5464186381510265,2.703068508287819,3.0630454398002588,2.7589515671097497,1.8896927871817125,2.784780468649046],[0.37006387478866789,2.4980286115551615,1.0894536841851257,1.171780824074299,1.037733451818906,1.652461052856987,0.48643070797023688,0.7581615088389841,0.5503241041624333,1.058366158608585,1.3562553654954808,0.8862916845323998,1.5073480471001382,1.6447048355710177,0.43140752510891935,0.0,1.1440923829186188,0.7220630775221962,0.5541327110629628,1.6412219165810878,0.5444444963964632,0.7466649099945601,0.42161180341620038,2.4969907788958984,2.663350098226601,2.8191521139990964,2.667533291065718,3.2721991948953215,3.2179648502920359,2.727662378533414,2.533749843984043,2.256188804891706,2.797045444576443,2.7172668869381977,2.397345852247042,2.7997265578631986,2.641038373893968,2.8166663191188285,2.3388541203413797,2.8433371689349129,2.445786130270671,3.133210482357118,2.471377896186426,3.2549104619211439,2.3135983107716249,3.149267082179931,2.115462006607352,2.1436773863684137,2.056039109148853,1.5105234619117525,2.0058019545495289,2.024432476948912,2.8081939901105636,1.7278829990145333,2.365614906401569,2.34568951743014,2.2913077566884429,1.4674221062197986,1.9614040986676749,2.4226418557713669,2.3486741911183128,1.8786684912113965,2.485831849460755,1.4263979912413845,2.216261897152641,1.8876348777422188,2.2193601538792815,2.1684051812880029,1.6824009325763596,2.7392458774488914,2.952149099474467,2.7826049167101578,2.4893132941630156,2.975459397346478,2.7348567374757977,1.5366761760428765,1.9386684567549837,2.887106808725284,3.0420561782175956,1.9732227178260149,4.018168941839579,2.6435279884840869,2.3044416851021909,1.921355702910163,2.5345423252068017,3.455868032976634,2.727917935043799,2.869167073375067,3.293649297374099,2.903365469205172,1.9638357986379245,2.7753940180078686],[1.1757599208567982,1.447717188225818,0.713402037832943,0.02778431422916865,0.11991700886908578,0.7348275408816734,0.6627774533981584,0.5481744241168733,0.6197581015281163,0.9735916120328022,0.2599794925927834,0.2750075489127453,0.6142075218773614,0.8033874923844673,0.7127776557799869,1.1440923829186188,0.0,0.6900724433222854,1.3475428234136478,0.8277984232310665,1.6885186480229773,0.8066645715679458,1.2676032371226747,2.5800302462785984,3.268555562602184,2.8461769920714419,2.75680075623085,3.6714877749831276,3.5113622519849798,3.2684471118553337,2.777109638392253,2.2949890763989475,3.271885214049622,3.41455467943987,2.619980085659482,2.7390063213316067,2.7513520461599669,2.951577067523963,2.355015058686581,3.354722410392976,2.585105018859561,3.144336229994667,3.165390163990079,3.1268540968841496,2.4974399052791087,3.436107234824703,2.4343775331895047,3.0058584405104895,2.378275940620024,2.5328522684445335,2.504929443355876,2.0759872816626676,3.5398423025519798,2.5681372886369604,2.590626573737887,2.3697646823430835,2.7602005239554745,2.3110619106529266,2.677454468549008,3.249632227213798,3.210469975928209,2.1808507645173518,3.589227011357344,2.3686680570448117,3.19873152152578,2.6328600986606807,3.271852173377903,2.8938457713068947,2.4794587174452316,2.5309918040007934,2.5537162031131794,2.1389827751283287,2.2743245380878949,2.579869180354091,2.678958153840554,1.699813767001263,1.905718947468475,2.5422560551345425,2.7591005759852855,2.224321876700036,3.5084016088783986,2.303215691824837,2.1558688132368406,1.7254810056198813,2.17893435262204,3.2715597219408178,2.409960157767098,2.586385307480267,2.8065939120863927,2.6788656828521657,1.9962815868650848,2.95980482969876],[0.964793338336208,1.822457522798309,0.3689578021237461,0.7137824286406888,0.5726958320571868,0.9612973393498322,0.37613758279456557,0.14423581027632963,0.5389515866722989,0.42722985620026757,0.9499281222913968,0.4392980083229411,0.8211844454475813,0.936598507606051,0.4371589752299005,0.7220630775221962,0.6900724433222854,0.0,0.6921287781654858,0.9287326604519843,1.2110467496669584,0.12630837424795655,0.6442986643318853,2.063086932884755,2.5983000486906708,2.3614023982733949,2.241327820874186,3.0545738107263098,2.9273047744168645,2.610709713198394,2.199143632449856,1.7901564932165779,2.6296384301990245,2.73194948092963,2.0462025333099835,2.2956347575257896,2.226459136465471,2.4202824252164625,1.8629593747347138,2.7044348175908969,2.0437676670150308,2.6728157983931974,2.481964487182559,2.726701171441956,1.9355533167941002,2.853404659988285,1.822194517864368,2.317492400181293,1.7635301428849295,1.8825216654178175,1.8460299830171095,1.5571139865887523,2.8542390448433085,1.879992319879219,2.0152337201898264,1.8743391058333912,2.1125370014069739,1.624853607869644,1.9897207350250653,2.55961264587793,2.52157754957263,1.5665405033647287,2.972951394492524,1.6969205184268886,2.5270371347216789,1.9434937850986552,2.624534186120895,2.2064135961551067,1.7896982620164808,2.165003499106594,2.3100042861087619,2.0764025937148484,1.9058408427549965,2.334650762718557,2.2317344670758887,1.1131297515196162,1.421069150369596,2.262205691755973,2.4432682827712024,1.62880544580701,3.3541164125626525,2.0151547150433037,1.744571273921733,1.3247641535547792,1.8982086524386024,2.9050134059546135,2.1095561068082655,2.2671698090424829,2.6291559522579908,2.32575296972994,1.4830902012375096,2.408223849983617],[0.923427939315914,2.4787478856790434,0.9620767269497578,1.373821421282066,1.2277167211403087,1.6186722999415829,0.7547017227268102,0.8146025998384281,0.9152047544367397,0.7898801533943145,1.6001264048426849,1.0745119761495179,1.4875329971016112,1.5705731612178447,0.7488650315015549,0.5541327110629628,1.3475428234136478,0.6921287781654858,0.0,1.5530616352225342,0.7171488545360875,0.6190730365615849,0.13350373883459266,1.9774210197884855,2.126836562484375,2.303810711986251,2.1431645101831866,2.7185596470765205,2.6653692851837045,2.182034511517549,1.9887830499070494,1.7535195610761272,2.245708181049953,2.2024205513317236,1.8565845858429282,2.3043125435860034,2.113417124393452,2.2823389255774835,1.8386527966810587,2.295161641039548,1.9168996222085333,2.615578733499302,1.9531824963304248,2.7658368579382319,1.7799807440312459,2.5971629722467406,1.5675486338472414,1.6903832609635328,1.5085693998507644,1.1918151670722217,1.452570650312306,1.528629290141199,2.304682718784102,1.2566419092943134,1.8250180734969546,1.843344201938971,1.7379224014418855,0.9929327063974696,1.4428747994074085,1.9537878181460482,1.8972458167014937,1.3368159391448085,2.282885530919047,1.0225224875335684,1.8516373828512374,1.3773796109629165,1.933671155723994,1.6558987251426212,1.1888572589982603,2.286078199175996,2.5548118153159868,2.495227341676192,2.0485470892355446,2.57621208661825,2.239962980872528,1.0432195274205325,1.4722699770548083,2.473080174517081,2.6021178118994285,1.436684800793693,3.633356761464066,2.2381826595514928,1.8517465337563739,1.512048058459175,2.140254456401847,2.977314088906509,2.3109167957045639,2.4348577976286109,2.9180563303274518,2.4496001401723395,1.4765081112000099,2.2347301026090324],[1.8215075956928018,0.9336767176450628,0.5919841341922912,0.8201755388345,0.8272444843000382,0.1642249113022455,1.2025153839285517,0.8861937774106542,1.2763543568906255,0.8053047599490447,0.9383053353248835,0.8896130467383172,0.21676246673387704,0.04235728234697374,1.2720665387955437,1.6412219165810878,0.8277984232310665,0.9287326604519843,1.5530616352225342,0.0,2.139369328784216,0.9504760079849052,1.5427011661545638,2.002223429715155,2.9795299212475769,2.2156804777497398,2.1674061595197369,3.2121688830273058,2.9935279002973487,2.931506447010186,2.2790757241263894,1.721126082097974,2.8876536409988629,3.1878317031833429,2.1240034315347735,2.0698039937812009,2.1745785872088816,2.3739574734262369,1.7605642285840762,2.990633826277506,2.0406312767032945,2.4884256504242057,2.953665081882233,2.4071232443806438,1.9900316729544728,2.918341453048695,2.023701648613256,2.9525109562961955,1.9775026514535037,2.686138505031427,2.2115106918771918,1.5411237019761448,3.333670974554075,2.5362738656717216,2.099250035619602,1.7783839090465348,2.4153326484646429,2.3143742693426225,2.528600552580335,3.1456165867381924,3.1415565675001368,1.7968906538898669,3.8072369070371527,2.453989907068814,3.256031302065408,2.5127995514013636,3.415281412201581,2.730737940521463,2.4208555609957775,1.8044569998323024,1.7568425263915613,1.311271155006733,1.5620083712609599,1.783088518498832,2.0161855596989888,1.3266916393100395,1.3455739267550615,1.7620100738029812,1.9924341611491175,1.7980556797221419,2.6824158552027668,1.534678180610584,1.489044690791395,1.0940100624652399,1.4112060094597197,2.524558210003323,1.644654331987902,1.826439059606962,1.9867228736833238,1.9377658052106464,1.4625293903762918,2.4106210391105566],[0.6779238893395253,3.023174963114525,1.5607456842048993,1.7161988510054725,1.5818793379893946,2.1677432564780005,1.02958359284685,1.27592322583732,1.0872698115149347,1.4596083302221286,1.8973867051477409,1.4295128623716749,2.0246211585586026,2.1476383139224186,0.9758470472216048,0.5444444963964632,1.6885186480229773,1.2110467496669584,0.7171488545360875,2.139369328784216,0.0,1.1992174511896948,0.6492677134018227,2.6420322614046944,2.51617530156327,2.9705340008215628,2.7987881902367417,3.2158976329017516,3.220212804179664,2.6162004053694978,2.5983817231673309,2.439154014811261,2.720442019897001,2.5088054081661035,2.482125776018814,2.991166918773374,2.763999949818739,2.9177002790090489,2.5254828631158596,2.7431896286579846,2.5678688907740887,3.276654599210437,2.277986115441735,3.4549056992125859,2.4240690453863444,3.157893291867864,2.1741406672179899,1.849270634337563,2.118699524365402,1.115070454625985,1.9729244795467252,2.2222306360503296,2.5731529440510587,1.4840391114287238,2.45159854155471,2.528295368860677,2.250901912369218,1.252564152750794,1.7901827903477597,2.139411148176192,2.0433286825606009,1.9711112173393198,1.9792574961175434,1.123997897228349,1.8205003023971729,1.7021661538085449,1.762407436708408,1.9734252702514843,1.4787769815544705,2.995396878455628,3.2719531927118039,3.1923222073562096,2.7618618766195319,3.293326421009952,2.927684594675695,1.7451736884526397,2.181250388852032,3.1895151429513328,3.3142588951182616,2.081507099908,4.350489511206712,2.9552428273760569,2.5628519447759956,2.2291857522741069,2.8573257395947087,3.672565885122264,3.0272475413030439,3.1485696288814379,3.634636834035486,3.158188558130404,2.1760758384111358,2.8546176070126236],[1.0257472958675123,1.8653919259839714,0.36244185622314925,0.8293728183709062,0.6912068540393872,1.0032137048261077,0.473519318801783,0.268126733210108,0.6470242292481035,0.3335396717951928,1.0665618935580186,0.5631664235110199,0.8694839320451524,0.9637215250004241,0.5271104870202276,0.7466649099945601,0.8066645715679458,0.12630837424795655,0.6190730365615849,0.9504760079849052,1.1992174511896948,0.0,0.5934030000611056,1.9473820562463667,2.4736575292212037,2.249073517098941,2.1253451841471358,2.928733461639286,2.8034459583126396,2.4848642351841,2.076367328254269,1.677036325028104,2.503335132954206,2.610221336348281,1.9240220245658919,2.1892771602867016,2.109352624096657,2.302040669949909,1.7513339048768749,2.57827276322818,1.9251078279749694,2.561472630706266,2.3605309189417205,2.6251813206670109,1.8147934533971009,2.7296906070812589,1.6970705749780256,2.208037884799678,1.6382881932333565,1.799349095907208,1.7201085858102237,1.4431054853424755,2.733895618775569,1.7712279518286156,1.8929413309881496,1.7621870439874157,1.9862659958762535,1.51896116239241,1.8708095966266188,2.4460720563255569,2.4111537986376505,1.4415100548809199,2.900785311027277,1.6025789459607905,2.430901799241714,1.8265963973165949,2.5405735832663947,2.0872520242302414,1.677698576583577,2.0711399297130379,2.235521563390759,2.0360138741026838,1.8132939664249149,2.259740798714801,2.1250581888387356,0.9920563824574764,1.3132520494836873,2.181899473252114,2.3559659177268235,1.5052209324898916,3.2893316298200188,1.9353633014624195,1.6461669805383368,1.2327865225174398,1.8207630106523723,2.8079211437340616,2.026903748760951,2.1803116364174466,2.563901084211088,2.233067375667325,1.3703429481610792,2.287774044611052],[0.7914314181122666,2.4579936769868175,0.9514964215058813,1.2945270290414266,1.1486225656669889,1.595449460914159,0.648351891932766,0.7522762808973381,0.7995917573913433,0.8156601454198611,1.5149788207788609,0.992707475854856,1.4593667281403263,1.5568556380964325,0.6350165641917072,0.42161180341620038,1.2676032371226747,0.6442986643318853,0.13350373883459266,1.5427011661545638,0.6492677134018227,0.5934030000611056,0.0,2.095147633733389,2.2583595124532644,2.4203101054210718,2.262735651905071,2.851837905846639,2.7966390181451894,2.315023061113208,2.116250733692025,1.8650465692779819,2.379209373179425,2.3296409050359245,1.9822432073597563,2.4140947761279629,2.2341503251196466,2.4056439869036527,1.9494592728307512,2.4284558167425058,2.0379748470849705,2.7330619229465178,2.0809630304988859,2.8739895644871318,1.9027615163672598,2.728131841519765,1.6962466511041606,1.802442664010038,1.6370395148939763,1.2655160929829668,1.5859824448398219,1.6373466515376123,2.42950881953056,1.3719010967523653,1.9505964380989849,1.9548934729261356,1.8712939531285316,1.1078441262175938,1.5702721916361005,2.070208760879738,2.009335777920172,1.4626692012845184,2.3344888111504646,1.1179434968101614,1.9418976802426076,1.5027509839573184,2.0043273439190645,1.7821656410808465,1.3096583092678729,2.382323404472846,2.6347079102121064,2.54371844788716,2.1404423522227895,2.6567129105072158,2.349503245326446,1.1495192633393648,1.5707764423134832,2.557751628212094,2.6948101386933427,1.5603764484651018,3.711267782843263,2.319730681045492,1.9469159342909626,1.5921737108426167,2.2182294731899727,3.0823129036138718,2.396138320481532,2.525564194752972,2.992341750080194,2.5462974755416556,1.5821531992478646,2.3604767491716207],[2.85848251722164,2.633113008221418,1.871486258959364,2.5905056876813976,2.499574758539261,2.166238746128589,2.4150792623579444,2.1781219503694424,2.593358629232718,1.6499124255519462,2.799238622240177,2.433288342189672,2.160290427921047,2.04458064969968,2.46001645519877,2.4969907788958984,2.5800302462785984,2.063086932884755,1.9774210197884855,2.002223429715155,2.6420322614046944,1.9473820562463667,2.095147633733389,0.0,1.3846942516726247,0.32850489350925568,0.1784884230191155,1.2675710112321659,1.0026481879962295,1.239359673890258,0.3864488801627651,0.2862281928652293,1.102632468329428,1.6861641390049112,0.3120654795910941,0.40852570401484447,0.17326347792695058,0.3