{"name":"DynamicObjectArray","generic":13,"parameters":{"array":[{"name":"MatrixSerializable","generic":11,"parameters":{"name":"distance_matrix_aa","value":[[0.0,5.9838437873236949,2.5917111411124824,2.778357433920567,2.5210875727875674,4.019848753842697,1.3075991625540016,1.9515482980341812,1.296330837495041,3.3720984171684087,3.0448329361953778,2.2055496948189465,3.6870299285571566,3.9723126805894415,1.1593985193684598,1.3283770968115774,2.7192614367785215,1.9666300812098952,3.3612892819822575,3.9492327711915036,2.0532423424615038,2.4370355908828076,2.8630000063289069,9.424595131162296,11.327057361124642,10.337289492939679,10.078779605583322,13.424397330050362,12.932873099465518,11.552241106757418,10.179023666846394,8.350041902778944,11.748795482667708,11.450570786673384,9.592182175791697,9.808302200106603,10.073025152075188,10.827917119127264,8.55104512487651,11.967197337284901,9.467616577867919,11.38049817830952,10.554965602068958,10.967657894300217,9.139543537684848,12.651950753664412,8.80779370995196,8.968500704843106,8.587636777365408,6.059038536024606,8.755923295063962,7.55091955067039,11.713467305860697,7.6160372222981229,9.479966601010699,8.61146828810821,9.808425413739892,6.703248702798379,8.660747187376757,10.060338218577805,9.663688824665386,7.84778669751661,7.306835548226198,6.270470974355714,8.465483570285567,8.360325832262971,7.679397190706062,9.40692112404938,7.546808092203108,8.736506812300377,8.06441323417964,5.940214924125501,7.876755655521863,8.153678797648413,9.60737287004699,6.101632993572008,6.885894279721555,8.277408913185902,9.201948033494153,8.065512345500947,9.900752507275243,7.575691206965685,7.625270371674002,6.08552104111007,7.145096518550776,11.246680722383294,7.9844565026171809,8.663249484700362,8.253045540084852,9.166192050193362,7.249897301076752,10.876284004462498],[5.9838437873236949,0.0,3.392132646211212,3.205486353403127,3.462756214536127,1.9639950334809969,4.6762446247696929,4.032295489289513,4.687512949828653,3.747115650193906,2.9390108511283166,3.7782940925047479,2.2968138587665378,2.0115311067342529,4.824445267955234,5.776704344715207,3.2645823505451729,4.176770355076124,5.571000508496169,2.0346110161321908,6.976032120548347,4.229002827038695,5.588089749108248,8.734134338895978,10.636596568858322,9.64682870067336,9.388318813317002,12.733936537784043,12.242412307199198,10.861780314491098,9.488562874580074,7.659581110512626,11.058334690401388,10.760109994407065,8.901721383525377,9.117841407840281,9.382564359808868,10.137456326860946,7.8605843326101889,11.276736545018581,8.777155785601597,10.6900373860432,9.864504809802638,10.277197102033899,8.449082745418528,11.961489961398094,8.11733291768564,8.278039912576788,7.8971759850990879,7.854966334114948,8.065462502797644,6.860458758404071,11.023006513594379,6.963825737486,8.789505808744379,7.92100749584189,9.117964621473572,6.696066769978496,7.970286395110436,9.369877426311487,8.973228032399066,7.157325905250291,10.380171342568019,7.206731101111933,8.640713948103139,7.669865039996651,9.301805610643,8.71646033178306,6.856347299936788,8.046046020034059,7.373952441913319,4.88471699823168,7.186294863255543,7.463218005382094,8.916912077780673,5.411172201305689,6.195433487455235,7.586948120919583,8.511487241227833,7.375051553234627,9.210291715008923,6.885230414699366,6.934809579407682,5.395060248843751,6.454635726284456,10.556219930116976,7.2939957103508619,7.972788692434042,7.562584747818532,8.475731257927042,6.559436508810433,10.185823212196178],[2.5917111411124824,3.392132646211212,0.0,2.723591373190005,2.346052282035251,1.428137612730215,1.587936521205581,0.9760984669687871,2.2755760335532875,0.9291976908515498,3.5250310478162478,2.0255447854751864,1.0953187874446742,1.380601539476959,1.6791449554271672,2.3845716985039955,2.677604445945865,0.784637708864913,2.1788678622849577,1.3575216300790212,3.5838994743371357,0.8368701808274828,2.1959571028970368,6.981694404845438,8.884156634807783,7.894388766622821,7.635878879266462,10.981496603733504,10.489972373148659,9.109340380440559,7.736122940529535,5.907141176462087,9.305894756350849,9.007670060356525,7.149281449474838,7.365401473789744,7.6301244257583289,8.385016392810405,6.1081443985596499,9.524296610968044,7.0247158515510599,8.93759745199266,8.112064875752097,8.524757167983358,6.696642811367989,10.209050027347553,6.364892983635102,6.525599978526247,6.1447360510485489,4.462833687903736,6.313022568747105,5.108018824353532,9.27056657954384,5.1731364959812649,7.037065874693839,6.168567561791351,7.365524687423034,4.26034797648152,6.217846461059898,7.617437492260946,7.220788098348526,5.404885971199752,6.988038696356806,3.827570248038855,6.022582843968707,5.917425105946113,5.909672964431788,6.964020397732521,5.103907365886248,6.2936060859835198,5.62151250786278,3.348503783013018,5.433854929205004,5.710778071331554,7.1644721437301339,3.65873226725515,4.442993553404697,5.834508186869043,6.759047307177294,5.622611619184088,7.457851780958383,5.1327904806488269,5.182369645357143,3.642620314793212,4.702195792233917,8.803779996066436,5.5415557763003229,6.220348758383503,5.810144813767993,6.723291323876502,4.806996574759895,8.433383278145639],[2.778357433920567,3.205486353403127,2.723591373190005,0.0,0.37753909115475406,1.707590450831288,1.4707582713665657,1.747492906221218,1.4820265964255262,3.6527890640415547,0.8014396746262427,0.6980465877148188,1.6485004569696229,2.16230986803513,1.6189589145521076,2.5712179913120805,0.05909599714204594,2.2473207280830418,3.641979928855404,2.31862647810165,3.7705457671452207,2.7177262377559545,3.1436906532020538,9.705285778035443,11.607748007997789,10.617980139812826,10.359470252456469,13.705087976923508,13.213563746338665,11.832931753630565,10.45971431371954,8.630732549652091,12.029486129540853,11.73126143354653,9.872872822664843,10.088992846979748,10.353715798948333,11.10860776600041,8.831735771749655,12.247887984158048,9.748307224741064,11.661188825182665,10.835656248942105,11.248348541173364,9.420234184557995,12.932641400537559,9.088484356825106,9.249191351716253,8.868327424238555,6.339729182897752,9.036613941937109,7.831610197543537,11.994157952733844,7.896727869171269,9.760657247883846,8.892158934981357,10.089116060613039,6.983939349671525,8.941437834249902,10.341028865450952,9.94437947153853,8.128477344389758,7.587526195099344,6.55116162122886,8.746174217158713,8.641016479136118,7.960087837579209,9.687611770922527,7.827498739076253,9.017197459173524,8.345103881052785,5.855868437371145,8.157446302395009,8.434369444521562,9.888063516920138,6.382323640445155,7.166584926594702,8.558099560059049,9.482638680367299,8.346202992374094,10.181443154148388,7.856381853838832,7.905961018547148,6.366211687983217,7.425787165423923,11.527371369256441,8.265147149490329,8.943940131573509,8.533736186957999,9.446882697066507,7.530587947949899,11.156974651335644],[2.5210875727875674,3.462756214536127,2.346052282035251,0.37753909115475406,0.0,1.49876118105513,1.2134884102335657,1.3699538150664639,1.2247567352925262,3.275249972886801,1.1789787657809968,0.3205074965600647,1.2709613658148689,1.784770776880376,1.3616890534191076,2.31394813017908,0.33155216391061428,1.8697816369282876,3.2644408377006499,1.9410873869468959,3.5132759060122207,2.3401871466012,2.7661515620472998,9.327746686880689,11.230208916843033,10.240441048658074,9.981931161301713,13.327548885768753,12.836024655183909,11.45539266247581,10.082175222564786,8.253193458497338,11.6519470383861,11.353722342391777,9.495333731510089,9.711453755824995,9.97617670779358,10.731068674845658,8.454196680594901,11.870348893003293,9.37076813358631,11.283649734027911,10.458117157787349,10.87080945001861,9.042695093403239,12.555102309382806,8.710945265670354,8.871652260561499,8.490788333083799,5.962190091742999,8.659074850782356,7.454071106388783,11.61661886157909,7.519188778016515,9.38311815672909,8.514619843826602,9.711576969458286,6.606400258516771,8.563898743095148,9.963489774296198,9.566840380383777,7.750938253235002,7.2099871039445919,6.173622530074105,8.368635126003959,8.263477387981365,7.582548746424454,9.31007267976777,7.449959647921499,8.639658368018772,7.967564789898031,5.478329346216391,7.779907211240253,8.056830353366806,9.510524425765384,6.004784549290401,6.789045835439948,8.180560468904295,9.105099589212545,7.9686639012193389,9.803904062993635,7.478842762684078,7.528421927392395,5.988672596828463,7.0482480742691699,11.149832278101688,7.887608058335574,8.566401040418754,8.156197095803244,9.069343605911753,7.153048856795145,10.77943556018089],[4.019848753842697,1.9639950334809969,1.428137612730215,1.707590450831288,1.49876118105513,0.0,2.7122495912886959,2.068300455808516,2.723517916347656,1.9451986132102668,2.5090301254575309,1.8142990590237509,0.33281882528554088,0.454719417203842,2.8604502344742377,3.81270931123421,1.6616035235871483,2.212775321595128,3.6070054750151727,0.6110360272703619,5.01203708706735,2.2650077935576977,3.624094715627251,7.997695327204155,9.9001575571665,8.910389688981539,8.65187980162518,11.997497526092222,11.505973295507375,10.125341302799276,8.75212386288825,6.923142098820803,10.321895678709567,10.023670982715242,8.165282371833556,8.38140239614846,8.646125348117046,9.401017315169123,7.124145320918367,10.54029753332676,8.040716773909776,9.953598374351376,9.128065798110815,9.540758090342076,7.712643733726706,11.22505094970627,7.380893905993819,7.541600900884964,7.160736973407265,5.890971300633951,7.329023491105822,6.124019746712248,10.286567501902557,6.189137418339981,8.053066797052555,7.184568484150068,8.38152560978175,5.2763488988402369,7.233847383418615,8.633438414619663,8.236789020707242,6.420886893558469,8.416176309087021,5.242736067630935,7.038583766327424,6.9334260283048299,7.337810577162003,7.980021320091238,6.119908288244965,7.309607008342237,6.637513430221498,4.148277986539857,6.44985585156372,6.726778993690271,8.180473066088851,4.6747331896138679,5.458994475763413,6.85050910922776,7.775048229536011,6.6386125415428058,8.4738527033171,6.148791403007543,6.198370567715861,4.658621237151929,5.718196714592635,9.819780918425153,6.55755669865904,7.2363496807422209,6.82614573612671,7.73929224623522,5.822997497118611,9.449384200504355],[1.3075991625540016,4.6762446247696929,1.587936521205581,1.4707582713665657,1.2134884102335657,2.7122495912886959,0.0,0.6439491354801796,0.6876395123477064,2.5171342120571307,1.9370945266106668,0.8979505322649448,2.379430766003155,2.6647135180354399,0.14820064318554183,1.1004597199455145,1.4116622742245198,1.1116658760986176,2.50632507687098,2.641633608637502,2.299787495778655,1.58207138577153,2.0080358012176298,8.569630926051019,10.472093156013365,9.482325287828403,9.223815400472044,12.569433124939085,12.07790889435424,10.69727690164614,9.324059461735115,7.495077697667667,10.89383127755643,10.595606581562106,8.737217970680419,8.953337994995323,9.21806094696391,9.972952914015988,7.6960809197652308,11.112233132173625,8.612652372756639,10.52553397319824,9.70000139695768,10.11269368918894,8.28457933257357,11.796986548553136,7.9528295048406829,8.113536499731828,7.732672572254129,5.204074330913328,7.900959089952686,6.695955345559112,10.85850310074942,6.7610730171868449,8.625002395899419,7.756504082996932,8.953461208628616,5.848284497687101,7.8057829822654789,9.205374013466529,8.808724619554106,6.992822492405333,6.45187134311492,5.415506769244436,7.610519365174289,7.505361627151695,6.824432985594785,8.551956918938103,6.691843887091829,7.8815426071891,7.209449029068361,4.7202135853867219,7.021791450410584,7.298714592537135,8.752408664935715,5.246668788460731,6.030930074610277,7.422444708074625,8.346983828382875,7.210548140389669,9.045788302163964,6.720727001854407,6.770306166562724,5.230556835998794,6.290132313439498,10.391716517272016,7.129492297505903,7.808285279589084,7.398081334973574,8.311227845082084,6.3949330959654759,10.021319799351219],[1.9515482980341812,4.032295489289513,0.9760984669687871,1.747492906221218,1.3699538150664639,2.068300455808516,0.6439491354801796,0.0,1.2994775665845003,1.905296157820337,2.5489325808474607,1.0494463185063992,1.7354816305229753,2.02076438255526,0.7921497786657215,1.744408855425694,1.7015059789770782,0.49982782186182375,1.8944870226341862,1.9976844731573223,2.943736631258834,0.9702333315347362,1.5557942598187354,7.957792871814226,9.86025510177657,8.870487233591609,8.61197734623525,11.95759507070229,11.466070840117446,10.085438847409347,8.71222140749832,6.883239643430874,10.281993223319635,9.983768527325312,8.125379916443626,8.34149994075853,8.606222892727116,9.361114859779193,7.084242865528436,10.50039507793683,8.000814318519847,9.913695918961447,9.088163342720886,9.500855634952146,7.672741278336776,11.18514849431634,7.340991450603889,7.501698445495034,7.120834518017336,4.592236276676534,7.289121035715891,6.084117291322318,10.246665046512627,6.149234962950051,8.013164341662627,7.144666028760138,8.341623154391823,5.2364464434503079,7.193944928028684,8.593535959229734,8.196886565317313,6.3809844381685389,6.347875853278504,4.8036687150076429,6.998681310937495,6.8935235729149009,6.212594931357991,7.940118864701309,6.080005832855035,7.269704552952307,6.597610974831568,4.108375531149926,6.4099533961737908,6.686876538300342,8.14057061069892,4.634830734223938,5.419092020373483,6.810606653837831,7.73514577414608,6.598710086152876,8.43395024792717,6.108888947617614,6.158468112325931,4.618718781761999,5.678294259202705,9.779878463035223,6.51765424326911,7.196447225352291,6.78624328073678,7.69938979084529,5.783095041728681,9.409481745114425],[1.296330837495041,4.687512949828653,2.2755760335532875,1.4820265964255262,1.2247567352925262,2.723517916347656,0.6876395123477064,1.2994775665845003,0.0,3.204773724404837,1.7485020987003366,0.9092188573239053,2.3906990910621155,2.6759818430944004,0.5964310781261202,1.1610524040480062,1.4229305992834803,1.799305388446324,3.193964589218686,2.6529019336964625,2.2885191707196945,2.2697108981192368,2.695675313565336,9.257270438398726,11.15973266836107,10.169964800176109,9.91145491281975,13.25707263728679,12.765548406701946,11.384916413993846,10.011698974082823,8.182717210015375,11.581470789904137,11.283246093909814,9.424857483028124,9.640977507343031,9.905700459311616,10.660592426363693,8.383720432112938,11.79987264452133,9.300291885104347,11.213173485545948,10.387640909305386,10.800333201536646,8.972218844921276,12.48462606090084,8.64046901718839,8.801176012079534,8.420312084601836,5.891713843261035,8.58859860230039,7.383594857906818,11.546142613097127,7.448712529534551,9.312641908247127,8.444143595344638,9.64110072097632,6.535924010034807,8.493422494613185,9.893013525814233,9.496364131901814,7.680462004753039,7.139510855462627,6.103146281592142,8.298158877521996,8.1930011394994,7.512072497942491,9.239596431285808,7.379483399439536,8.569182119536807,7.897088541416068,5.407853097734428,7.70943096275829,7.9863541048848429,9.440048177283419,5.934308300808437,6.718569586957983,8.11008422042233,9.034623340730582,7.898187652737375,9.733427814511672,7.408366514202115,7.457945678910431,5.9181963483465,6.977771825787205,11.079356029619725,7.81713180985361,8.49592479193679,8.08572084732128,8.99886735742979,7.082572608313182,10.708959311698927],[3.3720984171684087,3.747115650193906,0.9291976908515498,3.6527890640415547,3.275249972886801,1.9451986132102668,2.5171342120571307,1.905296157820337,3.204773724404837,0.0,4.454228738667798,2.954742476326736,2.004288607071932,1.7355845434596529,2.608342646278717,2.0437213203568307,3.6068021367974154,1.4054683359585132,1.8238848583022636,1.712504634061715,3.2289164703544417,0.9350628262856007,1.8409740989143427,6.052496713993888,7.954958943956233,6.965191075771272,6.706681188414913,10.052298912881954,9.560774682297108,8.180142689589009,6.806925249677985,4.9779434856105368,8.3766970654993,8.078472369504976,6.2200837586232879,6.436203782938193,6.700926734906779,7.455818701958856,5.1789467077081,8.595098920116494,6.095518160699509,8.00839976114111,7.182867184900548,7.595559477131809,5.767445120516439,9.279852336496005,5.435695292783552,5.596402287674697,5.215538360196999,4.1078506839210429,5.383824877895554,4.178821133501982,8.34136888869229,4.243938805129714,6.107868183842289,5.239369870939802,6.436326996571484,3.3311502856299706,5.288648770208347,6.688239801409397,6.291590407496976,4.475688280348201,6.6330556923741119,3.459615450918027,5.093385153117158,4.988227415094563,5.554689960449094,6.034822706880972,4.174709675034698,5.36440839513197,4.69231481701123,3.703486786995712,4.504657238353454,4.781580380480005,6.235274452878583,2.7295345764036007,3.5137958625531469,4.905310496017494,5.829849616325744,4.693413928332539,6.528654090106833,4.203592789797277,4.253171954505594,2.7134226239416625,3.772998101382368,7.8745823052148868,4.612358085448773,5.2911510675319539,4.880947122916443,5.794093633024952,3.8777988839083448,7.504185587294089],[3.0448329361953778,2.9390108511283166,3.5250310478162478,0.8014396746262427,1.1789787657809968,2.5090301254575309,1.9370945266106668,2.5489325808474607,1.7485020987003366,4.454228738667798,0.0,1.4994862623410615,2.4499401315958657,2.9637495426613729,1.885434416826918,2.8376934935868909,0.8474266018703824,3.0487604027092845,4.443419603481646,3.1200661527278927,4.0370212694200309,3.5191659123821967,3.9451303278282965,10.506725452661686,12.40918768262403,11.419419814439069,11.16090992708271,14.506527651549752,14.015003420964906,12.634371428256806,11.261153988345783,9.432172224278335,12.830925804167098,12.532701108172774,10.674312497291087,10.890432521605991,11.155155473574578,11.910047440626652,9.633175446375898,13.049327658784291,10.549746899367307,12.462628499808908,11.637095923568346,12.049788215799606,10.221673859184236,13.7340810751638,9.889924031451349,10.050631026342494,9.669767098864796,7.141168857523995,9.838053616563352,8.633049872169778,12.795597627360087,8.698167543797512,10.562096922510087,9.6935986096076,10.890555735239282,7.785379024297768,9.742877508876145,11.142468540077195,10.745819146164774,8.929917019015999,8.388965869725587,7.352601295855102,9.547613891784956,9.442456153762361,8.761527512205453,10.48905144554877,8.628938413702496,9.818637133799767,9.146543555679028,6.657308111997388,8.958885977021252,9.235809119147803,10.68950319154638,7.183763315071397,7.968024601220944,9.359539234685292,10.284078354993542,9.147642667000337,10.982882828774632,8.657821528465075,8.70740069317339,7.16765136260946,8.227226840050165,12.328811043882685,9.06658682411657,9.74537980619975,9.33517586158424,10.248322371692752,8.332027622576142,11.958414325961887],[2.2055496948189465,3.7782940925047479,2.0255447854751864,0.6980465877148188,0.3205074965600647,1.8142990590237509,0.8979505322649448,1.0494463185063992,0.9092188573239053,2.954742476326736,1.4994862623410615,0.0,1.48148023373821,1.766762985770495,1.0461511754504867,1.9984102522104593,0.652059660470679,1.5492741403682229,2.9439333411405856,1.743683076372557,3.1977380280435998,2.0196796500411358,2.4456440654872346,9.007239190320624,10.90970142028297,9.919933552098009,9.661423664741648,13.00704138920869,12.515517158623844,11.134885165915744,9.76166772600472,7.932685961937272,11.331439541826036,11.033214845831712,9.174826234950026,9.390946259264929,9.655669211233516,10.410561178285592,8.133689184034836,11.54984139644323,9.050260637026245,10.963142237467846,10.137609661227284,10.550301953458544,8.722187596843174,12.23459481282274,8.390437769110289,8.551144764001434,8.170280836523736,5.6416825951829339,8.33856735422229,7.133563609828718,11.296111365019025,7.19868128145645,9.062610660169025,8.194112347266538,9.39106947289822,6.285892761956706,8.243391246535083,9.642982277736133,9.246332883823712,7.430430756674938,6.889479607384526,5.853115033514042,8.048127629443894,7.942969891421299,7.2620412498643909,8.989565183207708,7.129452151361434,8.319150871458705,7.647057293337967,5.157821849656326,7.45939971468019,7.736322856806741,9.190016929205319,5.684277052730336,6.468538338879883,7.86005297234423,8.784592092652482,7.648156404659275,9.48339656643357,7.158335266124013,7.20791443083233,5.668165100268398,6.7277405777091039,10.829324781541623,7.567100561775508,8.24589354385869,7.835689599243178,8.74883610935169,6.83254136023508,10.458928063620825],[3.6870299285571566,2.2968138587665378,1.0953187874446742,1.6485004569696229,1.2709613658148689,0.33281882528554088,2.379430766003155,1.7354816305229753,2.3906990910621155,2.004288607071932,2.4499401315958657,1.48148023373821,0.0,0.5138094110655072,2.5276314091886968,3.479890485948669,1.602513529725483,1.8799564963095872,3.2741866497296319,0.670126021132027,4.679218261781809,1.932188968272157,3.2912758903417105,8.05678532106582,9.959247551028165,8.969479682843204,8.710969795486845,12.056587519953885,11.565063289369041,10.184431296660942,8.811213856749916,6.982232092682469,10.380985672571232,10.082760976576907,8.22437236569522,8.440492390010125,8.705215341978711,9.46010730903079,7.183235314780031,10.599387527188425,8.09980676777144,10.012688368213042,9.187155791972481,9.59984808420374,7.771733727588371,11.284140943567938,7.439983899855484,7.600690894746629,7.219826967268931,5.55815247534841,7.388113484967485,6.183109740573913,10.345657495764222,6.248227412201645,8.112156790914222,7.243658478011733,8.440615603643416,5.335438892701902,7.292937377280278,8.69252840848133,8.295879014568908,6.4799768874201348,8.08335748380148,4.909917242345395,7.097673760189091,6.992516022166495,7.004991751876462,8.039111313952903,6.1789982821066309,7.368697002203902,6.696603424083162,4.207367980401522,6.5089458454253859,6.785868987551937,8.239563059950515,4.733823183475533,5.518084469625078,6.909599103089425,7.834138223397676,6.697702535404471,8.532942697178765,6.207881396869208,6.257460561577526,4.7177112310135949,5.7772867084543,9.878870912286818,6.616646692520705,7.295439674603886,6.885235729988375,7.798382240096884,5.882087490980276,9.50847419436602],[3.9723126805894415,2.0115311067342529,1.380601539476959,2.16230986803513,1.784770776880376,0.454719417203842,2.6647135180354399,2.02076438255526,2.6759818430944004,1.7355845434596529,2.9637495426613729,1.766762985770495,0.5138094110655072,0.0,2.8129141612209818,3.765173237980954,2.1163229407909904,2.165239248341872,3.559469401761916,0.15631661006651988,4.964501013814095,2.2174717203044418,3.5765586423739958,7.5429759100003139,9.445438139962658,8.455670271777697,8.197160384421338,11.542778108888378,11.051253878303534,9.670621885595434,8.297404445684409,6.468422681616961,9.867176261505725,9.5689515655114,7.710562954629713,7.926682978944617,8.191405930913204,8.94629789796528,6.669425903714524,10.085578116122918,7.585997356705934,9.498878957147534,8.673346380906974,9.086038673138234,7.257924316522864,10.770331532502429,6.926174488789976,7.086881483681122,6.706017556203424,5.843435227380695,6.874304073901979,5.669300329508406,9.831848084698715,5.734418001136139,7.598347379848714,6.729849066946226,7.926806192577909,4.821629481636395,6.779127966214772,8.178718997415821,7.7820696035034,5.966167476354626,8.368640235833765,5.195199994377679,6.629182841368887,6.478706611100988,7.290274503908748,7.525301902887397,5.6651888710411228,6.854887591138395,6.182794013017656,3.6935585693360148,5.995136434359878,6.27205957648643,7.725753648885008,4.2200137724100259,5.004275058559571,6.395789692023919,7.320328812332168,6.183893124338963,8.019133286113258,5.694071985803702,5.743651150512019,4.203901819948087,5.263477297388793,9.36506150122131,6.102837281455198,6.7816302635383789,6.371426318922868,7.284572829031378,5.368278079914769,8.994664783300513],[1.1593985193684598,4.824445267955234,1.6791449554271672,1.6189589145521076,1.3616890534191076,2.8604502344742377,0.14820064318554183,0.7921497786657215,0.5964310781261202,2.608342646278717,1.885434416826918,1.0461511754504867,2.5276314091886968,2.8129141612209818,0.0,0.9522590767599726,1.5598629174100616,1.2028743103202038,2.597533511092566,2.7898342518230438,2.1515868525931127,1.6732798199931163,2.0992442354392155,8.660839360272604,10.56330159023495,9.573533722049989,9.31502383469363,12.66064155916067,12.169117328575826,10.788485335867727,9.415267895956703,7.586286131889253,10.985039711778015,10.686815015783694,8.828426404902004,9.04454642921691,9.309269381185496,10.064161348237573,7.787289353986816,11.20344156639521,8.703860806978226,10.616742407419828,9.791209831179267,10.203902123410526,8.375787766795157,11.88819498277472,8.04403793906227,8.204744933953414,7.823881006475716,5.295282765134915,7.992167524174272,6.787163779780698,10.949711534971007,6.852281451408431,8.716210830121005,7.847712517218518,9.044669642850203,5.939492931908687,7.896991416487065,9.296582447688114,8.899933053775694,7.0840309266269199,6.543079777336507,5.5067152034660229,7.701727799395874,7.59657006137328,6.915641419816371,8.643165353159688,6.7830523213134159,7.972751041410687,7.300657463289948,4.811422019608307,7.1129998846321709,7.389923026758721,8.843617099157301,5.337877222682318,6.122138508831863,7.513653142296211,8.43819226260446,7.301756574611256,9.13699673638555,6.811935436075993,6.861514600784311,5.3217652702203799,6.381340747661085,10.482924951493603,7.22070073172749,7.899493713810671,7.48928976919516,8.40243627930367,6.486141530187061,10.112528233572807],[1.3283770968115774,5.776704344715207,2.3845716985039955,2.5712179913120805,2.31394813017908,3.81270931123421,1.1004597199455145,1.744408855425694,1.1610524040480062,2.0437213203568307,2.8376934935868909,1.9984102522104593,3.479890485948669,3.765173237980954,0.9522590767599726,0.0,2.512121994170034,1.599933989639082,2.03291218517068,3.7420933285830166,1.1993277758331403,1.5477015176765124,1.5346229095173297,8.09621803435072,9.998680264313063,9.008912396128104,8.750402508771744,12.096020233238784,11.60449600265394,10.22386400994584,8.850646570034816,7.021664805967368,10.42041838585613,10.122193689861807,8.26380507898012,8.479925103295024,8.74464805526361,9.499540022315687,7.2226680280649309,10.638820240473324,8.13923948105634,10.05212108149794,9.226588505257379,9.63928079748864,7.81116644087327,11.323573656852835,7.479416613140383,7.640123608031528,7.259259680553829,4.730661439213029,7.427546198252385,6.2225424538588129,10.385090209049121,6.2876601254865449,8.15158950419912,7.2830911912966329,8.480048316928315,5.374871605986801,7.332370090565178,8.731961121766228,8.335311727853807,6.519409600705034,5.978458451414621,4.942093877544136,7.137106473473988,7.031948735451394,6.351020093894485,8.078544027237803,6.21843099539153,7.4081297154888,6.736036137368061,5.733075481517013,6.548378558710285,6.825301700836836,8.278995773235414,4.773255896760432,5.557517182909978,6.949031816374324,7.873570936682575,6.73713524868937,8.572375410463664,6.247314110154108,6.296893274862424,4.757143944298494,5.816719421739199,9.918303625571717,6.656079405805603,7.334872387888785,6.924668443273274,7.837814953381783,5.921520204265175,9.547906907650919],[2.7192614367785215,3.2645823505451729,2.677604445945865,0.05909599714204594,0.33155216391061428,1.6616035235871483,1.4116622742245198,1.7015059789770782,1.4229305992834803,3.6068021367974154,0.8474266018703824,0.652059660470679,1.602513529725483,2.1163229407909904,1.5598629174100616,2.512121994170034,0.0,2.201333800838902,3.5959930016112646,2.27263955085751,3.7114497700031747,2.671739310511814,3.0977037259579136,9.659298850791302,11.561761080753648,10.571993212568687,10.313483325212328,13.659101049679368,13.167576819094525,11.786944826386425,10.4137273864754,8.58474562240795,11.983499202296713,11.685274506302392,9.826885895420702,10.04300591973561,10.307728871704195,11.06262083875627,8.785748844505516,12.201901056913908,9.702320297496926,11.615201897938526,10.789669321697965,11.202361613929224,9.374247257313855,12.886654473293419,9.042497429580968,9.203204424472112,8.822340496994415,6.293742255653613,8.99062701469297,7.785623270299396,11.948171025489705,7.850740941927129,9.714670320639704,8.846172007737217,10.0431291333689,6.937952422427385,8.895450907005764,10.295041938206812,9.898392544294392,8.082490417145618,7.541539267855205,6.50517469398472,8.700187289914572,8.595029551891978,7.914100910335069,9.641624843678386,7.781511811832114,8.971210531929385,8.299116953808646,5.809881510127005,8.111459375150869,8.38838251727742,9.842076589676,6.336336713201016,7.1205979993505619,8.512112632814909,9.436651753123158,8.300216065129954,10.135456226904248,7.810394926594691,7.859974091303009,6.320224760739078,7.379800238179783,11.4813844420123,8.219160222246189,8.897953204329369,8.487749259713859,9.400895769822368,7.484601020705759,11.110987724091505],[1.9666300812098952,4.176770355076124,0.784637708864913,2.2473207280830418,1.8697816369282876,2.212775321595128,1.1116658760986176,0.49982782186182375,1.799305388446324,1.4054683359585132,3.0487604027092845,1.5492741403682229,1.8799564963095872,2.165239248341872,1.2028743103202038,1.599933989639082,2.201333800838902,0.0,1.3946592007723624,2.142159338943934,2.799261765472222,0.4704055096729125,1.4113193940321234,7.457965049952401,9.360427279914746,8.370659411729787,8.112149524373426,11.457767248840466,10.966243018255622,9.585611025547522,8.212393585636498,6.38341182156905,9.782165401457812,9.483940705463489,7.625552094581801,7.841672118896706,8.106395070865294,8.86128703791737,6.584415043666613,10.000567256075005,7.500986496658022,9.413868097099624,8.588335520859062,9.001027813090323,7.1729134564749519,10.685320672454518,6.8411636287420649,7.001870623633211,6.621006696155511,4.092408454814711,6.789293213854068,5.584289469460495,9.746837224650803,5.649407141088227,7.513336519800802,6.6448382068983149,7.841795332529997,4.736618621588484,6.6941171061668609,8.09370813736791,7.697058743455489,5.881156616306715,6.203400987491893,4.303840893145818,6.498853489075671,6.393695751053076,5.712767109496166,7.440291042839484,5.580178010993212,6.769876731090483,6.097783152969743,4.133141491877931,5.910125574311967,6.187048716438518,7.6407427888370968,4.135002912362114,4.9192641985116609,6.310778831976007,7.235317952284257,6.098882264291052,7.934122426065347,5.60906112575579,5.658640290464107,4.118890959900176,5.178466437340882,9.2800506411734,6.017826421407286,6.696619403490467,6.286415458874957,7.199561968983465,5.2832672198668579,8.909653923252602],[3.3612892819822575,5.571000508496169,2.1788678622849577,3.641979928855404,3.2644408377006499,3.6070054750151727,2.50632507687098,1.8944870226341862,3.193964589218686,1.8238848583022636,4.443419603481646,2.9439333411405856,3.2741866497296319,3.559469401761916,2.597533511092566,2.03291218517068,3.5959930016112646,1.3946592007723624,0.0,3.5363894923639784,1.405031612052178,1.3419976814574746,0.49828927565335059,6.063305849180038,7.965768079142384,6.976000210957422,6.717490323601064,10.063108048068106,9.571583817483259,8.190951824775159,6.817734384864136,4.988752620796688,8.38750620068545,8.089281504691126,6.230892893809439,6.4470129181243449,6.71173587009293,7.4666278371450069,5.18975584289425,8.605908055302644,6.10632729588566,8.01920889632726,7.193676320086699,7.60636861231796,5.778254255702589,9.290661471682155,5.446504427969702,5.607211422860848,5.22634749538315,2.6977492540423486,5.394634013081705,4.189630268688132,8.35217802387844,4.254747940315865,6.11867731902844,5.250179006125952,6.447136131757635,3.3419594208161209,5.299457905394498,6.699048936595547,6.302399542683126,4.486497415534353,4.809170834071848,2.909181692373456,5.104194288303309,4.999036550280714,4.318107908723805,6.045631842067122,4.185518810220849,5.375217530318119,4.989071406975387,5.5273716452979759,4.515466373539605,5.011856920183261,6.246083588064734,2.7403437115897515,3.5246049977392976,4.916119631203644,5.840658751511895,4.70422306351869,7.150995114557409,4.334603440399723,4.263981089691745,2.9749113375310989,4.237262834512953,7.885391440401037,4.623167220634923,5.301960202718105,5.8707029299211579,5.804902768211103,3.888608019094495,7.51499472248024],[3.9492327711915036,2.0346110161321908,1.3575216300790212,2.31862647810165,1.9410873869468959,0.6110360272703619,2.641633608637502,1.9976844731573223,2.6529019336964625,1.712504634061715,3.1200661527278927,1.743683076372557,0.670126021132027,0.15631661006651988,2.7898342518230438,3.7420933285830166,2.27263955085751,2.142159338943934,3.5363894923639784,0.0,4.941421104416157,2.194391810906504,3.5534787329760579,7.386659299933793,9.289121529896138,8.299353661711177,8.040843774354818,11.386461498821859,10.894937268237014,9.514305275528914,8.141087835617889,6.312106071550442,9.710859651439204,9.41263495544488,7.554246344563193,7.770366368878098,8.035089320846684,8.789981287898762,6.513109293648005,9.929261506056399,7.429680746639414,9.342562347081014,8.517029770840454,8.929722063071715,7.1016077064563449,10.61401492243591,6.769857878723457,6.9305648736146019,6.549700946136904,5.820355317982757,6.71798746383546,5.512983719441886,9.675531474632195,5.578101391069619,7.442030769782194,6.573532456879706,7.77048958251139,4.665312871569875,6.622811356148253,8.022402387349303,7.625752993436881,5.809850866288107,8.345560326435827,5.172120084979742,6.606102931970948,6.322390001034468,7.267194594510809,7.368985292820877,5.508872260974603,6.6985709810718749,6.026477402951135,3.5372419592694954,5.838819824293358,6.11574296641991,7.569437038818489,4.063697162343505,4.847958448493052,6.239473081957399,7.164012202265649,6.027576514272444,7.862816676046737,5.5377553757371829,5.587334540445498,4.047585209881567,5.107160687322272,9.20874489115479,5.946520671388678,6.625313653471858,6.215109708856348,7.128256218964857,5.21196146984825,8.838348173233993],[2.0532423424615038,6.976032120548347,3.5838994743371357,3.7705457671452207,3.5132759060122207,5.01203708706735,2.299787495778655,2.943736631258834,2.2885191707196945,3.2289164703544417,4.0370212694200309,3.1977380280435998,4.679218261781809,4.964501013814095,2.1515868525931127,1.1993277758331403,3.7114497700031747,2.799261765472222,1.405031612052178,4.941421104416157,0.0,2.7470292935096527,1.387942371440099,7.371352788700793,9.273815018663136,8.284047150478177,8.025537263121818,11.371154987588858,10.879630757004014,9.498998764295914,8.125781324384889,6.296799560317441,9.695553140206205,9.39732844421188,7.538939833330192,7.755059857645097,8.019782809613684,8.77467477666576,6.497802782415004,9.913954994823398,7.414374235406413,9.327255835848014,8.501723259607453,8.914415551838714,7.086301195223344,10.598708411202909,6.754551367490457,6.915258362381602,6.534394434903903,4.005796193563102,6.702680952602458,5.497677208208886,9.660224963399195,5.562794879836618,7.426724258549194,6.558225945646706,7.755183071278388,4.650006360336874,6.607504844915251,8.007095876116301,7.610446482203881,5.794544355055107,5.253593205764695,4.217228631894209,6.412241227824062,6.307083489801467,5.626154848244559,7.353678781587876,5.493565749741602,6.683264469838874,6.394103019027564,6.9324032573501539,5.823513313060358,6.416888532235439,7.554130527585487,4.048390651110505,4.832651937260051,6.224166570724398,7.1487056910326489,6.012270003039443,8.556026726609588,5.739635052451901,5.572028029212498,4.379942949583277,5.642294446565131,9.19343837992179,5.931214160155677,6.610007142238858,7.275734541973336,7.112949707731857,5.196654958615248,8.823041662000993],[2.4370355908828076,4.229002827038695,0.8368701808274828,2.7177262377559545,2.3401871466012,2.2650077935576977,1.58207138577153,0.9702333315347362,2.2697108981192368,0.9350628262856007,3.5191659123821967,2.0196796500411358,1.932188968272157,2.2174717203044418,1.6732798199931163,1.5477015176765124,2.671739310511814,0.4704055096729125,1.3419976814574746,2.194391810906504,2.7470292935096527,0.0,1.3590869220695537,6.987559540279489,8.890021770241834,7.900253902056873,7.641744014700514,10.987361739167554,10.49583750858271,9.11520551587461,7.741988075963585,5.913006311896138,9.311759891784899,9.013535195790576,7.155146584908889,7.3712666092237939,7.63598956119238,8.390881528244457,6.1140095339937,9.530161746402094,7.03058098698511,8.94346258742671,8.11793001118615,8.53062230341741,6.702507946802039,10.214915162781605,6.370758119069152,6.531465113960298,6.1506011864826,3.625963507076253,6.318887704181155,5.113883959787582,9.27643171497789,5.179001631415315,7.04293101012789,6.174432697225402,7.371389822857084,4.266213111915571,6.223711596493948,7.623302627694997,7.226653233782576,5.4107511066338029,6.1511685155293229,3.833435383472906,6.028447979402759,5.923290241380164,5.242361599823255,6.969885533166572,5.109772501320299,6.299471221417571,5.627377643296831,4.185373963840501,5.439720064639054,5.716643206765605,7.170337279164184,3.664597402689201,4.448858688838747,5.840373322303094,6.764912442611344,5.62847675461814,7.463716916392434,5.138655616082877,5.188234780791195,3.6484854502272627,4.708060927667969,8.809645131500487,5.547420911734374,6.226213893817555,5.816009949202044,6.729156459310554,4.812861710193944,8.439248413579689],[2.8630000063289069,5.588089749108248,2.1959571028970368,3.1436906532020538,2.7661515620472998,3.624094715627251,2.0080358012176298,1.5557942598187354,2.695675313565336,1.8409740989143427,3.9451303278282965,2.4456440654872346,3.2912758903417105,3.5765586423739958,2.0992442354392155,1.5346229095173297,3.0977037259579136,1.4113193940321234,0.49828927565335059,3.5534787329760579,1.387942371440099,1.3590869220695537,0.0,6.5615951248333899,8.464057354795735,7.474289486610774,7.2157795992544149,10.561397323721455,10.06987309313661,8.68924110042851,7.316023660517486,5.487041896450038,8.8857954763388,8.587570780344477,6.729182169462789,6.945302193777694,7.21002514574628,7.964917112798357,5.688045118547601,9.104197330955995,6.60461657153901,8.517498171980613,7.69196559574005,8.10465788797131,6.276543531355941,9.788950747335506,5.944793703623054,6.105500698514199,5.7246367710365,3.1960385296956996,5.892923288735055,4.687919544341483,8.85046729953179,4.753037215969215,6.616966594681791,5.748468281779303,6.945425407410985,3.8402486964694715,5.797747181047848,7.197338212248898,6.800688818336478,4.984786691187704,4.79208159345977,3.4074709680268064,5.602483563956659,5.497325825934064,4.816397184377156,6.543921117720473,4.6838080858742,5.873506805971471,5.201413227850732,5.544460885910055,5.013755649192955,5.290678791319507,6.744372863718084,3.238632987243102,4.022894273392648,5.414408906856995,6.338948027165245,5.20251233917204,7.168084355169488,4.712691200636779,4.762270365345095,3.2225210347811639,4.2820965122218699,8.383680716054388,5.121456496288274,5.800249478371455,5.8877921705332378,6.3031920438644539,4.386897294747845,8.013283998133592],[9.424595131162296,8.734134338895978,6.981694404845438,9.705285778035443,9.327746686880689,7.997695327204155,8.569630926051019,7.957792871814226,9.257270438398726,6.052496713993888,10.506725452661686,9.007239190320624,8.05678532106582,7.5429759100003139,8.660839360272604,8.09621803435072,9.659298850791302,7.457965049952401,6.063305849180038,7.386659299933793,7.371352788700793,6.987559540279489,6.5615951248333899,0.0,3.038195582139597,0.9126943617773839,0.654184474421025,3.9998021988880656,3.508277968303221,2.614951622381463,0.7869682182442688,1.0745532283833513,2.3242003515054114,3.755494430651037,0.7187771958097959,0.9009871079625751,0.6484300209128913,1.403321987964968,0.8735500062857882,2.5426022061226054,0.293724400071649,1.9559030471472224,3.547462410634286,1.662935960644593,0.5607930832928088,3.2273556225021164,1.243625048212434,4.448988914044949,1.2653920622083992,4.72156879835285,2.1217468008617974,1.8736755804919064,4.100617766602625,3.8304282017239026,0.7401184382417627,0.8131268430540866,2.030105320225586,3.562669234216398,3.301236709767859,4.494271537791594,4.684951072135828,1.5768084336456859,7.24677380680592,4.073333565349834,5.507316412341042,3.414711981212529,6.168408074880902,3.526273380278831,3.5278419276221735,1.5032437973689346,2.551468434241315,3.8494173406642977,1.5478394756404342,2.574253947449189,0.8227442905784832,3.322962137590287,2.5387008514407416,2.2474383768223404,2.1893301558089268,1.3590827856613493,4.713392141823338,1.8970004676656516,1.7993247594882945,3.3390740900522255,2.27949861261152,2.1789362641641927,1.9279349044752059,1.9704356504989367,3.43309