{"name":"DynamicObjectArray","generic":13,"parameters":{"array":[{"name":"MatrixSerializable","generic":11,"parameters":{"name":"distance_matrix_aa","value":[[0.0,3.8191208834684846,2.517327601424093,1.7679403145639572,1.5905259473709297,2.8179882605452657,1.084576511111068,1.7107983813933093,0.830022266142071,2.81214578518714,2.1349630886356159,1.4374788918046063,2.6063015025156797,2.9707528040474155,0.9643598933085579,0.8566972965269175,1.7256949733746723,1.8868992953930364,2.148952605387712,3.025701612157913,1.543886251900915,2.098945277788138,1.8374008719936735,6.436957593591279,7.137558900592096,7.1281273294913058,6.842322265879693,8.51673483000326,8.31876979618648,7.280478806307191,6.665755669910026,5.828007468659321,7.4250790184809569,7.258192938200353,6.327488203600098,6.9755784859618299,6.801469929414007,7.237038567927594,5.997451396547914,7.547308791321468,6.370825761935601,7.837599249871228,6.678082408721845,7.923155160856954,6.098333419052965,8.151684816275682,5.727399855827936,5.823873799375722,5.588228469173323,4.150897369517078,5.553828391610093,5.296485841413566,7.462137974676432,4.875959280460085,6.254384147910219,6.02191628467447,6.221843756190259,4.269925428833148,5.47067010173722,6.5024938837905899,6.2996651586955789,5.153444197792855,5.881430919511434,4.095011901153975,5.813588848817376,5.290558287185938,5.6107114453766588,5.956419452289916,4.792189851060822,6.625982022163285,6.750466226009428,5.757757493416992,6.048362211974363,6.807511872929632,6.832152942752415,4.234464610717901,5.007649526607919,6.717458967951653,7.179625303196944,5.34399463337064,8.739263538918977,6.186298449796415,5.719510980196676,4.772824428017625,5.916148564358768,8.286507406087022,6.414961270375628,6.7936692566452339,7.274316358181723,6.970880514798108,5.134802876315225,7.186315529494338],[3.8191208834684846,0.0,2.599753112339894,2.189871661655069,2.2437087855499846,1.3912354369034959,2.9494905905557404,2.631057516117413,2.989278340563903,3.219247107191231,2.367655736190552,2.3925475919425209,1.5631504178164544,1.61026621538274,3.039911390288583,3.6829425483388307,2.20999302847374,2.856918038695643,4.179916878585362,1.695757112395082,4.55631245031326,3.0575506776146779,3.98758644293595,6.134783469172785,8.456283740006869,6.505757949981275,6.487437721486965,9.048586934192502,8.490659012431506,8.385059858546887,6.860820648250526,5.509466967864554,8.303435954330953,8.855434536420953,6.506232174483548,6.069408337321907,6.526065308493146,6.977420788163109,5.565486231863793,8.53675334678331,6.268894332029527,7.044145926585593,8.292281715869967,6.604143802330122,6.1907894887053749,8.316606948947456,6.302551019821955,7.930436222689733,6.194823361534023,6.626390450032692,6.681086633612314,5.149870813242087,9.155629686279227,6.94470113210399,6.452660908860369,5.610382298316874,7.1909121583669839,6.354756500500715,7.205367890837699,8.501822694397392,8.396698712578495,5.773639966305358,8.528923749555814,6.397755648828689,8.208269595212683,7.110150860102443,8.153133590518646,7.694194458675059,6.75880015611179,5.268750898005355,4.674050938819029,3.07742434801485,4.820258477147323,4.727775644616384,5.9716739064236299,4.681132763940159,4.689789075606571,4.843782647843599,5.427070719402647,5.7820987518618,5.968074508292683,4.473006580541267,4.815494181556099,4.052004232150596,4.232852338464549,6.703928626212348,4.717152797636796,5.127210388247142,4.771600238987816,5.4758137736116929,4.9742878968046109,7.1066004443476],[2.517327601424093,2.599753112339894,0.0,1.7237751854126898,1.479258406351223,1.224019238583947,1.4365907010406998,0.810542217031452,1.7977031417622094,0.6606814631191996,2.2567330310838606,1.3208005671575527,1.0852051446626364,0.9946658993855161,1.5559876425795219,1.7770013463436419,1.6906040786325146,0.6335131816621494,1.5826682771719359,0.9253702656230142,2.28409436537224,0.5272210718819125,1.4322470623911637,4.404223961267651,6.098180600165319,5.016386685878876,4.819095031172545,7.037759113656618,6.637161238753202,6.099301912085156,4.896068668013061,3.730904237316858,6.1030203377680138,6.425751877115512,4.522336998712061,4.752206183979641,4.81016731564522,5.284244542029154,3.8688396113768728,6.301960996885589,4.425403470713712,5.706444776373892,5.840796671270296,5.6303516067763319,4.2271861718988739,6.458141734293238,4.103425976260188,5.376349730057548,3.9721611538014036,4.041035108913722,4.296873329680694,3.21901756401849,6.707777552755626,4.3813477222531,4.453721928671544,3.904198391487934,4.894177170333511,3.784687637040086,4.691581296755477,5.9720218456544649,5.850193790618498,3.5051429740861828,5.937335905186443,3.821084357698748,5.6361903336965899,4.578936934604217,5.573493930235898,5.1949613068126,4.2011401322343568,4.25387542611054,4.267315967365752,3.2404305395188728,3.667442486593809,4.325620777444016,4.613917276681301,2.3552299545521615,2.81385349978468,4.256866924277941,4.755972454455794,3.59745049912154,6.231513425664705,3.725231585541437,3.3959061986141876,2.3994442762831196,3.4463803726284736,5.942254150084597,3.966734678841513,4.368249585247131,4.768471970390847,4.58760238670787,3.030251934169102,5.313940266335874],[1.7679403145639572,2.189871661655069,1.7237751854126898,0.0,0.31812234380696399,1.4764788210057598,1.3041291148662413,1.306486441747698,1.012146410832461,2.350632904345184,0.5554547869862689,0.6356298084165937,1.2888252422010314,1.6914614667055903,1.3361430994634645,2.098603614228386,0.052575441870309738,1.6420585426871904,3.013321319566881,1.7652051629145945,3.0654430098305629,1.9268213315490628,2.7655508688739047,6.114284223894334,7.761714328181976,6.706977678830754,6.527250959588566,8.756239145139866,8.36092963888056,7.7837477431758359,6.619843777462888,5.437975488833232,7.804636564804459,8.056855805563359,6.246091020428075,6.414248951628945,6.522454277333446,6.99801395493621,5.568660106001969,7.996115701497261,6.144221507741762,7.385785163295489,7.466302818905816,7.250747858125877,5.950304312681692,8.181897974848125,5.818981470146114,6.915328433671212,5.686069823240064,5.501261022533281,5.971682608018768,4.934247193956687,8.32687695774435,5.913226047483044,6.1774970959884218,5.605686034733233,6.586638106606487,5.301235695712822,6.288181277817637,7.536878392544536,7.395911516974702,5.217371945983461,7.381159405710196,5.300902920194483,7.120653449414649,6.159697397154476,7.033660358324181,6.796777398323883,5.748952917536523,5.848815537539172,5.732406804113625,4.548585075755878,5.269504119965144,5.791967900371457,6.279691138432361,4.073024301972493,4.516359878139928,5.761319550880936,6.295751942559814,5.317623901088809,7.5985757430285869,5.242399666522593,5.0404826174277519,4.046878336876351,4.958057699238086,7.528766516706382,5.495308076294391,5.914057180349875,6.162265923997625,6.167333183666783,4.744294959207039,7.034072751826121],[1.5905259473709297,2.2437087855499846,1.479258406351223,0.31812234380696399,0.0,1.4145062774585649,0.9898342197235202,0.9919545443948258,0.7740947367779393,2.078715051912276,0.8672356856385366,0.31802273782837039,1.2184843668409129,1.618588334099022,1.0277034579098184,1.7893959667273627,0.26626487529478645,1.3293448142462666,2.6952371122326617,1.6865954571969324,2.7556982844249755,1.617833940246124,2.4475742140882374,5.883429217706383,7.464337212533604,6.491173506805672,6.298172918948343,8.485836485933304,8.10528508304406,7.492989422658239,6.364429795571096,5.209707424195511,7.521542089853247,7.752026143959596,5.991729435100139,6.21449097468758,6.289414579844778,6.763374437652431,5.346079839351901,7.709202128386957,5.903299375229026,7.177216163052115,7.160811766524135,7.070876766559426,5.700269902033358,7.926664944731694,5.5473473311299419,6.599927290705257,5.413092269681997,5.183208760373247,5.679245432485343,4.698152665338345,8.019824203958004,5.597757638321834,5.922300105611328,5.381889782629371,6.30006316037112,4.985052060557211,5.979070617575898,7.223377386392935,7.080835971367895,4.943629375152532,7.063722029213589,4.982983884478544,6.802669899688434,5.848674307221895,6.715698986795416,6.488000704504239,5.434858973412266,5.677264390565343,5.60452985844595,4.467035798383906,5.094056732628283,5.663856970789021,6.0779161608321259,3.806417815366165,4.291342104518644,5.621035471969726,6.144901174782423,5.051942270379846,7.504053503099331,5.0965417999282629,4.847234470409231,3.850038993855092,4.813045633657423,7.3628130218662009,5.346422159904648,5.760358448071395,6.057227653880353,6.002056894157176,4.509493078908549,6.790817659713727],[2.8179882605452657,1.3912354369034959,1.224019238583947,1.4764788210057598,1.4145062774585649,0.0,1.7814381130062543,1.3034324127227049,2.0239750769259037,1.86421066344613,1.7902403790144884,1.422731770755179,0.21607365761431283,0.28955220051417615,1.8940357946674434,2.40345909722044,1.4819886042495463,1.472398152540979,2.795866141207964,0.3900024602755318,3.205943526751284,1.6677168548430149,2.5965178869967886,5.143723237050698,7.2050873576338,5.646545834228584,5.537271807818031,7.972194467255641,7.487183807559677,7.167881826384809,5.776258223263269,4.4739679665786549,7.126518376376632,7.57187027797741,5.405343122423877,5.285362271300205,5.55349399322087,6.027505681912474,4.57066464492619,7.345211138617562,5.227787442204189,6.279593890512179,6.996309012003192,6.026341003725363,5.091806686006665,7.308238421193785,5.101343949539602,6.586834739222823,4.981687755688824,5.264555676314065,5.405641143128523,4.032094894659546,7.864282807753484,5.596722661278299,5.343663075253757,4.612788752040357,5.958517576794154,5.004478576918233,5.87779911131602,7.169848652600415,7.056903684793934,4.534140518213769,7.161335401533898,5.043257810544791,6.857693323574751,5.775015511177098,6.796307386563284,6.374387055456689,5.412674630184405,4.61434894777525,4.355321092281346,3.083563508847856,4.0637141113005958,4.4149107868944059,5.162612717518424,3.3974157475197237,3.573888614297988,4.419878151596358,4.980848047940291,4.576958682961135,6.144117726970976,3.9269919910190866,3.9184602330381885,2.9878103441568255,3.64547837345407,6.250776494112658,4.185552176567934,4.613803022423465,4.728941278120243,4.903788692724108,3.8435701667858619,6.1101728140500219],[1.084576511111068,2.9494905905557404,1.4365907010406998,1.3041291148662413,0.9898342197235202,1.7814381130062543,0.0,0.6278970941411116,0.43330204146396836,1.7775887149919215,1.837262699097408,0.6767729124750855,1.5655747785951034,1.8979505718732537,0.12024042324196394,0.8031870012166362,1.2515537743370707,0.8200400093493779,1.758826091848737,1.947030357242938,1.767050181941373,1.07065729016889,1.485249163357402,5.568128737850801,6.728865272860179,6.233956441436412,5.98271874307325,7.919761029756489,7.626655858459573,6.8058818531734019,5.912140702089136,4.923991854113533,6.886308134600811,6.954049112740749,5.552636229684412,6.032546670420252,5.954895043134416,6.4122972678705409,5.083337812163062,7.046576816837114,5.537437698187282,6.940931930712619,6.361181148846857,6.95545929447827,5.291286323831872,7.452316124814799,5.017050798474171,5.697203829834946,4.877541879693385,4.211010940674496,5.003870390004132,4.390582151633804,7.200671388717711,4.699673820236518,5.480073454438905,5.112523863131157,5.656982671381573,4.079668151993348,5.155178099929531,6.342599553544698,6.180623045415026,4.415767027323787,6.078370937450439,4.0353982082056059,5.847171074380401,5.005573917112763,5.738480888195567,5.662858226312038,4.557964768731454,5.617267020733452,5.691040865445137,4.676415954164814,5.032938104626479,5.748802729410832,5.890157142447685,3.3692171344607257,4.052605675090936,5.669180149386596,6.149818911333618,4.571089122156348,7.6664335341553448,5.136673335477428,4.724905393212992,3.7503700753622519,4.861888940779548,7.296774456905406,5.371807436579898,5.761985025117541,6.202443219900077,5.958746816012651,4.215262701787173,6.395829082403872],[1.7107983813933093,2.631057516117413,0.810542217031452,1.306486441747698,0.9919545443948258,1.3034324127227049,0.6278970941411116,0.0,0.9888757226337893,1.226570334902141,1.8590633632266048,0.697767570588328,1.0968305192389194,1.3245305633822933,0.7476508690452437,1.105785421213136,1.2564776734637378,0.33924400186144468,1.717232586929328,1.3539046192532239,1.925293368233221,0.6353648179703483,1.4760737471907049,5.076261002512805,6.49118889733553,5.720047402233356,5.492751906050188,7.567882711355545,7.223338073407024,6.532287652548288,5.489261311677299,4.41577094116888,6.576757854958766,6.7670722978780779,5.121182705374215,5.488891555174983,5.473452250963013,5.940313725331162,4.566424703341124,6.756071509213283,5.068870029986361,6.420951759580637,6.1751427163243799,6.392040950977651,4.842891634916337,7.046226319527777,4.634710291789578,5.608841994755194,4.497696048339116,4.208526008288553,4.717618853444956,3.8882585953567778,7.032090453064425,4.606743217916935,5.049958412759008,4.598509767743455,5.349806510984064,3.9950653245327607,4.989514264084563,6.231424976048615,6.089464000935013,4.028698023870186,6.094101520254389,4.00034414621627,5.820395168781452,4.857577676296825,5.742112701871796,5.49868565788627,4.442981987875772,5.033240327833895,5.074931929825531,4.048525439507854,4.446962139284198,5.133048760402819,5.348055314018194,2.920944425587317,3.5189463982473798,5.059844436969652,5.550841954310491,4.157377407823856,7.0420467810496369,4.527547699637636,4.155200954468986,3.1674270987688359,4.25034393693052,6.719049348857135,4.766301042724558,5.16278415444571,5.578980626158609,5.371301145016026,3.705751786200148,5.945047497044164],[0.830022266142071,2.989278340563903,1.7977031417622094,1.012146410832461,0.7740947367779393,2.0239750769259037,0.43330204146396836,0.9888757226337893,0.0,2.179584982551669,1.5012797647965093,0.6131701903108914,1.8171224715520338,2.20280211193457,0.3945717286613364,1.1251341136615494,0.9628902103033241,1.2183151395973527,2.1555488789905965,2.265649267645619,2.0878423596181148,1.4859468554967553,1.8697771209628805,5.991648976317442,7.1523843977630359,6.653477137167984,6.40678081154708,8.352688179251233,8.059531978832517,7.2337851451365549,6.343790609909521,5.343962223567436,7.317326649923988,7.3688715209174939,5.983567010205466,6.444192209576611,6.380322687480172,6.83928773078956,5.501523626591755,7.476024541562569,5.964502589559512,7.35935487327266,6.776407296888535,7.36062623917668,5.720589261099036,7.885080094266188,5.450173997172819,6.088985178741484,5.310693518300155,4.570276853715907,5.434008868551365,4.811294861341199,7.611482176069716,5.095074165524678,5.911080100775942,5.531383731866109,6.088281038891518,4.474368639562939,5.567964496580788,6.740145139504569,6.572453306446084,4.848652379822144,6.419148801763559,4.412004595478471,6.215441123090883,5.414789902218265,6.09063739750931,6.074522682390461,4.960032486441028,6.01280249511573,6.063741203236519,5.026604003283195,5.427240874985326,6.121880442737691,6.302205589047654,3.7969429344285534,4.465686227537615,6.048324030341651,6.536798846630322,5.002834136221159,8.027479157168259,5.515946570088455,5.126555219478159,4.145403689801882,5.239045182033741,7.695890117060952,5.754001764095714,6.148742742118654,6.565351065891098,6.352597175499817,4.634328072941561,6.825326779385017],[2.81214578518714,3.219247107191231,0.6606814631191996,2.350632904345184,2.078715051912276,1.86421066344613,1.7775887149919215,1.226570334902141,2.179584982551669,0.0,2.8954632051142759,1.8615783522115213,1.729666342937444,1.6132676447269466,1.8858544522705117,2.036655035793592,2.3121033835449009,0.9614172932598994,1.14901581640556,1.5243054069171374,2.3287094066067679,0.7161179807869701,1.242398699225819,3.851640462199282,5.439222401220108,4.493522285644888,4.268157554144209,6.407890425467656,6.030525032066331,5.4447777275971769,4.290870259647733,3.189448600102831,5.456070126093885,5.76508180735123,3.9195247630304217,4.267715200434441,4.250666281997805,4.719503007103969,3.3398830992665298,5.651130493088153,3.85048922436158,5.19491047948263,5.1802739507966619,5.181075981852954,3.6335686811300995,5.85228823389643,3.4696538485486649,4.726048442737312,3.336097652808494,3.4077201062130086,3.6391818227908678,2.6629766176374618,6.047389129742166,3.7335672414158087,3.849363001198236,3.371940306873608,4.242177126138213,3.140286615783213,4.033665556486682,5.31721741290173,5.198345025549405,2.8670769862740257,5.313054928966079,3.1797227268503338,4.993505050895037,3.9231449994610259,4.934318168271605,4.5361796544915509,3.551048128620755,3.840004192772638,3.938341301597642,2.969332090665615,3.256213609055976,3.9953680699391769,4.126269395196559,1.7279500830983504,2.293639241342584,3.9066931441223229,4.377592393750244,2.9733796954533195,5.929938337686671,3.374996470611041,2.9480076836467696,1.9738843406640748,3.1040948654406854,5.519312319525105,3.6056886743243008,3.9902528041645834,4.465095832296615,4.1819840889611969,2.47966997837051,4.731625965290127],[2.1349630886356159,2.367655736190552,2.2567330310838606,0.5554547869862689,0.8672356856385366,1.7902403790144884,1.837262699097408,1.8590633632266048,1.5012797647965093,2.8954632051142759,0.0,1.1780879362581345,1.6428597997599984,2.0344336552867685,1.8656609950784489,2.624572085549836,0.6032319935493631,2.19583565232951,3.5573833436015187,2.1184565842732945,3.58857022523192,2.4818921554576525,3.3054278857413066,6.62108708437284,8.315370385809722,7.1982975680179,7.031833773879589,9.29446507765476,8.887771183763345,8.334679699171295,7.147552864930906,5.943440868687744,8.351480462417797,8.612217712523542,6.773251663585656,6.889303101538185,7.030763631918686,7.507284378589224,6.0685203543992,8.54507037046258,6.6601205939455039,7.868702568762022,8.021720837314467,7.702005055366777,6.47420821566288,8.708486762051895,6.359289189632867,7.467069561381554,6.227348868004836,6.0411679135939899,6.5236350489209,5.447703344497804,8.882328785413283,6.46489030079569,6.7053882800379409,6.106640874332943,7.135681355672241,5.851861514951462,6.843438521253715,8.090433106289762,7.948042637232291,5.759438763889949,7.915629428246797,5.8461720691581029,7.665212867070253,6.714481860145973,7.5722041911789399,7.352090592664619,6.302040037795296,6.29336892706294,6.121689116525645,4.871666314366687,5.7203297130461439,6.181370837791215,6.757153662803279,4.6115216176801498,5.020828223484371,6.167188634238419,6.7137113495232729,5.854175958252416,7.933900677962134,5.6573460315079189,5.511829175146546,4.525649225340132,5.373073333177102,7.962904900949785,5.913197115106069,6.336687326722595,6.517263789735496,6.603540301585294,5.25699490133968,7.5511346850167329],[1.4374788918046063,2.3925475919425209,1.3208005671575527,0.6356298084165937,0.31802273782837039,1.422731770755179,0.6767729124750855,0.697767570588328,0.6131701903108914,1.8615783522115213,1.1780879362581345,0.0,1.2201723062699433,1.6159549311809137,0.724559157612916,1.4796030553352138,0.5832102634922715,1.0366908615364628,2.3796002639260256,1.6821589540758868,2.443690482114539,1.3327625700629642,2.130083266960993,5.70314447178013,7.188675524715728,6.328586081381617,6.119277167609449,8.24918511037273,7.889084204873225,7.227578046779607,6.15076762870778,5.034501707574218,7.267549374726743,7.464064547510373,5.780153107289205,6.072076447988896,6.105457870692189,6.576494579436269,5.177736414397225,7.44942678322473,5.709878102921156,7.022278530666914,6.871954867005496,6.950186846909708,5.495144706030613,7.711197351430743,5.312423322347951,6.292271020022885,5.176470944136757,4.865932200038157,5.412830212419813,4.514411039133758,7.727967512144827,5.290141937276715,5.709717179310719,5.211901316820274,6.042014805132308,4.675814794894905,5.684297923664664,6.91971733309659,6.773842077877161,4.706856406352631,6.745700211509234,4.668192181287607,6.487441063907433,5.550338338549806,6.398129325487068,6.193616289943863,5.130403361227294,5.569155435074228,5.543904458060428,4.452310454262714,4.983268397915998,5.602850343668685,5.9333856140271099,3.583728037147554,4.123662738462257,5.547412920774433,6.058670705841582,4.826598894717296,7.473578440961889,5.018468041011784,4.716565889659214,3.7197445640317134,4.73681046838167,7.25752109782679,5.264345423628937,5.67193127051007,6.018507154453476,5.900202241443091,4.328152858096902,6.592694358168338],[2.6063015025156797,1.5631504178164544,1.0852051446626364,1.2888252422010314,1.2184843668409129,0.21607365761431283,1.5655747785951034,1.0968305192389194,1.8171224715520338,1.729666342937444,1.6428597997599984,1.2201723062699433,0.0,0.4026371601007436,1.6784977003337234,2.1924750899263056,1.291560751433897,1.2939853999620974,2.6463902627736588,0.4788321221528962,3.009663415552647,1.5125041712171515,2.4346619637898074,5.129600123976469,7.10786321909171,5.659308219976236,5.529955570479731,7.92157647447256,7.456127995675563,7.081264547409057,5.73311368109916,4.454731999418137,7.051801176987659,7.463355125028621,5.3600704982644669,5.317486572150064,5.540628818334841,6.016724705359725,4.561170380758432,7.265653189180238,5.200048747299836,6.307750330097914,6.8844266446117079,6.092007810050867,5.0493062357881028,7.276747461017312,5.027885954748797,6.455561903064364,4.905000160561066,5.125724096110734,5.305164369638669,3.994059560382326,7.752692593978977,5.463144436775557,5.296525625677165,4.602119368750598,5.8709374673476149,4.8687885554167809,5.755164437982842,7.043741660238124,6.927298111764474,4.4510074700045909,7.019539257190194,4.906289203963601,6.7211819691249039,5.6489309485409999,6.658602896755862,6.254360820292111,5.280654712136578,4.679676856781595,4.4788577214939,3.2598049712483485,4.116467275592369,4.538539646834591,5.190614113972965,3.304799568339803,3.5425542487806989,4.527172412567155,5.0781644596916799,4.505582647339537,6.3122511005481,4.021653528880264,3.942079281627662,2.983883831167068,3.7379125615698318,6.336145184570877,4.278671664106158,4.704273659646948,4.882819794993292,4.980781631884301,3.803766997507096,6.087661998403115],[2.9707528040474155,1.61026621538274,0.9946658993855161,1.6914614667055903,1.618588334099022,0.28955220051417615,1.8979505718732537,1.3245305633822933,2.20280211193457,1.6132676447269466,2.0344336552867685,1.6159549311809137,0.4026371601007436,0.0,2.0165779252172815,2.4220534814942549,1.694079431599886,1.3661146188057299,2.577284904209534,0.10057484955039557,3.13117277682133,1.479571008694846,2.4113519079108447,4.854646176146731,6.933171161437715,5.357207756786281,5.247863414293148,7.687037074172443,7.199276506310162,6.892089381366229,5.490200872439896,4.185335594304877,6.847046878622552,7.304701967421817,5.1197232384199868,4.99737168660401,5.264313462337231,5.738199660001895,4.281406095672798,7.067108088869559,4.939807516617562,5.991326579968684,6.730900960281917,5.744071746722062,4.805816434721476,7.020394648678736,4.822180934689032,6.332490911249735,4.703524431125747,5.018090514214071,5.135705841304923,3.745779719914044,7.5985071224990199,5.344054435069858,5.058381746900664,4.323581454603788,5.683433144978259,4.753087324602175,5.618431145604604,6.912135393648735,6.801392267131663,4.2582637443691919,6.919193885605832,4.79297698692977,6.606523684098627,5.517686337340283,6.547259373959963,6.113390270173592,5.159088431829086,4.331634081004718,4.092917493518204,2.857203183539012,3.7782943072309784,4.152576273911299,4.874204658973043,3.1259626261267154,3.2868285272781945,4.150204130799679,4.7075632891372509,4.297481412275551,5.910715360900354,3.652318239753238,3.629517525326045,2.6985382862018816,3.369879414459515,5.9738452941768609,3.9104789549288636,4.338027446078815,4.484527860014434,4.624069834387116,3.5576208226215386,5.821584211762159],[0.9643598933085579,3.039911390288583,1.5559876425795219,1.3361430994634645,1.0277034579098184,1.8940357946674434,0.12024042324196394,0.7476508690452437,0.3945717286613364,1.8858544522705117,1.8656609950784489,0.724559157612916,1.6784977003337234,2.0165779252172815,0.0,0.7626360889767865,1.283651137062956,0.9335297712561616,1.7616687389371789,2.066551467310753,1.7295083470771198,1.1735382949795206,1.4783385407708756,5.656526435077877,6.760978110892051,6.32653064198184,6.0703145328450589,7.975737116793531,7.694092265001089,6.845802007062621,5.9854387053601079,5.016551110741766,6.933999086359951,6.974669726023768,5.628211637127,6.131760639398523,6.04068458174237,6.495639485477874,5.177550175183465,7.089936765840213,5.6209125952975,7.034392263361741,6.382281856695658,7.058663136705091,5.3707988982646059,7.520492239785892,5.083055551714838,5.696857477258198,4.943281627443523,4.190646149496334,5.04932944793592,4.482629695335991,7.216934805689433,4.702021200046996,5.555461413112242,5.2060931676880799,5.705780568729312,4.081397276414419,5.173570622039561,6.346771220763245,6.180347935670826,4.484001896626189,6.050498655464728,4.024545409679869,5.8317671456477229,5.020220045393577,5.715053706227905,5.680030671299645,4.565867080489001,5.725696683678547,5.807141619010033,4.796119264111934,5.142067995554375,5.864802767782254,5.9891188667197119,3.4527550061081024,4.151541039312826,5.783562138416247,6.261568659681296,4.644536826849734,7.784771946015704,5.25111993867772,4.8306560031886589,3.8596961989122318,4.976989252696191,7.403182018741202,5.485321633657895,5.873888649073074,6.320548072894233,6.0678338265092199,4.30904946427924,6.474607549205046],[0.8566972965269175,3.6829425483388307,1.7770013463436419,2.098603614228386,1.7893959667273627,2.40345909722044,0.8031870012166362,1.105785421213136,1.1251341136615494,2.036655035793592,2.624572085549836,1.4796030553352138,2.1924750899263056,2.4220534814942549,0.7626360889767865,0.0,2.0461439248960584,1.1479341219278867,1.2936347372972626,2.4392511289713627,0.9668806021721156,1.3301759282691535,0.9811403213748596,5.594519220897396,6.308583304430141,6.288885127842524,5.9976743719396599,7.664472324870023,7.462143089457913,6.440680279146997,5.810770357237875,4.993739042751767,6.577230177358926,6.452654309222186,5.474154121421884,6.147631636554537,5.955004095995792,6.387262087644989,5.1648994861499128,6.704256877168719,5.523319481841301,6.9977208106062609,5.867674936188507,7.100399075062739,5.24821073983897,7.294996537996659,4.871281601461512,5.0680593162518259,4.732208554114414,3.470264080882955,4.7020196043565,4.464429565581502,6.668567350730278,4.097417360934933,5.4010926730710759,5.188247351760527,5.369884135374143,3.4822567717729546,4.655998407265047,5.737619353815348,5.548736257500475,4.2991342201015689,5.294829082325606,3.354782960056203,5.127328089345177,4.4825304226373439,4.976325001968433,5.149246827172028,3.995075881687039,5.820332278156317,5.969689453308488,4.995426139586087,5.247030516029146,6.0262031511547449,6.004247995465934,3.3992852016986929,4.189340283778037,5.930238021453822,6.382001690205982,4.491941738749505,7.965717113635496,5.4009249650046799,4.911116919279679,3.9792173536266075,5.133944701227485,7.470420246792218,5.6256166329942529,5.997736729013992,6.501139387194,6.1658279876151289,4.306538359982743,6.3333294994661089],[1.7256949733746723,2.20999302847374,1.6906040786325146,0.052575441870309738,0.26626487529478645,1.4819886042495463,1.2515537743370707,1.2564776734637378,0.9628902103033241,2.3121033835449009,0.6032319935493631,0.5832102634922715,1.291560751433897,1.694079431599886,1.283651137062956,2.0461439248960584,0.0,1.5927563818423035,2.961429696390552,1.7665713693877037,3.0129958959582239,1.8787662253427,2.713234548294741,6.08609913465391,7.717520495878202,6.682161204113066,6.49951050881533,8.719104550394832,8.327308434919,7.741376549951144,6.586149929836658,5.410258186663791,7.764278989431013,8.010472317436319,6.212605011844941,6.392830839167656,6.493835312005156,6.969089296659467,5.542209271260194,7.954773184873528,6.113793669566421,7.362604030300331,7.419702946988496,7.233603414006969,5.917782634879619,8.148362646125163,5.781357648027058,6.865174778682663,5.648105973081853,5.44900737308179,5.928779285864735,4.904709325156628,8.279796583506054,5.863035413326863,6.143809977482508,5.578976212899787,6.545320656823327,5.2507015248095059,6.240392324444676,7.487527789337294,7.345906082071925,5.179171498850326,7.3286240847629149,5.249245951790598,7.068918908833818,6.111250922875586,6.981318921882107,6.749109402432724,5.699348338101313,5.833188711551636,5.725558519679899,4.550603752675207,5.25296191680775,5.785083459915881,6.257825999785283,4.036351874754536,4.489159774125389,5.752009082044474,6.28440911520795,5.281374813179278,7.598442987579832,5.231870415160308,5.020189136307017,4.025545400931767,4.947633079606258,7.514516980787089,5.484222318013774,5.902078172364056,6.159960908216372,6.153044813041679,4.71500391107867,7.003211768809984],[1.8868992953930364,2.856918038695643,0.6335131816621494,1.6420585426871904,1.3293448142462666,1.472398152540979,0.8200400093493779,0.33924400186144468,1.2183151395973527,0.9614172932598994,2.19583565232951,1.0366908615364628,1.2939853999620974,1.3661146188057299,0.9335297712561616,1.1479341219278867,1.5927563818423035,0.0,1.3944446770978958,1.3509694071707128,1.76511101579849,0.29994636823350975,1.158102469852541,4.788434637282936,6.15319090765838,5.442462177240281,5.2045098345056159,7.242781417297036,6.9087602854600489,6.1966966578409619,5.178521938778561,4.134404571453834,6.244922378691126,6.427830097034569,4.812485246563008,5.226686842690574,5.181812583500992,5.64549241383769,4.289340453168888,6.422151144271075,4.772058231295808,6.146682337412985,5.835899901019849,6.1424771198087699,4.539013389342472,6.732232254723877,4.313352520751679,5.274347331517458,4.175657565467116,3.8854983662199444,4.3822750449609428,3.603526283141827,6.692955651477585,4.27244721125498,4.7408036057707669,4.32005883074207,5.017030971352637,3.6621448130038019,4.65066185484191,5.8948346259210588,5.75449995529081,3.7075218110093686,5.772607554423859,3.673295502237406,5.4930590634474749,4.519381974021128,5.419189241165717,5.159781980435536,4.106958928298266,4.7986141071606049,4.873971554957191,3.8712460230405258,4.213851831334769,4.931572618486134,5.084877781611224,2.6134773947047784,3.2493475086194749,4.850080429239078,5.329780294298214,3.842648048239935,6.85460997850227,4.317622961028295,3.909148252429574,2.931327714021881,4.043476199414305,6.479747241969344,4.552147207789389,4.941945136956164,5.38996134770338,5.139612786525998,3.4240450418161747,5.6429656550745659],[2.148952605387712,4.179916878585362,1.5826682771719359,3.013321319566881,2.6952371122326617,2.795866141207964,1.758826091848737,1.717232586929328,2.1555488789905965,1.14901581640556,3.5573833436015187,2.3796002639260256,2.6463902627736588,2.577284904209534,1.7616687389371789,1.2936347372972626,2.961429696390552,1.3944446770978958,0.0,2.504069700447164,1.3565599308584127,1.1354864836363137,0.31427135353552557,4.357652640957521,5.046485110610187,5.058303788892427,4.753535680561238,6.371730066148883,6.171260926044586,5.162394171913706,4.533191747819164,3.780921529001418,5.288657578576829,5.2277467180331469,4.203687661796473,4.944527703611433,4.705818197348552,5.127399903702517,3.9554154994027255,5.421392968169405,4.272138387404317,5.763782669885064,4.63713116879227,5.905392219921431,3.9894821173657566,6.004988288213887,3.5886258818248799,3.938379365079136,3.4503212638912359,2.4913332334465618,3.41001687512901,3.2605942738162487,5.4623750787537459,2.941316425649068,4.130900751119711,3.975890147815772,4.07760231831154,2.321039079850315,3.4248562978713665,4.585380373751303,4.421797051670393,3.0268255815971956,4.378758783986998,2.2889981044636404,4.10785313635874,3.2651843772896438,4.024977585286346,3.928207298355293,2.804682652105278,4.663692462979895,4.846139161560785,3.9692714062723879,4.100514540738704,4.902141546502647,4.801804227802875,2.198004659631479,3.0193502740710258,4.8006027992009099,5.236514201370078,3.2284519568561977,6.845432526022458,4.2745066431640279,3.7545724094710315,2.849652378626409,4.010776560644801,6.287991655789615,4.494387821488259,4.856261809350186,5.382579159315802,5.008731671835453,3.1132642163667176,5.063030670443981],[3.025701612157913,1.695757112395082,0.9253702656230142,1.7652051629145945,1.6865954571969324,0.3900024602755318,1.947030357242938,1.3539046192532239,2.265649267645619,1.5243054069171374,2.1184565842732945,1.6821589540758868,0.4788321221528962,0.10057484955039557,2.066551467310753,2.4392511289713627,1.7665713693877037,1.3509694071707128,2.504069700447164,0.0,3.1129301011712338,1.426671834959199,2.3532535946167796,4.7540714299871749,6.8371899838207759,5.257120042382305,5.147321429886162,7.587204312054301,7.098836739175119,6.794924179199171,5.390163474231917,4.084792919193897,6.748788491357551,7.2101852342253249,5.019797034230184,4.898193940746274,5.163740189911468,5.637636912887718,4.180837575232656,6.969247365780254,4.839360674463866,5.891974342754489,6.636957955305396,5.647735824846853,4.70580250344048,6.919966432399733,4.724071570242488,6.241998980512119,4.605720710049877,4.9307318613171609,5.0404238050358,3.6457021208426299,7.504416611378367,5.254070474217838,4.958541805464331,4.223009261777595,5.5865230621607939,4.663384312818035,5.526440860148002,6.8205958451815029,6.710533300326098,4.161185727511255,6.833316978655698,4.703890138543164,6.516830920649064,5.426332764502155,6.458622803203688,6.020862745274165,5.068864209339739,4.235163798980088,4.005331157271929,2.7841283525354054,3.6805341481920439,4.065005150670199,4.774779743989373,3.030405045156395,3.186582780370972,4.059557679712785,4.615289669684754,4.1993020995822489,5.834117680232101,3.559591481067568,3.5297576657475475,2.597970154902825,3.2767946922973958,5.879886480502821,3.817532259457621,4.244712591731809,4.404031508072702,4.528965402792162,3.45763794557587,5.721044428279567],[1.543886251900915,4.55631245031326,2.28409436537224,3.0654430098305629,2.7556982844249755,3.205943526751284,1.767050181941373,1.925293368233221,2.0878423596181148,2.3287094066067679,3.58857022523192,2.443690482114539,3.009663415552647,3.13117277682133,1.7295083470771198,0.9668806021721156,3.0129958959582239,1.76511101579849,1.3565599308584127,3.1129301011712338,0.0,1.7636601558713277,1.1054797214131925,5.664633513246553,5.885769031752535,6.36810226806857,6.048516675061714,7.405491238814044,7.306379731515965,6.082325376845345,5.759330360871696,5.113317925412278,6.281754495779428,5.920454948633473,5.454685997090681,6.27834279690545,5.993793344577291,6.393398835815459,5.28913537998537,6.366343124639425,5.560588662550459,7.066230229642464,5.362198187158132,7.241604041192855,5.268076757343422,7.150218983644982,4.809671490569538,4.3895788242601239,4.676963843600901,2.6395620970863469,4.484196613814772,4.601268175296568,6.089897488759652,3.504358055672213,5.383472298600782,5.307552325910235,5.138944319703254,2.9399008135462298,4.190226987947585,5.077343409268692,4.8523049377941389,4.2906705199228389,4.342886767584341,2.6646140802205235,4.295177700446539,3.9914201341669068,4.068545370165772,4.641085360948101,3.4720558518196,6.017325343656868,6.202697768479327,5.286974436845987,5.456179751149841,6.258696202814956,6.136544469181106,3.546170448898594,4.3727437431896,6.157122416238096,6.591671020762717,4.507875472929939,8.201988744498025,5.631055420391712,5.109200978754961,4.206209792669868,5.367315537607799,7.630410255995873,5.850896870661739,6.212085231309298,6.738911844318734,6.361920490057958,4.459502280102018,6.305465404672479],[2.098945277788138,3.0575506776146779,0.5272210718819125,1.9268213315490628,1.617833940246124,1.6677168548430149,1.07065729016889,0.6353648179703483,1.4859468554967553,0.7161179807869701,2.4818921554576525,1.3327625700629642,1.5125041712171515,1.479571008694846,1.1735382949795206,1.3301759282691535,1.8787662253427,0.29994636823350975,1.1354864836363137,1.426671834959199,1.7636601558713277,0.0,0.9331463824220976,4.507547301208865,5.855929921784809,5.167535831510525,4.923127227181521,6.9436505640433439,6.613168701139959,5.897518361706782,4.884885574000071,3.858091208011038,5.944984643412516,6.134921446883362,4.519927435429114,4.96196479638138,4.898419122485728,5.360058415734307,4.0156396771840809,6.12245061691465,4.485870649258573,5.87347304441689,5.543412109399678,5.885632261274881,4.249029111566144,6.436901647122244,4.015491474969633,4.996581252062767,3.8775862972527599,3.623983226306126,4.082972398227691,3.3256480262168388,6.4019983564421178,3.9953943038813914,4.448043186132671,4.045440657035159,4.717147855621198,3.387912853524832,4.3616520068567479,5.6125437070944799,5.47570589275018,3.409827563785521,5.513369623197238,3.4078313738445145,5.2265333532856579,4.232996536516247,5.157589827555676,4.87043674845997,3.826430492853984,4.553373672081549,4.652224738441334,3.665323537687326,3.9704865707345888,4.709415721252689,4.819623647103169,2.3229252078130537,2.982173090995183,4.622284380026971,5.093526952659598,3.5475511688137408,6.640640904759133,4.090394058693393,3.6571555859529689,2.6887467025457498,3.8187606902621029,6.229753595426211,4.321649506832823,4.706262800796976,5.175677896197041,4.896056041120543,3.1483850771753687,5.353542856117489],[1.8374008719936735,3.98758644293595,1.4322470623911637,2.7655508688739047,2.4475742140882374,2.5965178869967886,1.485249163357402,1.4760737471907049,1.8697771209628805,1.242398699225819,3.3054278857413066,2.130083266960993,2.4346619637898074,2.4113519079108447,1.4783385407708756,0.9811403213748596,2.713234548294741,1.158102469852541,0.31427135353552557,2.3532535946167796,1.1054797214131925,0.9331463824220976,0.0,4.645906696180072,5.357243392135175,5.344794858082119,5.044514429574318,6.685592968551901,6.481514078585244,5.475740247225532,4.83682815771517,4.060716343583455,5.602924326442689,5.531213497697419,4.504289229471337,5.222139816807221,4.998560642692981,5.424169916960472,4.234298892948237,5.735286693659508,4.565407143447693,6.051682106966289,4.941523489794889,6.181052111767975,4.285418240887627,6.3147068563444599,3.894369514046767,4.219244374120337,3.7556721123700158,2.7359301891314815,3.7241217006426297,3.5369333259527195,5.761962648673815,3.226577868630797,4.431369504938407,4.255712317607271,4.39163423301231,2.6058193718695614,3.7286153773996029,4.872280189232294,4.702701610339444,3.3277509191397098,4.618041083938808,2.5502675989721617,4.3641291154862309,3.565645874183969,4.268125380855076,4.230115117225239,3.098021469101889,4.927811821149262,5.103798844463156,4.183134215644945,4.361746282704237,5.159840536348389,5.079122074820354,2.471590287347112,3.285296905124113,5.058858163110509,5.498204587268766,3.525843652419168,7.102920256438972,4.532287369585999,4.017916290837485,3.1073136697741758,4.268224342518667,6.560116865790526,4.752785840957325,5.1168302089590409,5.63908044033829,5.27319286177434,3.3861065876519258,5.363777796703062],[6.436957593591279,6.134783469172785,4.404223961267651,6.114284223894334,5.883429217706383,5.143723237050698,5.568128737850801,5.076261002512805,5.991648976317442,3.851640462199282,6.62108708437284,5.70314447178013,5.129600123976469,4.854646176146731,5.656526435077877,5.594519220897396,6.08609913465391,4.788434637282936,4.357652640957521,4.7540714299871749,5.664633513246553,4.507547301208865,4.645906696180072,0.0,2.4802911713836917,0.7034724503405091,0.4165194349030117,2.917698050252735,2.3626791441123524,2.3721559622535657,0.7707007938628555,0.6779728325844767,2.253680708967979,2.916303958126112,0.4761876083981238,0.6560309141156883,0.4112021029919949,0.8880641407177592,0.5759990572500799,2.4961281591908075,0.18892210662628618,1.4061301620594507,2.44187478891817,1.6030272925231977,0.4277509782747453,2.186358453545363,0.9419244932363087,2.8318383107389089,1.0541323234158425,4.049906796252847,1.4580111097877715,1.189038797545094,3.2188405055697579,2.862165758603613,0.4688405896026688,0.5324990556793587,1.3230594155750657,3.144519226912253,2.185508639925556,2.886768678415292,2.9590010840962579,1.3895510316369473,4.92581444922182,3.616205276120572,3.571575976160939,2.34255435901625,4.174873631630845,2.221468832613879,2.728199584827158,1.1141522241576008,1.9740696867864332,3.471109638587628,1.3970605689423923,1.947224782855441,0.5427082505244677,2.209757648330541,1.6003868303598133,1.7163615039844609,1.3933103766509836,1.165185080209799,2.9992495524980709,1.8729535174600312,1.3243151096704196,2.1565995200132597,2.0406852446714596,2.000983930568683,1.6857403436429502,1.4042776796288