{"name":"DynamicObjectArray","generic":13,"parameters":{"array":[{"name":"MatrixSerializable","generic":11,"parameters":{"name":"distance_matrix_aa","value":[[1.0,0.4058028658860423,0.6263689036802529,0.8277565623394894,0.8487440824313381,0.5732422685900809,0.9323906268074896,0.8273911045244321,0.9568404404507832,0.49964058334154967,0.800115639378162,0.8723395066844322,0.6225222439491692,0.5298036928363692,0.9471291074274773,0.9482207901628688,0.8336036378015936,0.7835843778705837,0.6386690471190302,0.5137279563140444,0.8571996559736417,0.718944708697708,0.7364766888965619,-0.29089521750457339,-0.2667306901167097,-0.3175163493054508,-0.3088277590045631,-0.3067287116870804,-0.31795846111379386,-0.28105311648946049,-0.2982718376453806,-0.2453479294247617,-0.29326512882490599,-0.24850349891667176,-0.2838792211368779,-0.3099143044040711,-0.3072568166516273,-0.3191367817749111,-0.25864024949318206,-0.2892898328418106,-0.2877181755539477,-0.33020212834334919,-0.23429897572945453,-0.32834710135408848,-0.27091429279595427,-0.31861612443853096,-0.23890651916624879,-0.13177006838560374,-0.22623033799838902,0.17705554306302088,-0.20786927409413859,-0.18614083007326083,-0.24305865257626919,-0.04843963402638218,-0.27976802391153207,-0.2611328318606001,-0.25844531911133986,0.047672968152332,-0.15710849139439027,-0.1850068086729271,-0.1607895760826199,-0.17755338099161178,0.08068152325906648,0.1280283963638982,-0.05861164594717967,-0.13114592306013485,0.02549918333725522,-0.1913373887820338,-0.05400543678978123,-0.27976292763299479,-0.2517264980201277,-0.07987083841054323,-0.2358561694049882,-0.2558507689886575,-0.30458464558780759,0.00276773049906747,-0.13174437702321815,-0.26171888493346137,-0.29563577460473935,-0.20173807795790547,-0.28800925450639827,-0.22318638927753624,-0.21338421334534667,-0.05721188763772945,-0.19292047314355482,-0.32884105986687958,-0.24684532556688702,-0.27780820677958448,-0.25644312668905547,-0.29515430651107579,-0.1608377581254126,-0.31622866409829156],[0.4058028658860423,1.0,0.5970868869639375,0.7675825047119621,0.7337324378088909,0.8811632281801066,0.5352725214585278,0.5913647172771741,0.5649739517576262,0.41730551300778426,0.782632901840297,0.683981075664333,0.8466323134252127,0.8458167942430401,0.5191740426656993,0.35263823139203878,0.7605639731531075,0.5256995916479881,0.17693565932061029,0.8298545543540358,0.16300431377355918,0.4677199908616621,0.2315756767309531,-0.213350629301249,-0.3260497767958082,-0.22244167039480274,-0.23271704890951984,-0.30510962350875439,-0.2934992877860952,-0.32174994550173999,-0.2678005205952616,-0.1552256664111215,-0.316038442210601,-0.33135492441646288,-0.25019720700463135,-0.18453066363171326,-0.23761142952410536,-0.2563269608454546,-0.1591373512982626,-0.3198030565894102,-0.22842715899118594,-0.23340079849213944,-0.3270352518668158,-0.1878651513685646,-0.22766841914081685,-0.29302626358125496,-0.24285177429051325,-0.310974566076378,-0.23432155123246338,-0.2020957800339384,-0.2706182223881302,-0.1077788665812738,-0.33256486955185107,-0.2646744206003517,-0.24749647011286075,-0.16446085565353547,-0.2959145505096942,-0.21289627012580779,-0.29314784963451498,-0.3269897828028567,-0.32278521520917077,-0.1916677346044982,-0.26494809353784928,-0.20012505846978968,-0.30111790377196637,-0.28572951479215105,-0.2795896689999913,-0.3131058755833015,-0.25627986063089366,-0.09066097514371302,0.0367589582402704,0.4248774282506424,-0.036680116923655168,0.02934837585716735,-0.18001194014635867,-0.006586268640209607,-0.02481108510272843,-0.004133251205424758,-0.08049230782449557,-0.19334600293342753,0.006003342848500575,0.04297070094433017,-0.04513643160696771,0.12221813931323066,0.08716915272263674,-0.17285958509415173,0.00195481774429552,-0.05523666908815725,0.07253986318514458,-0.10370713787922474,-0.07835828512567555,-0.26716581149204918],[0.6263689036802529,0.5970868869639375,1.0,0.7601421563414345,0.8005841192780177,0.8540357628377036,0.8181757236553104,0.925138624456799,0.7562631242761799,0.9100774679032392,0.6786429718160534,0.8302379223726385,0.8844507580921076,0.8800070291652932,0.7961893934675557,0.7044091014926885,0.7652336748605182,0.9466303404305092,0.6215233279606751,0.8867064533082981,0.5055668588882896,0.9496129537516799,0.6874316971685851,-0.31908311951949155,-0.30418258498439607,-0.31096085316714597,-0.32012349790653929,-0.28532785529944246,-0.29355426491529559,-0.3076957670143908,-0.33062761073410149,-0.2898135886435682,-0.3094971686354154,-0.2902820381157911,-0.3309899313128093,-0.29845503759423416,-0.3223345724427281,-0.31824431632013619,-0.29399942511169577,-0.30402931628531917,-0.3250241151129712,-0.29772138389837168,-0.29892778666923117,-0.27883337289240298,-0.3254589259722818,-0.2981646477378501,-0.323872678205646,-0.25624786433323806,-0.317984530070687,-0.056603820916803177,-0.3150060192985973,-0.2392132899099769,-0.2816552646487514,-0.2163992787920564,-0.3306723551584791,-0.29713280998741256,-0.32817960568912099,-0.1398971796418553,-0.2838526394702433,-0.27273421395422528,-0.26263473152648006,-0.28193850004131307,-0.11598161362802492,-0.08268549680958903,-0.20678785289353533,-0.2696139085930342,-0.15527536587698205,-0.2935427622474944,-0.2203276230918633,-0.2511622647135095,-0.16581043707417965,0.15084136452655454,-0.21182999395977879,-0.17095318910245137,-0.29892470479352,-0.0037480087620401466,-0.14409695640730539,-0.19364036638609057,-0.23836667058075654,-0.2943749746850483,-0.1635652372454352,-0.15438908769805166,-0.20968057667192689,0.04464723211262119,-0.11033778718440859,-0.26388317245463957,-0.1882948449281527,-0.2272039663427781,-0.14181417577555767,-0.25524280016290376,-0.204488230902119,-0.3212497657137608],[0.8277565623394894,0.7675825047119621,0.7601421563414345,1.0,0.9946125066606416,0.8744626820544965,0.9049981728060812,0.8872787537646325,0.9395690500370492,0.5614424804018517,0.9848597168883365,0.9780193035606806,0.8980257022426169,0.8216943498536306,0.8999144054023518,0.760046483577352,0.9998625205835457,0.8134417599668934,0.46380902098507129,0.8006848412699679,0.5467598093282211,0.7325517821547005,0.5559445053173951,-0.28222962172311719,-0.32107918429091256,-0.3022034550333066,-0.3014201038116983,-0.33099860252519239,-0.33229277182111147,-0.3263248178624862,-0.31089436063956529,-0.22840696651702245,-0.32995457840775929,-0.3142419404420834,-0.2946672061623273,-0.2817354771851504,-0.3026196747016246,-0.3176141018786516,-0.2385066492697269,-0.3294743677982977,-0.28701513238263,-0.3141511595851549,-0.30548117242499747,-0.2944939578301667,-0.27677323571726888,-0.33263568877501578,-0.2656790157258847,-0.24763621080670637,-0.2543671330119049,-0.040551932766342117,-0.26300696757777117,-0.16953191756047335,-0.311853319870881,-0.18144055691802978,-0.29106302949902315,-0.2424080966222926,-0.30250311116305636,-0.10408585033809419,-0.24967801405314106,-0.28136301715245229,-0.2676524156146054,-0.20540110720112787,-0.1241722399444268,-0.05982454612899552,-0.20827169109124478,-0.2329116455057456,-0.15783760837207645,-0.27729912644335255,-0.17877352228098318,-0.22421408831246465,-0.1566415157106402,0.1170118973633142,-0.17229340206970399,-0.16240581046044598,-0.276507787696393,-0.001881894477471788,-0.09597269463487537,-0.1787759487185361,-0.23140152351122446,-0.2200732143579626,-0.19482991165472045,-0.13263044735472413,-0.15999644669645367,0.021947781198602548,-0.0932119005574017,-0.2887229130899636,-0.16549351476126665,-0.20932763351802054,-0.1481226426902145,-0.23986265425416596,-0.13975415578886134,-0.3206810918879564],[0.8487440824313381,0.7337324378088909,0.8005841192780177,0.9946125066606416,1.0,0.877616915677994,0.938274838654387,0.9264154893372189,0.9590440538314753,0.6027152565113636,0.9631097095959057,0.9941048120179701,0.9070032271222822,0.8311487247764438,0.932196829290458,0.8020044196816001,0.9961128419353124,0.8602279233588367,0.5100154947762633,0.8120982942615282,0.5871141419026204,0.782466096408581,0.6058093632274393,-0.29158322694818519,-0.31955927128149017,-0.30961091570533336,-0.30910733192136449,-0.32817686387982078,-0.33135604486887357,-0.3253708513372627,-0.3169389942629509,-0.2398242782294586,-0.32951236311227558,-0.31085280814676238,-0.3023191928033642,-0.2910364177964615,-0.3101609674809949,-0.3229599289008734,-0.24995025013264203,-0.32809378522961316,-0.29578352487961886,-0.31882259862234138,-0.3037444466722612,-0.30083596240389168,-0.2857544201721164,-0.3323241042680458,-0.2734371894586862,-0.2436223012838875,-0.26225776070659825,-0.026156830981461038,-0.2678552806421366,-0.18027320342013018,-0.30737001678282846,-0.17762067726442655,-0.2989294295688942,-0.2537150809484693,-0.306366491876444,-0.0971612708893188,-0.24989393366178129,-0.27722602657442926,-0.2630161449031636,-0.2133078513879794,-0.11024304461606439,-0.04830824472642096,-0.2002272603860307,-0.2324133422612398,-0.1465835118338859,-0.2766457972823795,-0.17600738217480717,-0.23663482330226658,-0.17070145645777516,0.1010493698582392,-0.1858138468005739,-0.17630614407445664,-0.2863142275359803,-0.0015996331821903519,-0.10535245998965845,-0.19237655580379013,-0.24285778086074509,-0.228977366688136,-0.2041099015802786,-0.14694098383400237,-0.17293614879573525,0.015747499656303705,-0.10738993928183871,-0.2944650636501587,-0.17944677950891764,-0.22207192426603709,-0.161851727986884,-0.251341254796084,-0.14986917260740918,-0.3254963012672997],[0.5732422685900809,0.8811632281801066,0.8540357628377036,0.8744626820544965,0.877616915677994,1.0,0.749106657648062,0.8327722836703745,0.7437253706758898,0.6504503725535836,0.8296844406936276,0.8609706254084851,0.9954651210635604,0.9910804720399296,0.7280674191499422,0.561574468354347,0.8734113061642947,0.7828455270038047,0.3626329652042379,0.9834277271272224,0.33688409098971036,0.7273181359519221,0.4376286221401673,-0.2761288491073948,-0.33152845503670938,-0.28022269836311289,-0.28914473354053019,-0.3106019573628458,-0.309274529141377,-0.33098543348982475,-0.3127150709731697,-0.2250294028220576,-0.3289082594980313,-0.3272825146976646,-0.30193748937607148,-0.25326651543456377,-0.2927105352833056,-0.30199915196484836,-0.23058691819157993,-0.32806041248399628,-0.28705102600349438,-0.28106467710788987,-0.32971076636927429,-0.24860067782408502,-0.2854498100376149,-0.31145307825114657,-0.2919522766310135,-0.301478261798409,-0.2836326400075184,-0.15223847737360389,-0.3042783096282977,-0.16957445694509497,-0.32335524535214907,-0.2582358841952466,-0.2999593089816268,-0.23531105724331595,-0.32622992755818489,-0.19563813154947627,-0.30407707281079246,-0.31716585569583147,-0.31029843911935486,-0.23980926715042573,-0.20677179343439953,-0.16383462471698263,-0.2724994705382294,-0.2934867846673908,-0.23599068202868304,-0.31984498192084195,-0.25497336749346719,-0.1771514897195479,-0.06785773732481337,0.3176860662809625,-0.12232714564035417,-0.07499410239797973,-0.2503126296912837,-0.006030571620031631,-0.07462572724002674,-0.10310823069600345,-0.16974629986225368,-0.24700369354970246,-0.09579322743046613,-0.05174963975078944,-0.12246902894755775,0.10090692627754804,-0.0018494172262120783,-0.2342003742578,-0.0937777245414727,-0.14778549786193638,-0.042768746662855929,-0.18890113858099803,-0.13505366867822689,-0.30907659641231735],[0.9323906268074896,0.5352725214585278,0.8181757236553104,0.9049981728060812,0.938274838654387,0.749106657648062,1.0,0.9686747203848484,0.9853165314445671,0.6632916083378321,0.8448903112352177,0.9674901829435524,0.7987772718070858,0.7163609196568771,0.9989468007629672,0.9486823595781023,0.9113639170922059,0.9364740825688034,0.6892534022530992,0.7026303193076273,0.7789510667984865,0.8781055095377108,0.7903423921383843,-0.3121778233157196,-0.29605196082944049,-0.32781921851430909,-0.32533933510103515,-0.31245470968532887,-0.3225117187819278,-0.30602248900115328,-0.3228666532730461,-0.2689679220152757,-0.31405300639891128,-0.2800131492127185,-0.31248582828869678,-0.3178665415924635,-0.325146922218573,-0.33207640073616825,-0.2799747356370345,-0.3096607868383229,-0.3123592779383452,-0.33135711121809699,-0.2740534396452773,-0.32284439790888777,-0.3007416589243616,-0.3247783084874456,-0.27864207357182815,-0.19386379153634923,-0.2673751494327778,0.0839774380812248,-0.2567748332515673,-0.20918617367936977,-0.27354001092907678,-0.12029730257991883,-0.3094334607550804,-0.2828640651763924,-0.2970467196442473,-0.02412404961082317,-0.21601656454371483,-0.23443994217941398,-0.21562829487841168,-0.21898063654992429,-0.014999334951657574,0.04741068481217212,-0.13173326563412939,-0.19364440192790287,-0.0611706116253243,-0.24372446968371559,-0.12339340635798711,-0.2805681819741116,-0.23245288091669714,-0.008091628430962386,-0.23680020717218007,-0.23694051752196353,-0.314338549530399,0.0010419970655488763,-0.13999278478160907,-0.24875420015239176,-0.2868540231053081,-0.24020880260689163,-0.25180794067683706,-0.20956376266346919,-0.21987728875664024,-0.03153612487162909,-0.17454994131549463,-0.3172638583094966,-0.23691916066110409,-0.27108790549839076,-0.2262068221205937,-0.2925047637797021,-0.17966891439210384,-0.33149146475158378],[0.8273911045244321,0.5913647172771741,0.925138624456799,0.8872787537646325,0.9264154893372189,0.8327722836703745,0.9686747203848484,1.0,0.9286939388915161,0.7723820272162303,0.8113606305376161,0.9575205949377621,0.877467576833894,0.818674137371881,0.9567998049159403,0.8796691239285414,0.893438445994251,0.9860762902724252,0.6847758129846139,0.8107481048373543,0.68089141574251,0.9454973447965802,0.7772708547697613,-0.3194454371101072,-0.3058413118358236,-0.3263937898382426,-0.3284243677779998,-0.30729724421743728,-0.3166031335392836,-0.3130729907178343,-0.33131781881242436,-0.2800423704798661,-0.3184655722753628,-0.29086924123441967,-0.3245940782366928,-0.31514913551476278,-0.3291914971949691,-0.33212393427840788,-0.2888318727010557,-0.31368599449598286,-0.32194617230695246,-0.3233742345053803,-0.2907592734113151,-0.3104835103815419,-0.31462255782418699,-0.31987711759417866,-0.30020062368883529,-0.2259428707115993,-0.2905868462994077,0.022455768351830848,-0.28415040247911335,-0.22211034933868613,-0.2835609443422732,-0.16384152838255049,-0.3224822423753662,-0.29190009085115717,-0.31501625202961749,-0.07307012327999961,-0.24866579580169244,-0.25700747403105286,-0.24181525897175816,-0.24507615142565027,-0.0651015509651407,-0.008023205419473013,-0.16982819532748895,-0.22934948791914243,-0.1076047020408832,-0.27006613292198908,-0.16645839026367963,-0.2733937826352088,-0.210604032359802,0.051874996668938497,-0.2306745679245427,-0.21535242675298567,-0.3130703936718871,-0.0005563308821525279,-0.1427274002906596,-0.23150127581043604,-0.27241266446644349,-0.26336646645780767,-0.21984154220144515,-0.19214423622078673,-0.2187682227120784,-0.006671882188095858,-0.15368929072164715,-0.300937937717188,-0.22209689093627414,-0.2583197781470713,-0.19682267839779658,-0.2824982135848537,-0.19016100868207645,-0.3330461041877361],[0.9568404404507832,0.5649739517576262,0.7562631242761799,0.9395690500370492,0.9590440538314753,0.7437253706758898,0.9853165314445671,0.9286939388915161,1.0,0.5900288703789109,0.9005139632542417,0.974217583598114,0.7889492389926929,0.6991703980703056,0.9885741470100784,0.9216943560687709,0.9442710011066065,0.8761078439185633,0.6158931598670047,0.6816803215438693,0.7509285340636355,0.8039847375080995,0.7181061573647318,-0.3000204453315555,-0.29844941830278096,-0.3210052150054702,-0.3168332223024113,-0.3203491230999125,-0.3282029420077052,-0.30834826002316459,-0.3152278354361705,-0.25217992555976728,-0.31636888001721966,-0.2845827017287765,-0.30153258528867979,-0.3086908047810327,-0.3165800051586621,-0.3277289128261986,-0.2638956492976903,-0.31330976377668037,-0.3004340712001591,-0.33023692031244109,-0.2751061944596631,-0.3207703226559566,-0.2872955157835937,-0.32938515609265536,-0.26502260090688187,-0.19477550670932357,-0.2531076648010219,0.07215957770116072,-0.2461834574134743,-0.19198403424755906,-0.27969205994676579,-0.11959900726566809,-0.29790766742530219,-0.2669862788982203,-0.2900785550284808,-0.028308196766433814,-0.21112537780112607,-0.2373326898353447,-0.21841557042904939,-0.2037142147092788,-0.02275093673012951,0.03745566544207543,-0.1364859331755682,-0.18926040142507104,-0.06794902688221477,-0.24123619205016223,-0.12140349960087418,-0.2677612737249881,-0.22130895857701408,-0.0007018676088299577,-0.22097183390143497,-0.2260700495997529,-0.30397619449032517,0.000743650945634608,-0.12577164125119617,-0.2369808285019796,-0.27800194088105198,-0.22414900810849684,-0.2524079953735926,-0.1954913354684002,-0.2029739456189269,-0.02538552277684917,-0.16050638655069816,-0.31723829639735198,-0.2233750293868841,-0.2594959039513182,-0.21867190948288083,-0.28220196880126749,-0.16345162947755935,-0.32745724551741509],[0.49964058334154967,0.41730551300778426,0.9100774679032392,0.5614424804018517,0.6027152565113636,0.6504503725535836,0.6632916083378321,0.7723820272162303,0.5900288703789109,1.0,0.48979629485283468,0.6394375446870894,0.6811897771429272,0.6911591875595401,0.6440845671406119,0.6059413157134442,0.566784236607887,0.8385043269598237,0.6852712535977793,0.705397572987892,0.46642344818416828,0.8997062854028213,0.7021053423895678,-0.320212775978504,-0.26605975534758027,-0.29769920532995,-0.30986648373648226,-0.2444076231066576,-0.25596099371530786,-0.2704036316764953,-0.3158412610612215,-0.31531919727912297,-0.2730288387178855,-0.24858759019954194,-0.3263154010991284,-0.29315647369504385,-0.31188301944784699,-0.29761990138215529,-0.31448391692539925,-0.26548360134105467,-0.3245833800100054,-0.2738244395419007,-0.2618612384185341,-0.26004150207447465,-0.3307893647876927,-0.2617246963881713,-0.3311480454323894,-0.21938642866279207,-0.3298191084266885,-0.016363327747540875,-0.31101222247619406,-0.2824860822370941,-0.2380692051171327,-0.18962936861024833,-0.32801586881062236,-0.3162241135166197,-0.30976950128434535,-0.11243438110777857,-0.2617908710712141,-0.23205773016410206,-0.22205478190809403,-0.31053831418307278,-0.07400240369379227,-0.04537763574847009,-0.1643237575817942,-0.2476867055888694,-0.1121105488397578,-0.2634308944871188,-0.1985824957040909,-0.2625792922959398,-0.18303902301931999,0.09245164138197279,-0.24064045853329278,-0.18674427920292595,-0.2969137751489966,-0.00295437315084478,-0.19068543566975494,-0.20898133463861577,-0.24005775483834147,-0.3217454893999182,-0.1581167258264747,-0.18282837599364619,-0.24668529596081754,0.021082053875580644,-0.14526693554809615,-0.24356705607451346,-0.2101160390683873,-0.23772314297386727,-0.1539129289778503,-0.25856159559424438,-0.2514814688140582,-0.29917101827637718],[0.800115639378162,0.782632901840297,0.6786429718160534,0.9848597168883365,0.9631097095959057,0.8296844406936276,0.8448903112352177,0.8113606305376161,0.9005139632542417,0.48979629485283468,1.0,0.9325966631284715,0.8466388698998635,0.7683586108279161,0.8430432567480766,0.7006988867484023,0.9824052094146635,0.7306044996290423,0.40364701506513936,0.745093488487541,0.5000622068353382,0.648661706121557,0.48905172354203826,-0.26603238508939816,-0.3181727253212367,-0.2896848574524951,-0.2877420868493533,-0.3332823275515165,-0.33192504206555087,-0.3231543675400067,-0.2982340349173708,-0.21011225247075697,-0.3265920807950952,-0.3138343530535422,-0.2795708389422584,-0.2672903162743499,-0.2889422495123629,-0.30734404114934468,-0.22031374311236225,-0.32753596803189669,-0.2710802941432461,-0.3064229004834876,-0.30158720883539999,-0.2855801016762468,-0.26004279314282166,-0.33111645417047,-0.2493588302161207,-0.24438935478171398,-0.2378242140956918,-0.04797018881109053,-0.24923024772184056,-0.15295543049058794,-0.3132507129581575,-0.1766136157451207,-0.2755982108369827,-0.22427421871973803,-0.2910103786344085,-0.10312797152399614,-0.24082842983037659,-0.27983856251243485,-0.26621970403093189,-0.18930361158856008,-0.13288376513893608,-0.06411636926967862,-0.20981969539947874,-0.2246370918169453,-0.16284880541653247,-0.27036503405616338,-0.1727571243952984,-0.2075618643404748,-0.1415758444201858,0.1217577573324654,-0.15523563036634178,-0.14737460970346739,-0.26125420689083786,-0.0019016030616811086,-0.08393535575349319,-0.16311740775722798,-0.216996926118897,-0.20301179688055263,-0.18713562056988265,-0.11716293814712278,-0.1431689824944214,0.024000351907464469,-0.07933651149548062,-0.28151999543703207,-0.14932956857130406,-0.19342886906614255,-0.13479587620357559,-0.22455086729057859,-0.1248570106395922,-0.3107924274413668],[0.8723395066844322,0.683981075664333,0.8302379223726385,0.9780193035606806,0.9941048120179701,0.8609706254084851,0.9674901829435524,0.9575205949377621,0.974217583598114,0.6394375446870894,0.9325966631284715,1.0,0.8970685553440093,0.8207460887577429,0.9613409758134291,0.8479739375150933,0.9812250993105501,0.9015241303165109,0.5641629680952054,0.8038246325017123,0.6373895431942678,0.8289377184768949,0.6629512053181778,-0.3002970649475485,-0.3154649592353477,-0.3166724902978332,-0.31611089243301718,-0.32424743781065587,-0.3295043260069294,-0.3221629506977958,-0.3215389615246518,-0.25113884491316676,-0.3271247391334943,-0.30463367077235978,-0.30856177801400477,-0.3004872110771068,-0.3169089335401297,-0.3274822569984462,-0.2613654338836159,-0.324724638134726,-0.30359241069328715,-0.32334430405107658,-0.2987507418279177,-0.30769054468787529,-0.29353676452768326,-0.33103528657321698,-0.27920568296021788,-0.234715461845808,-0.26813120369155599,-0.0031588459686021526,-0.2696411351923718,-0.1912237641806519,-0.3000743623371151,-0.16800058615366626,-0.30536715836295577,-0.2649185176738555,-0.3076263331769346,-0.08358838812813013,-0.24576451409923925,-0.2690592929814579,-0.2539672426063886,-0.21935972485177555,-0.08939109975154044,-0.028931141313788438,-0.1864054373805544,-0.22722931658995949,-0.12863584612962754,-0.2720066460930383,-0.16767351596611244,-0.2504693615104041,-0.1880532583530903,0.07553230033944634,-0.20142547556048816,-0.19339168667987284,-0.2962669925679053,-0.0010727256673176158,-0.11619814571022237,-0.20868420124851887,-0.25601975009327146,-0.23637241319533967,-0.2163561220204733,-0.1646569075051377,-0.18767607924861896,0.0053473403930142629,-0.12569847761438406,-0.3010423036572039,-0.1961765847141351,-0.23679496169384182,-0.1793062162651024,-0.26414649622299415,-0.1605499448236204,-0.32926969105623],[0.6225222439491692,0.8466323134252127,0.8844507580921076,0.8980257022426169,0.9070032271222822,0.9954651210635604,0.7987772718070858,0.877467576833894,0.7889492389926929,0.6811897771429272,0.8466388698998635,0.8970685553440093,1.0,0.9851138523472988,0.7783512128460797,0.6174592776266474,0.8981134721587442,0.8303085492785425,0.4111293124657736,0.9770864160476586,0.38891779169181586,0.7744165990236174,0.4906530027180239,-0.2856573463357828,-0.3302982596634565,-0.2904862991277498,-0.29817488036587116,-0.31285692460354416,-0.31325881225310839,-0.330950435015024,-0.3183446703483515,-0.23603639512780828,-0.3300384908152842,-0.32441469962746169,-0.30810546904241506,-0.26612297723148145,-0.30126786973953709,-0.3096263761524791,-0.24225899431277848,-0.3285756247376803,-0.2951869674698358,-0.29083154796300539,-0.32648845164177989,-0.26173205851552419,-0.29254705058100108,-0.31561440403723037,-0.29564181408930387,-0.2929881331683182,-0.2870550299013065,-0.13013924579674999,-0.3037024180843131,-0.1795753091817083,-0.31995938337069898,-0.24713240966044459,-0.3060783899371024,-0.2467353426214548,-0.3271380717806124,-0.18058423063496088,-0.2984395521893581,-0.31082662361339366,-0.30276985089231048,-0.24266423753994205,-0.18861052468325369,-0.144315497797276,-0.26013748687099005,-0.28660304419181939,-0.21997087324895876,-0.31504072283430387,-0.24465228243145846,-0.19568620810230917,-0.09464609873884569,0.27143458448723836,-0.14233496161668286,-0.10141332529672598,-0.26325395411417198,-0.005276940226447748,-0.08637111029452048,-0.12732886121132548,-0.1897603182909244,-0.251650483634725,-0.12003421463198876,-0.07742801975734043,-0.14000274373583114,0.08429914930675527,-0.02901314502215962,-0.2482323059470989,-0.117669177893172,-0.16893373025044937,-0.07199373307183156,-0.207209784187534,-0.14516543235696703,-0.31568569142485305],[0.5298036928363692,0.8458167942430401,0.8800070291652932,0.8216943498536306,0.8311487247764438,0.9910804720399296,0.7163609196568771,0.818674137371881,0.6991703980703056,0.6911591875595401,0.7683586108279161,0.8207460887577429,0.9851138523472988,1.0,0.6932335938037705,0.5333822798551724,0.8213608381466535,0.7819475122746606,0.3602764848559894,0.9987846896487996,0.3135350397029528,0.7385084199588726,0.43142338317196418,-0.2782153395776438,-0.3282332415915367,-0.27730913113087038,-0.28838881648627609,-0.301219516229854,-0.3005371598445139,-0.3269982281474669,-0.3134740086834815,-0.2302938801118999,-0.3242212749366924,-0.32322785097001247,-0.3053633346491689,-0.2506087868699327,-0.2923155406434888,-0.2987134286267622,-0.23462090504738995,-0.3226953999302173,-0.28993744508278077,-0.274161476461303,-0.32892515232124949,-0.24066783109156657,-0.2906021942421249,-0.3033791831784904,-0.3002490640335728,-0.30527713416970955,-0.29300361550040146,-0.16342736187036997,-0.31329487885193599,-0.1761536882000581,-0.3183330066887957,-0.26857610098863368,-0.3039743095857858,-0.2393642343189593,-0.3298438233281431,-0.20889208359108203,-0.31181876578776188,-0.3169712095725567,-0.3111470375229063,-0.25171075076585666,-0.20908616986225926,-0.1763609896486351,-0.2754373947492788,-0.30225225646169587,-0.2395412619822277,-0.32382902862079029,-0.2664226870193382,-0.17334984899509374,-0.05730153326625959,0.3470686683455529,-0.11885317026184711,-0.0646366697551067,-0.24853430625552093,-0.006963419097576454,-0.07536951446394365,-0.09461716157585208,-0.16250908879104143,-0.25762139539622067,-0.0828105157948939,-0.04225937343771642,-0.12148247070111033,0.118209674385965,0.010368921318048414,-0.22456174393100826,-0.08611132128470169,-0.14139751458948325,-0.030022966929936558,-0.1836148876108711,-0.14034320144541274,-0.30615321115310087],[0.9471291074274773,0.5191740426656993,0.7961893934675557,0.8999144054023518,0.932196829290458,0.7280674191499422,0.9989468007629672,0.9567998049159403,0.9885741470100784,0.6440845671406119,0.8430432567480766,0.9613409758134291,0.7783512128460797,0.6932335938037705,1.0,0.9569567668371911,0.9063239933163869,0.9228250223259642,0.6893662552548414,0.6789488694150085,0.795836500251334,0.8629296128240879,0.7909868323448215,-0.31051757232495155,-0.29300699618717127,-0.32753753243103098,-0.3242613216115472,-0.3122647923382043,-0.3225600712768991,-0.3035449575580254,-0.32067391334977277,-0.2669816671686011,-0.31211877747406588,-0.27663337455843498,-0.30979799704041269,-0.3179705628497749,-0.32388314035445739,-0.33136924114347296,-0.27832880551754848,-0.3077415500837627,-0.31023176233462476,-0.3321107620406708,-0.2696682606287688,-0.32452131519117718,-0.2979032867212265,-0.32466106276199316,-0.274376632066812,-0.1864229944488577,-0.2628790321478414,0.09709876823331842,-0.2511708359661626,-0.20709132398793077,-0.2702539913180983,-0.11105141588581208,-0.3066050830799847,-0.2811641046397202,-0.2929314299025979,-0.014075897965434324,-0.2089568074369639,-0.22874714150737597,-0.20921023829554695,-0.21423193682540768,-0.0032889377985818974,0.05899630063195963,-0.1228018546956881,-0.18600558104771679,-0.05041223267135951,-0.237653496168752,-0.11441523611030577,-0.28175412803862429,-0.2363885436169014,-0.01928940246900932,-0.23801089446470539,-0.2408136841832788,-0.31422729023635667,0.0013309001982912757,-0.13978995942450507,-0.2518305613316964,-0.28924145014467819,-0.23598711460186123,-0.2574169389827229,-0.21280395649493648,-0.22026992235172497,-0.035994222129448919,-0.17845540867814817,-0.3196623664863174,-0.23962558707440408,-0.27328650012204316,-0.23148879183036678,-0.2940975169792412,-0.17806425983897637,-0.33046532139523218],[0.9482207901628688,0.35263823139203878,0.7044091014926885,0.760046483577352,0.8020044196816001,0.561574468354347,0.9486823595781023,0.8796691239285414,0.9216943560687709,0.6059413157134442,0.7006988867484023,0.8479739375150933,0.6174592776266474,0.5333822798551724,0.9569567668371911,1.0,0.7683455749926939,0.8723512842802124,0.7959472219715539,0.5221789258864593,0.9277084673786797,0.8334220807305619,0.8866175620373444,-0.3125668676480119,-0.25826840681207005,-0.32966050896747775,-0.32370223507281045,-0.28985534899239748,-0.3055292782897253,-0.27325520550954049,-0.31037118088075996,-0.27616156914697867,-0.2859634829522981,-0.23561957342004578,-0.30206694235951916,-0.32710842549222099,-0.3220887192577402,-0.3260190428382413,-0.2883459865306229,-0.27941315642205757,-0.30845192291007536,-0.3317122546150189,-0.22698588019459113,-0.3323221151104701,-0.2939212790902012,-0.3082077721292406,-0.2603671855991965,-0.12026300506408543,-0.2485935433547137,0.22556876104903415,-0.2211342779315407,-0.21795472871274386,-0.22732381473278893,-0.034011041777862769,-0.2989418980711052,-0.2903586656896428,-0.2669915792098451,0.07741899500034162,-0.15657723153625204,-0.1727509345558327,-0.14776600818486508,-0.20115810072960434,0.10445914056081837,0.1728780635033628,-0.03863830436945917,-0.12824421380005969,0.05054071617335291,-0.18831771990321964,-0.04209250314197799,-0.3053141535391368,-0.27601070349299997,-0.10432752473552047,-0.2682127521228861,-0.2794594059477373,-0.3240096322695567,0.004085360087883282,-0.16078080448103655,-0.2866683556956396,-0.31380910619647336,-0.22798114816987306,-0.28795771356011176,-0.2538154901020524,-0.24751756433330897,-0.07823480255114733,-0.2248582067860118,-0.3290926632729884,-0.2754808049622821,-0.30161977024851047,-0.27358776126319037,-0.31577769561036309,-0.19151678026896896,-0.32222568641373769],[0.8336036378015936,0.7605639731531075,0.7652336748605182,0.9998625205835457,0.9961128419353124,0.8734113061642947,0.9113639170922059,0.893438445994251,0.9442710011066065,0.566784236607887,0.9824052094146635,0.9812250993105501,0.8981134721587442,0.8213608381466535,0.9063239933163869,0.7683455749926939,1.0,0.820549735071073,0.4715937927395998,0.8005842440286575,0.5551119403497075,0.7399106130660315,0.5644618871309892,-0.2837088698411345,-0.3206713887850953,-0.3035218577562338,-0.30269435013413467,-0.3306756714702295,-0.33229789527826539,-0.32606365748893825,-0.31178138418051656,-0.23017897026912777,-0.3298301867973563,-0.3135053999242567,-0.2957595948478566,-0.2834066520832564,-0.30384961206554819,-0.31855013800311107,-0.2403230612765386,-0.32920204308342629,-0.28834816842565499,-0.3151422702950673,-0.3049077367500421,-0.295865558860506,-0.27806275355188117,-0.3327234640366999,-0.26662004674160685,-0.24641686798768396,-0.2553039812730768,-0.037175756669572648,-0.26334972440447459,-0.17116459247685823,-0.31095288486406055,-0.18007455969960207,-0.29217474933705969,-0.24419673202639975,-0.3028414881028574,-0.10213648662649122,-0.24915243048200448,-0.28028770679166317,-0.2664310841544861,-0.20630349311012328,-0.12100447705228859,-0.05702126776268306,-0.2062869437185139,-0.23221816375725708,-0.1551848734238789,-0.2767337185772855,-0.17759218302096176,-0.22652077480951,-0.15955093895260123,0.11294720550963235,-0.17477193171263193,-0.16528231705876854,-0.27823643044003518,-0.0018067898259408213,-0.09756059671040159,-0.18150415429712719,-0.23369762379580975,-0.22119422258368935,-0.1971727631814138,-0.13548113396833795,-0.16227493530180177,0.02042006357944064,-0.09610662954651668,-0.2900821999681224,-0.16822895347578532,-0.2118098800744836,-0.1511535716218619,-0.2420656349089402,-0.14132666858589455,-0.32149621629287886],[0.7835843778705837,0.5256995916479881,0.9466303404305092,0.8134417599668934,0.8602279233588367,0.7828455270038047,0.9364740825688034,0.9860762902724252,0.8761078439185633,0.8385043269598237,0.7306044996290423,0.9015241303165109,0.8303085492785425,0.7819475122746606,0.9228250223259642,0.8723512842802124,0.820549735071073,1.0,0.7524138383034398,0.7790707981459288,0.6923555547787207,0.9854993641653178,0.8323858308001835,-0.32687276826931335,-0.29555631365630738,-0.3281860338256987,-0.33154526539583176,-0.2944201912150739,-0.30583457180648657,-0.3032662824205989,-0.3324808994060806,-0.2947829789246238,-0.30908495945676209,-0.2783475111376108,-0.32963691243589107,-0.32020631911221889,-0.3322291880815453,-0.3306865993984995,-0.30241717286423427,-0.30306283589183699,-0.32869782014927576,-0.3198725384945357,-0.28091442599275737,-0.30898272092436709,-0.3231028888503768,-0.3099255732237652,-0.30842767659589107,-0.21487555389178859,-0.29992261739591527,0.043502474951574467,-0.28769699852061489,-0.23982496584310163,-0.26972327572392276,-0.15503802407476278,-0.3282154341333594,-0.30507489245595029,-0.31415650825498439,-0.06037842754307967,-0.244442887984278,-0.2446687794488689,-0.22923806499824979,-0.25761753904602427,-0.04691068307419489,0.010891638044541392,-0.15454197839043805,-0.224571133733402,-0.09016226485090169,-0.263132293657184,-0.1595361200904373,-0.2845639669550341,-0.22296557330647163,0.031541515266558597,-0.24713502358967874,-0.2272245231743698,-0.31944609577159846,0.000027947731137908618,-0.1599033757492471,-0.24356981982482418,-0.2795966401254494,-0.2766057646250193,-0.220839977509984,-0.20836697915815553,-0.2369166714213089,-0.01802849283598981,-0.17145053255524166,-0.2981433641722333,-0.23644963181615753,-0.26895935005322849,-0.20627360014077818,-0.29062433510909577,-0.2079580480078549,-0.33097739661010708],[0.6386690471190302,0.17693565932061029,0.6215233279606751,0.46380902098507129,0.5100154947762633,0.3626329652042379,0.6892534022530992,0.6847758129846139,0.6158931598670047,0.6852712535977793,0.40364701506513936,0.5641629680952054,0.4111293124657736,0.3602764848559894,0.6893662552548414,0.7959472219715539,0.4715937927395998,0.7524138383034398,1.0,0.3588572482496462,0.8160003163329845,0.7999972700194324,0.9793115723305543,-0.32013826864208097,-0.1945422968177114,-0.3141829925339115,-0.313258202656107,-0.22032943384337703,-0.24282873816536858,-0.21172736481368163,-0.290661741752966,-0.3180186029720067,-0.22643599937059406,-0.16493467953392783,-0.29802039351187439,-0.3253113874114852,-0.31115365908738526,-0.29728432984756866,-0.32455439028658147,-0.21578141864076989,-0.3125869374684786,-0.29560818507467387,-0.1627219075373114,-0.3039412444528278,-0.30482035758628048,-0.24816763488149028,-0.2671125725492494,-0.04541875461753798,-0.2597101894638538,0.3551184282202326,-0.2025454905225725,-0.2788100482731801,-0.15334653667281909,0.052281466771919169,-0.297672389816182,-0.3244972281567601,-0.2354564021109706,0.20197404793575006,-0.10130761807918903,-0.09967949143859172,-0.07289888216023849,-0.22664648444603273,0.1670785821213877,0.31823348890891958,0.04403727197100153,-0.06735600166556324,0.13099429969700072,-0.1289574435995801,0.0400457868149176,-0.33034010415071338,-0.3045732895242709,-0.16732565304890718,-0.32047950659967658,-0.30570100773905686,-0.3277952553592565,0.010053439043700704,-0.23241737223165508,-0.31475835155071277,-0.320347610605908,-0.2587344242221684,-0.2650740352920466,-0.3042076261636599,-0.31073865882069137,-0.15115514239350287,-0.2862503264858513,-0.29554097514329349,-0.3154668282539168,-0.3236692836904534,-0.28611678004464199,-0.3268953148665703,-0.257240624277309,-0.2907443794772537],[0.5137279563140444,0.8298545543540358,0.8867064533082981,0.8006848412699679,0.8120982942615282,0.9834277271272224,0.7026303193076273,0.8107481048373543,0.6816803215438693,0.705397572987892,0.745093488487541,0.8038246325017123,0.9770864160476586,0.9987846896487996,0.6789488694150085,0.5221789258864593,0.8005842440286575,0.7790707981459288,0.3588572482496462,1.0,0.30488582023203006,0.7404890217303113,0.4283288980179482,-0.27868156381883127,-0.3265344237939199,-0.27590059428362648,-0.28775837365614689,-0.2974381995432505,-0.2969848517302409,-0.32506342252607769,-0.31334711385333988,-0.23210464794580808,-0.32204881081586098,-0.3212494129492224,-0.30626563826264038,-0.24934780616994579,-0.29181109257339618,-0.2971232808776004,-0.23594212761849407,-0.32027941430687897,-0.2906784391519465,-0.2713095475383599,-0.3281101691816851,-0.23750930752631645,-0.2922074436530317,-0.3000543417085529,-0.3030212742378279,-0.30609671379109429,-0.29621185036066635,-0.1670015923414283,-0.31624729379916546,-0.17860441026946173,-0.31601424882308767,-0.2718885243476965,-0.30510459401175946,-0.24068139561450015,-0.33071389179358237,-0.21339376229197294,-0.3141740130517413,-0.31634550981951989,-0.3108905267272734,-0.2560276350927087,-0.20933184104899706,-0.18051908046725605,-0.2759125785585891,-0.30499129000308936,-0.24022630141927493,-0.3247567440155263,-0.27019596883115179,-0.17180409249796756,-0.053479201412707,0.35681593477118209,-0.11750892058393896,-0.060879332022504447,-0.2476053342075476,-0.007325993562247276,-0.07567499084702922,-0.09147593052464706,-0.15972782946735726,-0.26143407810618615,-0.07826261246093941,-0.03877666330302649,-0.12107912275734864,0.12492467854268966,0.014844830921451639,-0.22083401786552579,-0.08326352804333695,-0.13895155222708767,-0.025550473705791538,-0.1815049544467897,-0.1423527362225404,-0.3046792164585302],[0.8571996559736417,0.16300431377355918,0.5055668588882896,0.5467598093282211,0.5871141419026204,0.33688409098971036,0.7789510667984865,0.68089141574251,0.7509285340636355,0.46642344818416828,0.5000622068353382,0.6373895431942678,0.38891779169181586,0.3135350397029528,0.795836500251334,0.9277084673786797,0.5551119403497075,0.6923555547787207,0.8160003163329845,0.30488582023203006,1.0,0.6740774311222274,0.8769999576125993,-0.295073622164668,-0.19271572367045154,-0.31522991451807216,-0.3044274375103725,-0.24791382891526163,-0.2703657313408031,-0.21487658864807664,-0.2770639619737104,-0.2668531962297173,-0.23421881369810555,-0.16138313713750733,-0.27077487691442717,-0.3212608736810959,-0.3009722184678008,-0.30213184174102739,-0.2803800181581216,-0.22512078419558893,-0.28549932297443605,-0.3169765684317695,-0.1474127298719529,-0.32855869662110628,-0.26695773979137779,-0.2732049209208994,-0.21837434955242034,-0.00171453112462567,-0.20606807343883966,0.42689772976461495,-0.15568504351985724,-0.21233683066379104,-0.1511712884707794,0.10069569407375193,-0.26744673284118006,-0.28131203818114067,-0.20961115981445334,0.2256579063978272,-0.057831468986562269,-0.07239044567971803,-0.03826140924967075,-0.16157454058062166,0.28113429572252249,0.35129540041682336,0.10663166944835921,-0.021358780398947238,0.22027126610498458,-0.09545945205943918,0.08478708424290936,-0.3170327141822741,-0.30874222496172057,-0.19287770594799798,-0.28750285081793117,-0.3111016316438991,-0.31842108256908899,0.007494405710363839,-0.17258838539011249,-0.3132199916976019,-0.3287146915225219,-0.194893424046184,-0.3152710398354722,-0.2873462774951992,-0.263054638501456,-0.12407323810914862,-0.2654625205921468,-0.3287099170204693,-0.30263629133842909,-0.32004585412403299,-0.3108911044478165,-0.3262278366362929,-0.19094635467390606,-0.29421237076958109],[0.718944708697708,0.4677199908616621,0.9496129537516799,0.7325517821547005,0.782466096408581,0.7273181359519221,0.8781055095377108,0.9454973447965802,0.8039847375080995,0.8997062854028213,0.648661706121557,0.8289377184768949,0.7744165990236174,0.7385084199588726,0.8629296128240879,0.8334220807305619,0.7399106130660315,0.9854993641653178,0.7999972700194324,0.7404890217303113,0.6740774311222274,1.0,0.8598949225999859,-0.3310907890728912,-0.2840015414894525,-0.3260146043328368,-0.33108389669285107,-0.2796313926135161,-0.2925767235366207,-0.2918343555049889,-0.3307764995376124,-0.30744262532040408,-0.29775441207957317,-0.26515416302466995,-0.3320958015465827,-0.3209637251213591,-0.3317943879841702,-0.3257303359829478,-0.3133876614816215,-0.29070703903995068,-0.33253137187500839,-0.31240390961686168,-0.2704195963581432,-0.30289964849196757,-0.3292781237433571,-0.29737561659283526,-0.3155270513807436,-0.2051948720449988,-0.30852588032103159,0.056315001677754199,-0.2908982225551949,-0.25718916999758437,-0.2554777568619752,-0.14908370129100166,-0.33148143448516578,-0.3156069948152907,-0.3116950809431173,-0.05224763049754706,-0.24087609470940414,-0.23283761352