{"name":"DynamicObjectArray","generic":13,"parameters":{"array":[{"name":"MatrixSerializable","generic":11,"parameters":{"name":"km_train","value":[[1.9999998656548073,-1.1607577226656476,1.3041853094166354,-1.7707088350173457,1.6374041678815637,-1.126350379797377,1.3246732497040064,-1.9191796172612353,1.2454517463977289,-0.4062096034085691,0.5496371901595567,-1.016160715760267,0.882856048624485,-0.3718022605402985,0.5701251304469279,-1.1646314980041566,1.8053975928850195,-0.9661554498958599,1.1095830366468478,-1.5761065622475579,1.442801895111776,-0.9317481070275893,1.1300709769342186,-1.7245773444914475,1.027741527569951,-0.1884993845807912,0.3319269713317789,-0.7984504969324893,0.6651458297967072,-0.1540920417125206,0.35241491161915,-0.9469212791763788,1.3268685931793336,-0.48762645019017389,0.6310540369411616,-1.0975775625418718,0.9642728954060899,-0.4532191073219033,0.6515419772285326,-1.2460483447857614,1.03649920673943,-0.19725706375027045,0.3406846505012581,-0.8072081761019684,0.6739035089661865,-0.1628497208819998,0.36117259078862926,-0.9556789583458579,1.7941029166233734,-0.9548607736342136,1.0982883603852015,-1.5648118859859115,1.4315072188501297,-0.9204534307659431,1.1187763006725724,-1.7132826682298013,1.280549127238941,-0.44130698424978145,0.5847345710007692,-1.0512580966014796,0.9179534294656975,-0.40689964138151088,0.6052225112881402,-1.199728878845369,1.1458761947437628,-0.30663405175460325,0.45006163850559097,-0.9165851641063012,0.7832804969705193,-0.27222670888633268,0.47054957879296208,-1.0650559463501908,1.1124369164787558,-0.27319477348959617,0.4166223602405838,-0.8831458858412942,0.7498412187055121,-0.23878743062132558,0.4371103005279549,-1.0316166680851838,1.1448456715895042,-0.3056035286003445,0.44903111535133219,-0.9155546409520425,0.7822499738162604,-0.27119618573207396,0.4695190556387033,-1.064025423195932,1.6183449203510497,-0.7791027773618898,0.9225303641128775,-1.3890538897135878,1.2557492225778058,-0.7446954344936192,0.9430183044002486,-1.537524671957477],[-1.1607577226656476,1.999988482099392,-1.1972912605324285,1.079086234988213,-1.037020426772574,1.4802013199523896,-1.7668866975481075,1.3199946537923149,-0.40483910716103246,1.244069866594777,-0.44137264502781328,0.32316761948359798,-0.28110181126795888,0.7242827044477743,-1.0109680820434924,0.5640760382876996,-0.9661577021470397,1.805388461580784,-1.0026912400138204,0.8844862144696051,-0.8424204062539661,1.2856012994337816,-1.5722866770294995,1.1253946332737069,-0.1886816319448666,1.027912391378611,-0.22521516981164736,0.10701014426743207,-0.06494433605179295,0.5081252292316084,-0.7948106068273264,0.3479185630715337,-0.4876321369303853,1.3268628963641299,-0.5241656747971661,0.40596064925295086,-0.36389484103731176,0.8070757342171272,-1.0937611118128452,0.6468690680570525,-0.1972627555247995,1.036493514958544,-0.23379629339158027,0.11559126784736497,-0.07352545963172586,0.5167063528115413,-0.8033917304072593,0.3564996866514666,-0.9548661090366799,1.7940968684704244,-0.9913996469034606,0.8731946213592453,-0.8311288131436062,1.2743097063234219,-1.5609950839191398,1.1141030401633472,-0.4413126732481205,1.280543432681865,-0.47784621111490135,0.3596411855706861,-0.31757537735504695,0.7607562705348624,-1.0474416481305804,0.6005496043747877,-0.3066397432588457,1.14587050269259,-0.34317328112562647,0.22496825558141113,-0.18290244736577203,0.6260833405455876,-0.9127687181413055,0.4658766743855127,-0.2731995962377033,1.1124303556714477,-0.3097331341044841,0.19152810856026879,-0.14946230034462969,0.5926431935244452,-0.879328571120163,0.4324365273643704,-0.3056092202592364,1.1448399796929807,-0.34214275812601716,0.22393773258180187,-0.18187192436616274,0.6250528175459783,-0.9117381951416962,0.46484615138590348,-0.7791014463278246,1.6183322057615693,-0.8156349841946055,0.6974299586503902,-0.655364150434751,1.0985450436145666,-1.3852304212102845,0.9383383774544918],[1.3041853094166354,-1.1972912605324285,1.9997270483867964,-1.4994701646202316,1.0450837051297853,-1.6423339382987814,1.1350878678133305,-1.414343232875276,0.5477026618025925,-0.4408086129183856,1.2432444007727535,-0.7429875170061888,0.2886010575157422,-0.8858512906847387,0.3786052201992878,-0.6578605852612334,1.1094786980357639,-1.0025846491515569,1.8050204370059247,-1.30476355323936,0.8503770937489136,-1.4476273269179099,0.9403812564324591,-1.2196366214944048,0.2599281054913865,-0.15303405660717959,0.9554698444615474,-0.45521296069498276,0.0008265012045361828,-0.5980767343735326,0.09083066388808169,-0.37008602895002726,0.6311903442653796,-0.5242962953811726,1.3267320832355405,-0.8264751994689757,0.37208873997852917,-0.9693389731475255,0.4620929026620747,-0.7413482677240202,0.34082105902968115,-0.23392701014547413,1.036362797999842,-0.5361059142332773,0.08171945474283073,-0.6789696879118271,0.17172361742637624,-0.45097898248832188,1.0983969552510653,-0.9915029063668585,1.7939386942212264,-1.2936818104546617,0.839295350964215,-1.4365455841332114,0.9292995136477605,-1.2085548787097063,0.5848709225919386,-0.4779768737077316,1.2804126615620995,-0.7801557777955348,0.3257693183050882,-0.9230195514740847,0.41577348098863378,-0.6950288460505794,0.4501978741777376,-0.34330382529353067,1.1457396131478986,-0.6454827293813338,0.1910962698908872,-0.7883465030598836,0.28110043257443276,-0.5603557976363783,0.416757949398573,-0.3098639005143661,1.112299688368734,-0.6120428046021693,0.1576563451117227,-0.754906578280719,0.24766050779526822,-0.5269158728572138,0.4491675190016084,-0.34227347011740147,1.1447092579717693,-0.6444523742052046,0.19006591471475804,-0.7873161478837545,0.2800700773983036,-0.5593254424602492,0.9226333022514137,-0.8157392533672068,1.6181750412215748,-1.1179181574550099,0.6635316979645634,-1.2607819311335598,0.7535358606481089,-1.0327912257100545],[-1.7707088350173457,1.079086234988213,-1.4994701646202316,1.9999988025298535,-1.3256323847400383,1.1481249520117288,-1.1258300511757038,1.6769142643814597,-1.016150769963046,0.32452816993391356,-0.744912099565932,1.2454407374755537,-0.5710743196857386,0.39356688695742905,-0.37127198612140419,0.92235619932716,-1.5761055968285037,0.8844829967993709,-1.3048669264313895,1.8053955643410112,-1.1310291465511964,0.9535217138228864,-0.9312268129868616,1.4823110261926174,-0.7924007142135836,0.10077811418445106,-0.5211620438164695,1.0216906817260914,-0.34732426393627627,0.16981683120796654,-0.1475219303719417,0.6986061435776975,-1.097578094033977,0.4059554940048445,-0.826339423636863,1.3268680615464848,-0.6525016437566698,0.47499421102836,-0.4526993101923351,1.0037835233980908,-0.8072087076644232,0.11558610763529068,-0.5359700372673091,1.0364986751769308,-0.36213225738711588,0.18462482465880618,-0.16232992382278134,0.7134141370285371,-1.5648123195184663,0.8731897194893337,-1.293573649121352,1.794102287030974,-1.119735869241159,0.9422284365128493,-0.9199335356768242,1.4710177488825803,-1.0512586281285493,0.3596360280994167,-0.7800199577314352,1.280548595641057,-0.606182177851242,0.4286747451229322,-0.4063798442869073,0.9574640574926631,-0.9165856952974418,0.2249630952683093,-0.6453470249003277,1.1458756628099496,-0.47150924502013449,0.29400181229182478,-0.27170691145579997,0.8227911246615557,-0.8831464168152404,0.19152381678610795,-0.6119077464181264,1.1124363843277483,-0.4380699665379332,0.26056253380962349,-0.2382676329735986,0.7893518461793543,-0.9155551725123045,0.22393257248317195,-0.6443165021151904,1.144845140024812,-0.4704787222349971,0.29297128950668746,-0.27067638867066259,0.8217606018764183,-1.389054354558811,0.6974317545296785,-1.117815684161697,1.618344322071319,-0.9439779042815037,0.766470471553194,-0.7441755707171692,1.295259783922925],[1.6374041678815637,-1.037020426772574,1.0450837051297853,-1.3256323847400383,1.999999999633605,-1.0127374028356038,1.1477679659082772,-1.4463599292154759,0.8828622440035256,-0.28247850289453615,0.29054178125174709,-0.5710904608620004,1.245458075755567,-0.25819547895756586,0.3932260420302392,-0.6918180053374381,1.4428019627875955,-0.8424182216786058,0.8504815000358168,-1.1310301796460703,1.8053977945396367,-0.8181351977416356,0.9531657608143088,-1.2517577241215077,0.6660411740981571,-0.06565743298916742,0.07372071134637842,-0.35426939095663176,1.0286370058501984,-0.04137440905219715,0.17640497212487048,-0.47499693543206936,0.9642728284227751,-0.3638890873137854,0.3719523656709963,-0.6525010452812496,1.3268686601748166,-0.3396060633768151,0.47463662644948848,-0.7732285897566873,0.6739034419767889,-0.07351970086779922,0.0815829792250102,-0.36213165883526357,1.03649927372883,-0.049236676930828938,0.18426724000350226,-0.48285920331070117,1.4315071590980138,-0.8311234179890242,0.8391866963462352,-1.1197353759564886,1.7941029908500553,-0.8068403940520539,0.9418709571247272,-1.2404629204319262,0.9179533624792473,-0.31756962137025759,0.32563289972746858,-0.6061815793377219,1.2805491942312886,-0.29328659743328736,0.4283171605059607,-0.7269091238131595,0.7832804299915069,-0.18289668888251729,0.19095996723972828,-0.4715086468499816,1.1458762617435483,-0.15861366494554703,0.2936442280182203,-0.5922361913254192,0.7498411519415543,-0.14945741083256468,0.1575206891897757,-0.43806936880002897,1.1124369836935957,-0.1251743868955944,0.2602049499682677,-0.5587969132754667,0.7822499068269874,-0.18186616571799775,0.18992944407520874,-0.47047812368546207,1.1448457385790288,-0.15758314178102746,0.2926137048537008,-0.5912056681608997,1.2557491704312192,-0.6553654293222299,0.6634287076794408,-0.9439773872896942,1.6183450021832609,-0.6310824053852595,0.7661129684579329,-1.0647049317651319],[-1.126350379797377,1.4802013199523896,-1.6423339382987814,1.1481249520117288,-1.0127374028356038,1.998975397234763,-1.2258012606205522,1.2472026103419925,-0.35603798877732897,0.7098889289323414,-0.8720215472787333,0.37781256099168056,-0.24242501181555563,1.2286630062147149,-0.455488869600504,0.4768902193219442,-0.9317686340321284,1.2856195741871409,-1.4477521925335327,0.9535432062464799,-0.8181556570703551,1.8043936514695143,-1.0312195148553034,1.0526208645767437,-0.1206615862658978,0.47451252642091026,-0.6366451447673022,0.14243615848024938,-0.007048609304124501,0.9932866037032838,-0.2201124670890729,0.24151381681051307,-0.4537303736109869,0.8075813137659994,-0.9697139321123913,0.47550494582533855,-0.3401173966492136,1.326355391048373,-0.553181254434162,0.5745826041556023,-0.1633619535615517,0.5172128937165641,-0.679345512062956,0.18513652577590326,-0.049748976599778397,1.0359869709989376,-0.2628128343847268,0.28421418410616697,-0.9208934071866808,1.2747443473416933,-1.436876965688085,0.9426679794010324,-0.8072804302249075,1.7935184246240668,-1.0203442880098559,1.0417456377312962,-0.40741130296187735,0.7612622431168898,-0.9233948614632817,0.4291858751762289,-0.293798326000104,1.2800363203992634,-0.5068621837850524,0.5282635335064927,-0.27273867449654518,0.6265896146515576,-0.7887222329979495,0.29451324671089676,-0.15912569753477186,1.145363691933931,-0.37218955531972028,0.3935909050411604,-0.23927803604876567,0.5931289762037781,-0.75526159455017,0.2610526082631172,-0.12566505908699236,1.1119030534861517,-0.33872891687194076,0.3601302665933809,-0.2717083742863784,0.6255593144413908,-0.7876919327877827,0.29348294650073,-0.15809539732460507,1.1443333917237644,-0.37115925510955347,0.39256060483099367,-0.7448997487329017,1.0987506888879142,-1.260883307234306,0.7666743209472532,-0.6312867717711285,1.6175247661702879,-0.8443506295560768,0.8657519792775169],[1.3246732497040064,-1.7668866975481075,1.1350878678133305,-1.1258300511757038,1.1477679659082772,-1.2258012606205522,1.9999996272504333,-1.5070698823902753,0.5700507781956857,-1.0122642260397868,0.3804653963050098,-0.37120757966738307,0.3931454943999564,-0.47117878911223146,1.2453771557421126,-0.7524474108819546,1.1300710915075303,-1.5722845393516317,0.9404857096168545,-0.9312278929792278,0.953165807711801,-1.031199102424076,1.8053974690539572,-1.3124677241937993,0.3531871656665667,-0.7954006135106678,0.1636017837758908,-0.15434396713826405,0.17628188187083733,-0.2543151765831124,1.0285135432129938,-0.5355837983528355,0.6515420963812498,-1.093755544225351,0.461956714490574,-0.45269889785294728,0.4746368125855206,-0.5526701072977956,1.3268684739276769,-0.8339387290675187,0.36117270999080167,-0.8033861578349026,0.17158732810012568,-0.16232951146249895,0.1842674261950722,-0.2623007209073473,1.0364990875372285,-0.5435693426770704,1.1187764173148274,-1.5609898651589285,0.9291910354241515,-0.9199332187865248,0.941871133519098,-1.0199044282313732,1.7941027948612543,-1.301173050001096,0.6052226304647888,-1.0474360783088899,0.4156372485741129,-0.4063794319364862,0.42831734666905948,-0.5063506413813345,1.2805490080112159,-0.7876192631510577,0.47054969800087045,-0.9127631458449714,0.28096431611019448,-0.27170649947256778,0.29364441420514106,-0.3716777089174161,1.1458760755472973,-0.6529463306871391,0.437110405587285,-0.879323853431386,0.24752502369660907,-0.2382672070589823,0.26020512179155566,-0.33823841650383065,1.1124367831337119,-0.6195070382735537,0.4695191748400931,-0.911732622684194,0.27993379294941719,-0.2706759763117904,0.29261389104436377,-0.37064718575663876,1.14484555238652,-0.6519158075263618,0.9430182594328292,-1.3852317072769303,0.7534328775421533,-0.7441750609045266,0.7661129756370998,-0.844146270349375,1.6183446369792563,-1.1254148921190979],[-1.9191796172612353,1.3199946537923149,-1.414343232875276,1.6769142643814597,-1.4463599292154759,1.2472026103419925,-1.5070698823902753,1.999999345038404,-1.1646046681465033,0.5654197046775827,-0.6597682837605441,0.9223393152667275,-0.691784980100744,0.4926276612272603,-0.7524949332755432,1.2454243959236718,-1.724577217416172,1.1253922539472517,-1.2197408330302129,1.4823118645363965,-1.2517575293704129,1.0526002104969293,-1.312467482545212,1.8053969451933408,-0.9462955630623615,0.34711059959344106,-0.44145917867640246,0.7040302101825858,-0.47347587501660229,0.2743185561431186,-0.5341858281914016,1.0271152908395303,-1.246048605048847,0.6468636415799266,-0.7412122206628879,1.0037832521690713,-0.7732289170030877,0.5740715981296042,-0.833938870177887,1.3268683328260159,-0.9556792186540475,0.3564942551851271,-0.45084283426808849,0.7134138657742718,-0.4828595306082883,0.28370221173480467,-0.5435694837830876,1.0364989464312163,-1.7132829027814558,1.1140979393125355,-1.2084465183954967,1.4710175499016803,-1.2404632147356965,1.041305895862213,-1.3011731679104959,1.7941026305586246,-1.199729139130881,0.6005441756619606,-0.694892754744922,0.9574637862511053,-0.7269094510851217,0.5277521322116382,-0.7876194042599212,1.2805488669080499,-1.0650562066232333,0.4658712431543128,-0.5602198222372742,0.8227908537434575,-0.5922365185774741,0.39307919970399038,-0.6529464717522733,1.145875934400402,-1.0316169262707183,0.43243196280179777,-0.5267805418847591,0.7893515733909425,-0.558797238224959,0.3596399193514753,-0.6195071913997583,1.112436654047887,-1.064025683503124,0.4648407200342036,-0.559189299117165,0.8217603306233484,-0.5912059954573649,0.3920486765838812,-0.6519159486321642,1.1448454112802929,-1.537524846079433,0.9383398826105127,-1.0326884616934742,1.2952594931996576,-1.064705158033674,0.8655478391601903,-1.1254151112084734,1.618344573856602],[1.2454517463977289,-0.40483910716103246,0.5477026618025925,-1.016150769963046,0.8828622440035256,-0.35603798877732897,0.5700507781956857,-1.1646046681465033,1.9999873819276313,-1.1593747426909347,1.3022382973324949,-1.770686405492948,1.637397879533428,-1.110573624307231,1.324586413725588,-1.9191403036764055,1.1004554848965807,-0.2598428456598841,0.4027064003014442,-0.8711545084618977,0.7378659825023773,-0.21104172727618057,0.42505451669453739,-1.0196084066453549,1.0109312098515376,-0.17031857061484094,0.31318212525640107,-0.7816302334168545,0.6483417074573341,-0.12151745223113739,0.3355302416494942,-0.9300841316003116,1.0333773152668078,-0.19276467603011117,0.33562823067167127,-0.8040763388321247,0.6707878128726044,-0.14396355764640762,0.3579763470647644,-0.9525302370155818,1.0011634565375705,-0.16055081730087385,0.3034143719424339,-0.7718624801028873,0.638573954143367,-0.11174969891717029,0.32576248833552709,-0.9203163782863444,1.0630404304657193,-0.22242779122902285,0.365291345870583,-0.8337394540310363,0.7004509280715161,-0.17362667284531933,0.3876394622636761,-0.9821933522144934,1.026303041049093,-0.18569040181239666,0.32855395645395676,-0.7970020646144103,0.6637135386548899,-0.1368892834286931,0.3509020728470499,-0.9454559627978674,1.00132969683586,-0.16071705759916356,0.30358061224072366,-0.772028720401177,0.6387401944416568,-0.11191593921546,0.3259287286338168,-0.9204826185846342,1.204816179846904,-0.36420354061020746,0.5070670952517676,-0.975515203412221,0.8422266774527008,-0.3154024222265039,0.5294152116448606,-1.123969101595678,1.0058306440661507,-0.16521800482945404,0.3080815594710141,-0.7765296676314676,0.6432411416719472,-0.11641688644575049,0.33042967586410729,-0.9249835658149247,1.4497833799246416,-0.609170740687945,0.7520342953295052,-1.2204824034899587,1.0871938775304385,-0.5603696223042415,0.7743824117225981,-1.3689363016734158],[-0.4062096034085691,1.244069866594777,-0.4408086129183856,0.32452816993391356,-0.28247850289453615,0.7098889289323414,-1.0122642260397868,0.5654197046775827,-1.1593747426909347,1.9972350058771427,-1.1939737522007513,1.077693309216279,-1.0356436421769018,1.463054068214707,-1.7654293653221523,1.3185848439599484,-0.2612155941586005,1.0990758573448086,-0.29581460366841708,0.17953416068394494,-0.13748449364456756,0.5648949196823727,-0.8672702167898181,0.4204256954276142,-0.17187131422645295,1.0097315774126608,-0.20647032373626945,0.09018988075179732,-0.048140213712419947,0.47555063975022529,-0.7779259368576705,0.3310814154954666,-0.1941408590178593,1.0320011222040673,-0.2287398685276758,0.11245942554320368,-0.0704097585038263,0.4978201845416316,-0.800195481649077,0.3533509602868729,-0.16192700532293953,0.9997872685091473,-0.19652601483275604,0.08024557184828392,-0.038195904808906538,0.4656063308467118,-0.7679816279541571,0.32113710659195318,-0.22380362287902573,1.0616638860652337,-0.2584026323888422,0.1421221894043701,-0.10007252236499273,0.527482948402798,-0.8298582455102433,0.38301372414803938,-0.1870665870582724,1.0249268502444802,-0.2216655965680889,0.10538515358361679,-0.0633354865442394,0.4907459125820447,-0.79312120968949,0.34627668832728605,-0.1620932453509426,0.9999535085371505,-0.1966922548607591,0.080411811876287,-0.03836214483690961,0.4657725708747149,-0.7681478679821602,0.32130334661995627,-0.36557885960585126,1.2034391227920592,-0.4001778691156678,0.2838974261311957,-0.24184775909181825,0.6692581851296234,-0.9716334822370688,0.5247889608748648,-0.16659419273588256,1.0044544559220905,-0.20119320224569907,0.08491275926122696,-0.04286309222184957,0.47027351825965488,-0.7726488153671002,0.3258042940048962,-0.6105399059014165,1.4484001690876245,-0.645138915411233,0.528858472426761,-0.4868088053873835,0.9142192314251888,-1.216594528532634,0.7697500071704302],[0.5496371901595567,-0.44137264502781328,1.2432444007727535,-0.744912099565932,0.29054178125174709,-0.8720215472787333,0.3804653963050098,-0.6597682837605441,1.3022382973324949,-1.1939737522007513,1.9958455079456914,-1.49751320673887,1.0431428884246852,-1.624622654451671,1.1330665034779477,-1.412369390933482,0.4045365900473248,-0.2962720449155812,1.0981438006605214,-0.5998114994536999,0.14544118113951508,-0.7269209471665012,0.23536479619277773,-0.5146676836483121,0.24311778777297286,-0.1348532426412293,0.9367249983861694,-0.43839269717934806,-0.015977621134836838,-0.5655021448921493,0.07394599391842585,-0.35324888137396018,0.3376990663528534,-0.2294345212211099,1.0313062769660502,-0.5329739757592287,0.07860365744504377,-0.6600834234720299,0.16852727249830644,-0.44783015995384076,0.3054853088278211,-0.19722076369607753,0.9990925194410179,-0.5007602182341963,0.04638989992001142,-0.6278696659469976,0.13631351497327408,-0.4156164024288084,0.3673344690934112,-0.25906992396166769,1.0609416797066079,-0.5626093784997864,0.10823906018560156,-0.6897188262125877,0.1981626752388642,-0.47746556269439857,0.33062483640209036,-0.22236029127034682,1.0242320470152869,-0.5258997458084656,0.07152942749428069,-0.6530091935212669,0.16145304254754337,-0.44075593000307769,0.30565137626983449,-0.19738683113809095,0.9992585868830313,-0.5009262856762097,0.04655596736202481,-0.6280357333890109,0.13647958241528747,-0.4157824698708218,0.509137212766721,-0.40087266763497739,1.2027444233799177,-0.7044121221730961,0.2500418038589112,-0.8315215698858973,0.33996541891217399,-0.6192683063677082,0.3101524914782545,-0.20188794634651098,1.0037597020914513,-0.5054274008846297,0.05105708257044487,-0.632536848597431,0.14098069762370753,-0.42028358507924187,0.7540717618250056,-0.645807216693262,1.4476789724382023,-0.9493466712313807,0.4949763529171958,-1.076456118944182,0.5848999679704585,-0.8642028554259928],[-1.016160715760267,0.32316761948359798,-0.7429875170061888,1.2454407374755537,-0.5710904608620004,0.37781256099168056,-0.37120757966738307,0.9223393152667275,-1.770686405492948,1.077693309216279,-1.49751320673887,1.9999664272082348,-1.3256161505946816,1.1323382507243616,-1.1257332694000642,1.6768650049994086,-0.8711634888400643,0.17817039256339527,-0.5979902900859861,1.100443510555351,-0.42609323394179779,0.23281533407147787,-0.22621035274718039,0.7773420883465247,-0.7755903964951699,0.08259730021850075,-0.5024171977410916,1.0048704182104565,-0.33052014159690326,0.13724224172658334,-0.13063726040228586,0.6817689960016302,-0.8040868161214509,0.11109371984478181,-0.5309136173673726,1.0333668378367376,-0.35901656122318428,0.16573866135286437,-0.1591336800285669,0.7102654156279114,-0.7718729574625632,0.07887986118589406,-0.4986997587084849,1.0011529791778498,-0.32680270256429658,0.13352480269397666,-0.12691982136967917,0.6780515569690235,-0.833749833360812,0.14075673708414286,-0.5605766346067337,1.0630298550760987,-0.38867957846254538,0.19540167859222547,-0.18879669726792798,0.7399284328672724,-0.797012541938701,0.10401944566203189,-0.5238393431846227,1.0262925636539875,-0.35194228704043437,0.15866438717011445,-0.15205940584581699,0.7031911414451615,-0.7720391973895388,0.0790461011128696,-0.49886599863546046,1.0013192191048255,-0.32696894249127209,0.1336910426209522,-0.1270860612966547,0.678217796895999,-0.9755256801833884,0.28253258390671928,-0.7023524814293101,1.204805701898675,-0.5304554252851217,0.33717752541480186,-0.33057254409050437,0.8817042796898487,-0.7765401449889506,0.08354704871228148,-0.5033669462348723,1.0058201667042373,-0.33146989009068397,0.13819199022036406,-0.13158700889606657,0.6827187444954109,-1.220492814132403,0.5274997178557338,-0.9473196153783245,1.4497728358476896,-0.7754225592341363,0.5821446593638163,-0.5755396780395189,1.1266714136388632],[0.882856048624485,-0.28110181126795888,0.2886010575157422,-0.5710743196857386,1.245458075755567,-0.24242501181555563,0.3931454943999564,-0.691784980100744,1.637397879533428,-1.0356436421769018,1.0431428884246852,-1.3256161505946816,1.99999990666451,-0.9969668427244984,1.1476873253088993,-1.4463268110096868,0.7378598547991563,-0.13610561744263009,0.14360486369041346,-0.42607812586041,1.1004618819302384,-0.09742881799022688,0.24814930057462757,-0.5467887862754152,0.6492308563797433,-0.04747661902321712,0.05497586527100049,-0.337449127440997,1.0118328835108253,-0.00879981957081391,0.15952030215521463,-0.45815978785600228,0.6707815505102489,-0.0690273131537227,0.07652655940150607,-0.35899982157150259,1.0333835776413312,-0.030350513701319489,0.18107099628572019,-0.4797104819865078,0.6385676917749288,-0.0368134544184026,0.04431270066618598,-0.3267859628361825,1.001169718906011,0.001863345034000607,0.1488571375504001,-0.4474966232511877,0.7004446729403596,-0.0986904355838334,0.10618968183161679,-0.3886629440016133,1.0630467000714417,-0.060013636131430198,0.21073411871583087,-0.5093736044166185,0.6637072762893991,-0.06195303893287278,0.06945228518065616,-0.3519255473506526,1.0263093034204809,-0.023276239480469576,0.17399672206487028,-0.47263620776565787,0.6387339320836037,-0.03697969472707757,0.04447894097486095,-0.32695220314485748,1.001335959214686,0.0016971047253256406,0.14902337785907505,-0.4476628635598627,0.8422204153097023,-0.24046617795317594,0.24796542420095928,-0.5304386863709558,1.2048224424407844,-0.20178937850077273,0.35250986108517348,-0.651149346785961,0.6432348793036335,-0.041480641947107269,0.04897988819489064,-0.33145315036488717,1.0058369064347157,-0.0028038424947040565,0.15352432507910475,-0.45216381077989239,1.0871876300048114,-0.485433392648285,0.4929326388960684,-0.7754059010660649,1.4497896571358933,-0.4467565931958818,0.5974770757802825,-0.8961165614810701],[-0.3718022605402985,0.7242827044477743,-0.8858512906847387,0.39356688695742905,-0.25819547895756586,1.2286630062147149,-0.47117878911223146,0.4926276612272603,-1.110573624307231,1.463054068214707,-1.624622654451671,1.1323382507243616,-0.9969668427244984,1.9674343699816475,-1.209950152879164,1.2313990249941929,-0.22682652604368926,0.579306969951165,-0.7408755561881293,0.24859115246081976,-0.11321974446095658,1.0836872717181057,-0.32620305461562218,0.34765192673065106,-0.10385126854748415,0.45633171245495998,-0.6179002986919242,0.12561589496461468,0.009755513035248506,0.9607120142219005,-0.20322779711941706,0.22467666923444594,-0.16023909569846088,0.5127195396059368,-0.674288125842901,0.18200372211559136,-0.04663231411572821,1.0170998413728774,-0.25961562427039377,0.2810644963854227,-0.12802620335969173,0.4805066472671676,-0.6420752335041319,0.14979082977682224,-0.014419421776959072,0.9848869490341081,-0.22740273193162464,0.24885160404665353,-0.1898309210290266,0.5423113649365025,-0.7038799511734667,0.21159554744615714,-0.07622413944629394,1.046691666703443,-0.2892074496009595,0.3106563217159884,-0.15316521677202916,0.505645660679505,-0.6672142469164693,0.17492984318915967,-0.0395584351892965,1.0100259624464454,-0.25254174534396209,0.27399061745899097,-0.1281921765886421,0.4806726204961179,-0.6422412067330822,0.1499568030057726,-0.014585395005909437,0.9850529222630585,-0.22756870516057499,0.2490175772756039,-0.3316572994169136,0.6841377433243894,-0.8457063295613536,0.3534219258340441,-0.21805051783418093,1.18851804509133,-0.4310338279888465,0.45248270010387539,-0.13269334676302453,0.48517379067050039,-0.6467423769074646,0.15445797318015504,-0.01908656518029188,0.989554092437441,-0.23206987533495744,0.25351874744998639,-0.5763382083064935,0.9288186522139693,-1.0903872384509337,0.598102834723624,-0.46273142672376085,1.43319895398091,-0.6757147368784264,0.6971636089934553],[0.5701251304469279,-1.0109680820434924,0.3786052201992878,-0.37127198612140419,0.3932260420302392,-0.455488869600504,1.2453771557421126,-0.7524949332755432,1.324586413725588,-1.7654293653221523,1.1330665034779477,-1.1257332694000642,1.1476873253088993,-1.209950152879164,1.9998384390207727,-1.5069562165542033,0.4251289835190913,-0.8659719351156557,0.23360907327145115,-0.22627583919356759,0.2482298951024026,-0.3104927226726675,1.100381008814276,-0.6074987863477067,0.33637684794815306,-0.7772197995447174,0.1448569377005129,-0.13752370362262934,0.15947775953146435,-0.22174058710172918,1.0116288732433379,-0.5187466507767683,0.35805081846872385,-0.7988937700652883,0.1665309082210837,-0.15919767414320014,0.18115173005203517,-0.24341455762229997,1.0333028437639087,-0.5404206212973391,0.3258369597889416,-0.766679911385506,0.13431704954130145,-0.1269838154634179,0.1489378713722529,-0.21120069894251776,1.0010889850841265,-0.5082067626175569,0.3877139311571733,-0.8285568827537376,0.19619402090953309,-0.18886078683164954,0.21081484274048455,-0.2730776703107494,1.062965956452358,-0.5700837339857886,0.35097654427494059,-0.791819495871505,0.15945663402730046,-0.1521233999494169,0.1740774558582519,-0.23634028342851677,1.0262285695701255,-0.533346347103556,0.3260032000929673,-0.7668461516895316,0.13448328984532713,-0.12715005576744357,0.14910411167627858,-0.21136693924654344,1.0012552253881522,-0.5083730029215826,0.5294896689554328,-0.9703326205519973,0.3379697587077928,-0.3306365246299091,0.3525905805387442,-0.414853408109009,1.2047416942506178,-0.7118594717840483,0.3305041473167392,-0.7713470989133036,0.13898423706909905,-0.1316510029912155,0.1536050589000505,-0.21586788647031536,1.0057561726119242,-0.5128739501453545,0.774456719006421,-1.2152996706029856,0.582936808758781,-0.5756035746808973,0.5975576305897323,-0.6598204581599971,1.449708744301606,-0.9568265218350365],[-1.1646314980041566,0.5640760382876996,-0.6578605852612334,0.92235619932716,-0.6918180053374381,0.4768902193219442,-0.7524474108819546,1.2454243959236718,-1.9191403036764055,1.3185848439599484,-1.412369390933482,1.6768650049994086,-1.4463268110096868,1.2313990249941929,-1.5069562165542033,1.9999332015959204,-1.019635109427733,0.41907964971127589,-0.5128641966848095,0.7773598107507361,-0.5468216167610144,0.3318938307455205,-0.6074510223055307,1.100428007347248,-0.9294852453439478,0.32892978562749078,-0.42271433260102456,0.687209946666951,-0.45667175267722928,0.2417439666617354,-0.5173011582217457,1.0102781432634629,-0.9525573271363209,0.35200186741986386,-0.4457864143933976,0.7102820284593242,-0.47974383446960236,0.2648160484541085,-0.5403732400141188,1.0333502250558362,-0.9203434684521875,0.3197880087357305,-0.4135725557092642,0.6780681697751907,-0.447529975785469,0.23260218976997508,-0.5081593813299854,1.0011363663717028,-0.9822204166238016,0.38166495690734456,-0.4754495038808783,0.7399451179468048,-0.5094069239570831,0.29447913794158916,-0.5700363295015996,1.0630133145433168,-0.9454830529410329,0.3449275932245758,-0.43871214019810958,0.7032077542640361,-0.4726695602743143,0.25774177425882047,-0.5332989658188307,1.026275950860548,-0.9205097087153301,0.3199542489988731,-0.4137387959724068,0.6782344100383333,-0.4476962160486116,0.2327684300331177,-0.508325621593128,1.0013026066348454,-1.1239961896388662,0.5234407299224091,-0.6172252768959428,0.8817208909618693,-0.6511826969721475,0.4362549109566537,-0.7118121025166639,1.2047890875583814,-0.9250106559797702,0.32445519626331317,-0.41823974323684695,0.6827353573027735,-0.45219716331305168,0.23726937729755782,-0.5128265688575682,1.0058035538992856,-1.368963305653025,0.768407845936568,-0.8621923929101016,1.1266880069760282,-0.8961498129863064,0.6812220269708126,-0.9567792185308228,1.4497562035725403],[1.8053975928850195,-0.9661577021470397,1.1094786980357639,-1.5761055968285037,1.4428019627875955,-0.9317686340321284,1.1300710915075303,-1.724577217416172,1.1004554848965807,-0.2612155941586005,0.4045365900473248,-0.8711634888400643,0.7378598547991563,-0.22682652604368926,0.4251289835190913,-1.019635109427733,1.9999997298190549,-1.160759839081075,1.304080834969799,-1.7707077337625386,1.6374040997216307,-1.1263707709661635,1.3246732284415657,-1.9191793543502072,1.0795699313926473,-0.24033004065466713,0.3836510365433914,-0.8502779353361309,0.7169743012952229,-0.20594097253975586,0.4042434300151579,-0.9987495559237994,1.1570938220153145,-0.3178539312773344,0.4611749271660586,-0.9278018259587983,0.7944981919178902,-0.2834648631624231,0.4817673206378251,-1.0762734465464668,1.0147811507442779,-0.17554126000629784,0.3188622558950221,-0.7854891546877617,0.6521855206468537,-0.14115219189138654,0.3394546493667886,-0.9339607752754302,1.8783264943624123,-1.0390866036244322,1.1824075995131563,-1.649034498305896,1.5157308642649879,-1.004697535509521,1.2029999929849229,-1.7975061188935647,1.1315895905921856,-0.2923496998542058,0.43567069574293007,-0.9022975945356696,0.7689939604947615,-0.25796063173929448,0.45626308921469657,-1.050769215123338,1.2628803037559354,-0.4236404130179553,0.5669614089066797,-1.0335883076994193,0.9002846736585112,-0.389251344903044,0.5875538023784461,-1.1820599282870877,1.022928826731276,-0.18368893599329615,0.3270099318820204,-0.79363683067476,0.6603331966338519,-0.14929986787838485,0.3476023253537869,-0.9421084512624285,1.0767785251898643,-0.23753863445188429,0.38085963034060857,-0.8474865291333482,0.71418289509244,-0.203149566336973,0.40145202381237507,-0.9959581497210166,1.2615821021039338,-0.4223422113659537,0.565663207254678,-1.0322901060474175,0.8989864720065095,-0.38795314325104238,0.5862556007264445,-1.180761726635086],[-0.9661554498958599,1.805388461580784,-1.0025846491515569,0.8844829967993709,-0.8424182216786058,1.2856195741871409,-1.5722845393516317,1.1253922539472517,-0.2598428456598841,1.0990758573448086,-0.2962720449155812,0.17817039256339527,-0.13610561744263009,0.579306969951165,-0.8659719351156557,0.41907964971127589,-1.160759839081075,1.9999928507659993,-1.1971890383367719,1.079087385984586,-1.0370226108638208,1.480223963372356,-1.7668889285368464,1.3199966431324668,-0.2405100357675627,1.079743047452487,-0.2769392350232598,0.15883758267107388,-0.1167728075503087,0.5599741600588437,-0.8466391252233343,0.3997468398189545,-0.31785736576636605,1.1570903774512905,-0.3542865650220631,0.23618491266987724,-0.19412013754911204,0.637321490057647,-0.9239864552221376,0.4770941698177578,-0.1755446995296471,1.0147777112145716,-0.2119738987853442,0.09387224643315825,-0.05180747131239308,0.4950088238209281,-0.7816737889854187,0.33478150358103889,-1.0390896867757187,1.8783226984606432,-1.0755188860314158,0.9574172336792297,-0.9153524585584647,1.3585538110669997,-1.6452187762314903,1.1983264908271106,-0.2923531366013651,1.1315861482862893,-0.3287823358570622,0.2106806835048762,-0.16861590838411104,0.611817260892646,-0.8984822260571367,0.4515899406527568,-0.423643852271018,1.2628768639559423,-0.46007305152671509,0.3419713991745291,-0.29990662405376397,0.743107976562299,-1.0297729417267896,0.5828806563224097,-0.18369150649022349,1.0229245181751477,-0.2201207057459206,0.10201905339373464,-0.05995427827296947,0.5031556307815044,-0.7898205959459951,0.34292831054161529,-0.23754207385959637,1.0767750855445207,-0.27397127311529348,0.15586962076310754,-0.11380484564234236,0.5570061981508774,-0.843671163315368,0.39677887791098817,-0.42233862808070879,1.2615716397656332,-0.45876782733640589,0.3406661749842199,-0.29860139986345476,0.7418027523719898,-1.0284677175364805,0.5815754321321005],[1.1095830366468478,-1.0026912400138204,1.8050204370059247,-1.3048669264313895,0.8504815000358168,-1.4477521925335327,0.9404857096168545,-1.2197408330302129,0.4027064003014442,-0.29581460366841708,1.0981438006605214,-0.5979902900859861,0.14360486369041346,-0.7408755561881293,0.23360907327145115,-0.5128641966848095,1.304080834969799,-1.1971890383367719,1.999518235328876,-1.499364724754341,1.0449792983587683,-1.6422499908564843,1.1349835079398059,-1.4142386313531646,0.3117565093140826,-0.2048647126810555,1.0071939096731598,-0.5070403990986245,0.05265497270305193,-0.6499256652007678,0.1426591822840896,-0.42191430569744806,0.4614155731013602,-0.3545237764683331,1.1568529734604374,-0.6566994628859022,0.2023140364903295,-0.7995847289880453,0.2923182460713672,-0.5715733694847256,0.3191030030345287,-0.21221120640150155,1.0145404033936059,-0.5143868928190706,0.06000146642349796,-0.6572721589212138,0.15000567600453566,-0.4292607994178941,1.182620532990104,-1.075728736357077,1.8780579333491814,-1.377904422774646,0.9235189963790734,-1.5207896888767894,1.0135232059601112,-1.2927783293734697,0.4359113859451831,-0.3290195893121559,1.13134878630426,-0.631195275729725,0.17680984933415234,-0.7740805418318683,0.26681405891519,-0.5460691823285485,0.5672019831899099,-0.4603101865568827,1.262639383548987,-0.7624858729744517,0.3081004465788791,-0.905371139076595,0.3981046561599168,-0.6773597795732753,0.3272498596510932,-0.22035806301806608,1.0226872600101702,-0.5225337494356351,0.06814832304006249,-0.6654190155377784,0.15815253262110019,-0.4374076560344586,0.3811003726019684,-0.2742085759689412,1.0765377729610455,-0.5763842623865103,0.12199883599093765,-0.7192695284886536,0.21200304557197534,-0.4912581689853338,0.5658704840042979,-0.4589786873712707,1.261307884363375,-0.7611543737888398,0.30676894739326707,-0.9040396398909829,0.39677315697430479,-0.6760282803876632],[-1.5761065622475579,0.8844862144696051,-1.30476355323936,1.8053955643410112,-1.1310301796460703,0.9535432062464799,-0.9312278929792278,1.4823118645363965,-0.8711545084618977,0.17953416068394494,-0.5998114994536999,1.100443510555351,-0.42607812586041,0.24859115246081976,-0.22627583919356759,0.7773598107507361,-1.7707077337625386,1.079087385984586,-1.499364724754341,1.999996735855992,-1.325631351161051,1.1481443777614609,-1.1258290644942087,1.6769130360513774,-0.8442291180362797,0.15260877025832696,-0.5728861090280819,1.073518120129733,-0.39915273543479198,0.22166576203520176,-0.1993504487679496,0.7504344203251181,-0.9278033228699577,0.236182975092005,-0.65646031386176,1.157092324963411,-0.48272694026847,0.30523996686887985,-0.28292465360162769,0.8340086251587962,-0.7854906516692708,0.09387030389131807,-0.514147642661073,1.014779653762724,-0.3404142690677831,0.1629272956681929,-0.14061198240094073,0.6916959539581092,-1.6490358972575048,0.9574155494795522,-1.3776928882493072,1.8783248993509585,-1.2039595146560172,1.026472541256427,-1.0041572279891749,1.5552411995463436,-0.9022990914817937,0.21067874370384097,-0.630956082473596,1.131588093575247,-0.45722270888030605,0.2797357354807158,-0.2574204222134636,0.8085043937706322,-1.0335898043096142,0.3419694565316614,-0.7622467953014164,1.2628788064030677,-0.5885134217081264,0.4110264483085362,-0.3887111350412841,0.9397951065984525,-0.7936383270677606,0.10201797928980794,-0.522295318059563,1.022927329161214,-0.348561944466273,0.17107497106668274,-0.1487596577994306,0.699843629356599,-0.8474880261126644,0.1558676783347117,-0.5761450171044668,1.0767770282061178,-0.40241164351117678,0.22492467011158655,-0.2026093568443344,0.7536933284015028,-1.0322915363116952,0.3406711885337425,-0.7609485273034975,1.2615805384051487,-0.5872151537102075,0.4097281803106173,-0.3874128670433651,0.9384968386005336],[1.442801895111776,-0.8424204062539661,0.8503770937489136,-1.1310291465511964,1.8053977945396367,-0.8181556570703551,0.953165807711801,-1.2517575293704129,0.7378659825023773,-0.13748449364456756,0.14544118113951508,-0.42609323394179779,1.1004618819302384,-0.11321974446095658,0.2482298951024026,-0.5468216167610144,1.6374040997216307,-1.0370226108638208,1.0449792983587683,-1.325631351161051,1.9999999991494915,-1.0127578616802098,1.1477680123216559,-1.4463597339802677,0.7178695779208532,-0.11748808906304333,0.12544477655799089,-0.4060968293602735,1.080465477348714,-0.09322333987943236,0.2282334905208784,-0.5268252121794901,0.7944980572587558,-0.1941165684009459,0.20207325589589343,-0.4827253086981761,1.1570939566866168,-0.16985181921733495,0.30486196985878097,-0.6034536915173927,0.6521853859816365,-0.05180389712382661,0.05976058461877414,-0.3404126374210568,1.0147812854094974,-0.027539147940215646,0.16254929858166168,-0.4611410202402734,1.5157307368370526,-0.9153492479792428,0.9233059354741904,-1.203957988276473,1.8783266362649136,-0.8910844987956318,1.0260946494370778,-1.3246863710956896,0.7689938258324918,-0.1686123369746819,0.1765690244696294,-0.4572210772719121,1.1315897252603525,-0.14434758779107094,0.27935773843251696,-0.5779494600911287,0.9002845390036792,-0.2999030501458693,0.30785973764081689,-0.5885117904430995,1.2628804384315402,-0.2756383009622584,0.4106484516037044,-0.7092401732623161,0.6603330621940745,-0.059951573336264638,0.06790826083121218,-0.3485603136334948,1.0229289616219353,-0.03568682415265367,0.1706969747940997,-0.46928869645271145,0.7141827604273474,-0.11380127156953751,0.12175795906448504,-0.4024100118667677,1.0767786598552083,-0.08953652238592655,0.22454667302737256,-0.5231383946859843,0.8989863521841036,-0.2986048633262937,0.30656155082124128,-0.5872136036235239,1.2615822516119644,-0.2743401141426827,0.4093502647841288,-0.7079419864427405],[-0.9317481070275893,1.2856012994337816,-1.4476273269179099,0.9535217138228864,-0.8181351977416356,1.8043936514695143,-1.031199102424076,1.0526002104969293,-0.21104172727618057,0.5648949196823727,-0.7269209471665012,0.23281533407147787,-0.09742881799022688,1.083687