{"name":"DynamicObjectArray","generic":13,"parameters":{"array":[{"name":"MatrixSerializable","generic":11,"parameters":{"name":"km_train","value":[[1.0,0.27800698870021497,0.3246052779036775,0.6192953740735949,0.7076540773570264,0.44682867378159465,0.9453756767566428,0.813177134605287,0.5613674634567419,0.5638379915711697,0.25383741165572396,0.7398161173777601,0.9625645667752546,0.9103761844931996,0.6029887744941631,0.9272445531826293,0.9428010769179265,0.9972354820991192,0.9333482259010701,0.8567456562091165,0.7709725376502529,0.8982057462102205,0.5736967897928977,0.7750247897995287,0.8953085028771612,0.8019328750743292,0.3680023845303899,0.23120344029829915,0.6787724523768305,0.7530205597604407,0.5904714590025637,0.7867295275653826,0.3848383385921142,0.7247632861934172,0.7028307374566714,0.392607334632638,0.7635849371132039,0.9725405101592417,0.9842274746687548,0.8067558888509635,0.8012102354482161,0.6215492132428613,0.7519025852710841,0.3894187364875914,0.39276283700623546,0.8774582948401377,0.7254076478586301,0.6766772290898635,0.9237548726858454,0.4596251531626331,0.3903513452865276,0.7338155555947115,0.9202031160188682,0.9288642329991144,0.9365969365207234,0.46861599773385256,0.8880875695133764,0.30863499496667826,0.9106947135207066,0.790234722679649,0.7076772610725987,0.5808157630184898,0.7868201842795458,0.8407734729106482,0.5665564746391884,0.6483612248760819,0.8458825453308033,0.9699956122866476,0.9865416271332884,0.3940224209037941,0.6485031820072336,0.5028532573194039,0.48266909593800635,0.7276957922276361,0.7430652526034471,0.8520868999069913,0.47473049835379396,0.43148792411147959,0.8198043589842546,0.6421368833012249],[0.27800698870021497,1.0,0.8244288831508769,0.09337646151950026,0.05601655483341222,0.2653687577897958,0.2836814482027594,0.5644422202639038,0.04860514068628125,0.4793849974766342,0.9345005302289463,0.7121793231132118,0.3366057826401796,0.4811931479039456,0.5852917745738046,0.47145619651818679,0.4342507557573449,0.31228277622970909,0.29793204935838,0.5696828578314943,0.41152435563311326,0.1250839905263813,0.5162300434914299,0.12429903626335486,0.5227245018867132,0.6366836742892056,0.6882193985502858,0.9179225595533916,0.5189366236083747,0.6857640127095821,0.7846509238448368,0.1045505647439911,0.25554083350538167,0.16817584037802983,0.44870762653985987,0.32301012531694137,0.6867571164497864,0.3757679959979262,0.2717354968690824,0.5381756511246119,0.617599800164646,0.06344676930001984,0.10956493338716286,0.8447745360057432,0.8224322606024148,0.30880241406497996,0.09383431567903193,0.1137920227019265,0.3662661855006597,0.9358251131252399,0.6250881911619928,0.07135271176557699,0.3230311948745746,0.36919371641479878,0.3337678617892784,0.8680173122263083,0.5248561398446994,0.8525003541542835,0.39192159714011307,0.0944875691986568,0.3263691302221276,0.04326985146251837,0.47854725029448377,0.2154308527841826,0.0636839509538597,0.17156478611507176,0.2817643561188973,0.392233553365674,0.29437419349907237,0.6164271631036863,0.0967199345782181,0.1763219900780712,0.9206099147686679,0.08177498353985823,0.0924584151607774,0.4441665079507496,0.4730377545401279,0.20095531154074668,0.5344778077306472,0.09156551623699727],[0.3246052779036775,0.8244288831508769,1.0,0.07012024501202094,0.06613637093125821,0.554576657380392,0.2702424125613579,0.6907063557252765,0.042003022369341228,0.7709657404658064,0.6199904405363511,0.6972379652159264,0.4370848054522231,0.5660761474844831,0.8336020650319211,0.5354254062428457,0.5121226323634676,0.3591120793666776,0.42128696236478188,0.5540290795532124,0.3110120851995323,0.14553829821677467,0.33077693230536,0.2251241932070371,0.5775127982035645,0.6057991971490967,0.9661602539233681,0.9475152875998762,0.754300216111222,0.6310563960457083,0.8884699090423145,0.09990563963684293,0.5552581442307317,0.12674010812115356,0.6870244736497202,0.6496046860279986,0.6966513128259837,0.3922483514899185,0.35230492818850336,0.6883027898253502,0.7021760449753781,0.13117880445802136,0.20250841887939298,0.5617655980800693,0.991188357663371,0.4643407116542545,0.17675353326847186,0.08795508353397531,0.33614676821736658,0.7963678534293321,0.3554759304621247,0.07466816423127859,0.45609729179001698,0.4925565861535512,0.4557714197614827,0.9508279263103755,0.5942924376198149,0.9977537403103108,0.35473655760220598,0.15976478326142175,0.556601768221062,0.08769170041317084,0.6681644095498218,0.1807582285103298,0.04970760179430301,0.1173384588826,0.4466389123474647,0.4554723049257054,0.3733428521819588,0.35007114359586857,0.20104505830431786,0.39268486311987035,0.7847636391446919,0.0778850029112531,0.16921442993176673,0.37566783407598638,0.27119686301598158,0.4543609441355454,0.4567702270061382,0.19130494812761976],[0.6192953740735949,0.09337646151950026,0.07012024501202094,1.0,0.7576079508971694,0.07988688731406057,0.7752121021346492,0.31041553166128096,0.9358188077369856,0.128701328217131,0.1181074075202233,0.34438330219023097,0.4561490591659451,0.4175097116338935,0.15652026282457816,0.45698065642145016,0.4582086070834264,0.5993879525740196,0.40384709572631286,0.4758448013939557,0.698386334161528,0.7630757427039069,0.5306351154043449,0.3114672265735296,0.43272952103408249,0.4254438224056357,0.07274529180966263,0.05245210626372919,0.19005893771901634,0.3955482744632931,0.18983811602402357,0.9258535928589803,0.06160658299480377,0.9588712600363923,0.1968968462604499,0.06434249702220055,0.34687144696864816,0.6178589359371364,0.5199276751507015,0.2927907155669862,0.3269533456014967,0.24930913931366556,0.30571948893675979,0.22898750543642644,0.09345749724873853,0.33038665168448508,0.30216477860959037,0.994867634409648,0.7080292832416248,0.18982469853858217,0.33519471115309198,0.8633514951863213,0.3823876549395404,0.3985038369870554,0.4071016191813439,0.13660314489460213,0.41096368573090399,0.06785398812361147,0.6873881656865837,0.4030714204291347,0.19417956287824612,0.2768331857134791,0.2598580945562384,0.900910753585734,0.9832924667600226,0.9396852889800176,0.300857952545959,0.5119464557936334,0.5207260234614851,0.34263604192775079,0.21755514258269166,0.10324181043428307,0.20473608134120858,0.9281402623127308,0.32933866699595767,0.6553851020487563,0.4982409133354485,0.0761764675994458,0.5611442823758822,0.2180803402177429],[0.7076540773570264,0.05601655483341222,0.06613637093125821,0.7576079508971694,1.0,0.15775019473682795,0.7057803848439079,0.3388233061773256,0.8743538762842722,0.18456625965090343,0.05593489955010086,0.28561240827910736,0.5704760380746612,0.4494881648543213,0.19420297516141114,0.4756067143797094,0.5018446923515308,0.6653671231951079,0.558965960941055,0.40738240212391099,0.46636826607377676,0.9342378383892521,0.2807641690868126,0.6050919556554032,0.430877543749148,0.34917782091270657,0.08293895911473053,0.039670949493256408,0.24717970056523146,0.30867558717415496,0.1779986010468882,0.9214589637839292,0.12538456010607688,0.6968780546934833,0.27600798159073605,0.11779504689038242,0.30103661627026148,0.6044453284921678,0.6655123191054286,0.33655952215023218,0.32608336878050517,0.5857766818202173,0.6132142205381795,0.1149441726809837,0.0893369016873888,0.4835926862261593,0.626394717296232,0.7686513499840744,0.6013438420465768,0.12510590682465853,0.14678288906197163,0.9792761655715709,0.5231519952233497,0.5062574560965425,0.5364281661453741,0.11934604856176127,0.41964034975574557,0.061041028711895869,0.5702139990272048,0.7500178959502893,0.31636487066177057,0.6580570396610824,0.331514687762681,0.727403636943116,0.8010051954048972,0.6067232798175903,0.46882564468088319,0.5590498059947275,0.6456101401942828,0.15018865783119679,0.4940021821089472,0.23077867827737673,0.1361153900817632,0.93685963450395,0.66457333460747,0.49528295764133936,0.2313663880295842,0.16797809774214043,0.41885117092111176,0.500283847596172],[0.44682867378159465,0.2653687577897958,0.554576657380392,0.07988688731406057,0.15775019473682795,1.0,0.29237883241656828,0.673921694735922,0.0700695836782978,0.91192236742778,0.15822647900714283,0.470708667052819,0.6079089798301393,0.5962112004906147,0.8227472066727516,0.553098335197154,0.5736152333196102,0.4624801413683901,0.664789700091338,0.4353219058066404,0.20747012981185745,0.2684562207385536,0.14900474555028557,0.6145582856444676,0.5466235494761054,0.4314153439954771,0.7093957742420314,0.36791468729438628,0.842028324177163,0.40950582444402108,0.6061958699172011,0.15372694943879715,0.9932645480899275,0.12047177231898487,0.8737592284586111,0.9794172173299048,0.502119935326958,0.4181385664215979,0.5413689633122104,0.7146689949463448,0.607565452184072,0.49762091529137517,0.5880945851289574,0.18027003624721175,0.593184782216832,0.7483060480513765,0.5507614856122225,0.09849398895917144,0.3106717458690196,0.3379170956475803,0.11071277521630675,0.1441441456859115,0.6899329009394764,0.6666836168408098,0.6620010230416233,0.5439256935124631,0.5738188936978936,0.5146283100224203,0.3120799313574506,0.4610580789606989,0.9086177478400415,0.3730257023336304,0.7895389592945968,0.18378475419684296,0.06681697798736403,0.09547126346063333,0.7777955562774708,0.5309752592160159,0.5425561463800109,0.10997025210539821,0.6518258738077285,0.9471288272439584,0.34304621984378838,0.12834062073741077,0.520546967978713,0.284038202834469,0.10436937061802369,0.985485572751203,0.31713463646051007,0.6356064965136787],[0.9453756767566428,0.2836814482027594,0.2702424125613579,0.7752121021346492,0.7057803848439079,0.29237883241656828,1.0,0.7165453683950029,0.666016229990779,0.4210894864907104,0.29283645172607455,0.7288434329312324,0.8472013094209081,0.8311406683184653,0.4795806530233417,0.8653065381321344,0.8651820359692019,0.9456078018008135,0.7859411849034431,0.8623166786263916,0.9053597352825921,0.8793337753275814,0.7219693794364989,0.5856486438714259,0.843157894487525,0.8103924798228616,0.2860244686839835,0.2065777242699399,0.5397289983207345,0.7705420807225676,0.5272679063954304,0.8635952483053039,0.24497869655725885,0.8869884844185552,0.5472210877609611,0.2585385636201738,0.739579985335888,0.9647933528037369,0.8768504677353579,0.6945283318450911,0.7325506210305272,0.44501376473529866,0.5642113300332479,0.4601035431944661,0.33121728225367588,0.710130707656607,0.5415437153723312,0.8288905993870706,0.9849506031935431,0.4732698772776344,0.5115666256805678,0.7763270776594544,0.7720262634891533,0.8001252172624201,0.8003138382451208,0.4197403012660598,0.8242483147477553,0.2611866529423772,0.974920507031554,0.62974730394229,0.5262442331261918,0.42697409072389139,0.6471697775036508,0.9633104751916447,0.7035183970516195,0.8333704257750847,0.6660383582292435,0.9036064038017319,0.8867260193969362,0.5173549681804173,0.45461109556566306,0.3253897986755514,0.49806023308169308,0.8067145805329319,0.5649564625809251,0.9395047301837042,0.6334381710594033,0.2730971016653589,0.8890489621610295,0.4498017002756494],[0.813177134605287,0.5644422202639038,0.6907063557252765,0.31041553166128096,0.3388233061773256,0.673921694735922,0.7165453683950029,1.0,0.2384927712949846,0.8679745019616803,0.4663538348585783,0.9342864344684236,0.9107526074707733,0.977139254894837,0.9236380662071785,0.9616458178527173,0.955494670074552,0.8465741167680951,0.8868428449700148,0.9210343614162081,0.6644045180446819,0.5430724017154004,0.5681683714219856,0.6224271433249561,0.9712523487039595,0.919548604322213,0.7400134742187647,0.5485059928754763,0.9488795216447047,0.9001106248742321,0.9207788549124378,0.42209936853004439,0.6208083196293862,0.43732401758660929,0.9341087997337982,0.667284182775581,0.9537420025198442,0.8598223863009897,0.841374888142232,0.9974771740556507,0.9926943136879779,0.4402574250792969,0.5856629435977637,0.5717525085981743,0.767250165949085,0.8965710739392436,0.542236104894648,0.3605474615936272,0.7737068722319006,0.7440654982286391,0.465283537066865,0.36083795666749349,0.9098133683222672,0.9409434376322563,0.9163646631841992,0.8278608175911624,0.9805322356602925,0.6684521929317489,0.784350524710578,0.5408724358594369,0.8647127091205564,0.35611776798024388,0.9776845810019543,0.5587463898945108,0.25551911749624109,0.3939378957388272,0.8671179186337144,0.9227574818233614,0.8620817924800311,0.46469513482449367,0.5413601111110233,0.6256947962718212,0.7605827101677242,0.36289575592463227,0.538420432757125,0.7694866111420013,0.4641871771634319,0.6105676303794593,0.8186679730451207,0.5272461948175643],[0.5613674634567419,0.04860514068628125,0.042003022369341228,0.9358188077369856,0.8743538762842722,0.0700695836782978,0.666016229990779,0.2384927712949846,1.0,0.1002550077998435,0.05870718542577376,0.23818296724038597,0.4039483503465356,0.33532330121835465,0.11614528487296774,0.36725691667795826,0.3779716235696285,0.5295850253990437,0.3699059327954238,0.3526958662593379,0.5142735669605737,0.7885681101364991,0.342698146753062,0.34110272292167706,0.3369356704042316,0.30358485804319909,0.04750690592625584,0.02797549065564245,0.14817460197592767,0.27321049242862396,0.12696854754636784,0.9295514216328188,0.05329566894172311,0.8271200448166993,0.16046321616067656,0.052647231473061,0.24469364438626418,0.5148203317529206,0.4814966657764007,0.22859078157386077,0.2427793607478099,0.30523983817322078,0.3423135682901752,0.12594862846561986,0.05800836845768544,0.3005691697741923,0.3473631611398304,0.9169242417042803,0.5727251276865918,0.11080001058162682,0.18956636810041672,0.9361582378987915,0.3438632435153751,0.3461870063211524,0.36270610364862296,0.08521660043749492,0.320756288569813,0.03972713506898738,0.5459575067352852,0.4607121281103793,0.17188753633490104,0.3585273824969434,0.20999042393507615,0.778459747593286,0.9804024191250137,0.7759460802986905,0.27940377143641456,0.43162562561274178,0.4731460598917326,0.19458643822586009,0.24804883825436734,0.10134983336106286,0.12104024187669571,0.961500352541708,0.37930917980059505,0.4953801549725303,0.3089182670583172,0.07104891563274374,0.407255493447828,0.2510301602918176],[0.5638379915711697,0.4793849974766342,0.7709657404658064,0.128701328217131,0.18456625965090343,0.91192236742778,0.4210894864907104,0.8679745019616803,0.1002550077998435,1.0,0.32811360931699526,0.7101683644391472,0.7265429540613018,0.7755415574902697,0.9809524268250038,0.73402648164016,0.7394054232643005,0.5930528554374559,0.7492967231126362,0.6463437833309154,0.35669850189664117,0.32692547423715886,0.29244023859638687,0.5709213142501453,0.743717258582641,0.6557340901348401,0.88463946918108,0.5800960141633054,0.9783226580640928,0.6404369849196565,0.8494188092482751,0.2113567081497999,0.8892481628051245,0.19826523070237618,0.9728958223746651,0.9314293820890589,0.7380780913935587,0.5764413575194863,0.6393417013179793,0.893288951115025,0.824269707184434,0.41497196215130568,0.5365852132556205,0.3626509518492325,0.8192964404318242,0.8157701222477219,0.4933427411954454,0.15675227618276836,0.4650779900739484,0.5800769605015664,0.24171927242307965,0.1840032377727596,0.7824180433325021,0.7888277762302387,0.7673204422225066,0.7924668668879306,0.7692528033831868,0.7350574846920835,0.4733957330737245,0.4401318428452955,0.9287107124433309,0.30963500999446089,0.9291713400493951,0.2842357196892967,0.10338712725760847,0.16821360141374976,0.8177734823816667,0.6862360844558444,0.6524453827598519,0.23999917297317334,0.5530742813450285,0.8062830117504987,0.5861526457432306,0.17520737877185259,0.47380379032664468,0.45436936122193719,0.2209119906658602,0.8439780887553943,0.51020505380208,0.5362662617987869],[0.25383741165572396,0.9345005302289463,0.6199904405363511,0.1181074075202233,0.05593489955010086,0.15822647900714283,0.29283645172607455,0.4663538348585783,0.05870718542577376,0.32811360931699526,1.0,0.6606784270887267,0.2823641133001509,0.4162207659772877,0.4281856154605363,0.4182216585655908,0.3790150329227956,0.28527120764520239,0.23848404932868684,0.5460175792635647,0.4704365606508422,0.12070662198825967,0.629248460704341,0.08971269414323088,0.46686032245308525,0.6103518303772076,0.48312865866434659,0.7385923422551954,0.3817254355948565,0.6643897885500189,0.6477424094344345,0.11466992541925422,0.1473915366020524,0.20532552871505686,0.32385256692685046,0.19244616228015963,0.6262216905490338,0.359072619784665,0.2323510051247084,0.43373593365626408,0.5302543408217934,0.04360523414309077,0.07864765828042836,0.9400941540761574,0.6302831688611527,0.23599285635660795,0.06716560367732573,0.1401473799000029,0.3788994084665935,0.895497882103988,0.786019521441174,0.07568733150302673,0.25693533202020649,0.30146746174553776,0.27082627842209147,0.7132917560202677,0.46111116186574427,0.6515250870214271,0.40644284099226549,0.07284824167334184,0.22560871264684416,0.03085382278924959,0.36747977939812456,0.24389829017145407,0.08040117847637612,0.22047060363208338,0.20915096361982836,0.3491794221038771,0.2537169899231489,0.7771900591504394,0.06434661802125026,0.10516269795722881,0.8844117622765629,0.09104221300596512,0.06759820003237714,0.473760436502433,0.6137524924607944,0.11615473350842912,0.556709327836863,0.06093110486972351],[0.7398161173777601,0.7121793231132118,0.6972379652159264,0.34438330219023097,0.28561240827910736,0.470708667052819,0.7288434329312324,0.9342864344684236,0.23818296724038597,0.7101683644391472,0.6606784270887267,1.0,0.7935952586838673,0.9179642204943544,0.8117069152122172,0.9183419195007647,0.8895641846993069,0.7816120160012846,0.7350363813227471,0.9689701517003007,0.7885937253928165,0.4761732109915697,0.7575475921755623,0.435631373975071,0.9484155208080147,0.9883996474885929,0.679845103528922,0.618139784379186,0.8140159244162993,0.9923049042407197,0.9294394096355073,0.4095090951181546,0.42746125348643096,0.4961195135504768,0.7718387324368008,0.4843772169964952,0.9980813344607249,0.845309834097207,0.7240805781616924,0.9084546052350692,0.969804905743129,0.28016969138629907,0.4033620424752234,0.7853633734209098,0.7687679818833321,0.7233521270442656,0.367276893255378,0.39637459484257506,0.8152450850972013,0.894262406546298,0.6823511863454921,0.32790599805802786,0.7587017925716564,0.8141076998969324,0.7784006039071937,0.8663602635005508,0.9457993088158169,0.690848631567754,0.8363612706359176,0.38610895284158106,0.662818177027567,0.22501659592117247,0.8457869655301676,0.6023157049664542,0.27322459735680207,0.4738320027141685,0.6783032967305811,0.8598181084001718,0.7538407087319667,0.6810892073294972,0.35092116809380899,0.4103070777728022,0.9099497319128576,0.34938228979822058,0.36947015925086726,0.8595619705294947,0.6600463741485196,0.40358201321789369,0.9209887347035614,0.3399966584904433],[0.9625645667752546,0.3366057826401796,0.4370848054522231,0.4561490591659451,0.5704760380746612,0.6079089798301393,0.8472013094209081,0.9107526074707733,0.4039483503465356,0.7265429540613018,0.2823641133001509,0.7935952586838673,1.0,0.9646350107165881,0.7539472454387266,0.963145258195749,0.9802718811865773,0.9705679942778573,0.9905911179546119,0.8687499373846505,0.683666765067171,0.7811399850659069,0.513142502965359,0.8231911331668563,0.9382269781242791,0.8269439076949487,0.5030004102610101,0.3110759646074287,0.8266781396911664,0.7814173014386718,0.7039908914934834,0.6274072750855108,0.5405762205838343,0.5690271777130982,0.8517087459055225,0.5512894977072302,0.8228388889608885,0.9381945044116593,0.9874969557302542,0.9146203457936344,0.8842959609438849,0.6525021424996814,0.794137085392921,0.401634206492937,0.5129491720887673,0.9683680771825771,0.7588717678470913,0.5123164644650419,0.8489620725023765,0.519132153772415,0.36159680220883569,0.5803348190142197,0.989573434928697,0.9938970037758608,0.9958099020536873,0.5783955828764521,0.9416392251583458,0.41460738595861437,0.8421925441922694,0.7822996051699814,0.8547239254179644,0.5778610397932373,0.9120549729144402,0.6994679881866963,0.4062544618101663,0.49879043230215205,0.9461557061916778,0.9835283982807754,0.9921081589811558,0.36356592321174827,0.7207705549346994,0.6504585151262119,0.5404054097050587,0.56565489518692,0.7640045839767344,0.7881800396675519,0.41192660229331926,0.5851299389789929,0.7865834258029921,0.7105410960439097],[0.9103761844931996,0.4811931479039456,0.5660761474844831,0.4175097116338935,0.4494881648543213,0.5962112004906147,0.8311406683184653,0.977139254894837,0.33532330121835465,0.7755415574902697,0.4162207659772877,0.9179642204943544,0.9646350107165881,1.0,0.8329493460366254,0.9972892121346941,0.9959196324289917,0.935635326497839,0.9330135985975991,0.953464377098847,0.7503391136546699,0.6689594257420136,0.6199887990079414,0.6805438895270214,0.9945015498840278,0.9336589894861603,0.6119575008313922,0.4385043404949079,0.8801285434761795,0.9036811350455216,0.8376242697158072,0.5470659586436923,0.5361467255997556,0.5539983753277405,0.8777472566604762,0.5694537293490195,0.938305139840876,0.9436802743209273,0.9208228323679762,0.9702783609482056,0.9721573734371721,0.4970512459577259,0.6458549356738637,0.5483793774936006,0.6466081590523539,0.9178919336255207,0.6052151554773898,0.4746328027367337,0.8711029402201183,0.6809107317511087,0.48194609100056237,0.4782271527368327,0.9451031194546131,0.9733041563315134,0.9571371566162683,0.7249769620750638,0.9967878620671303,0.5459537524050547,0.8759592417195227,0.6252923030736076,0.8291657178506935,0.4216974144382487,0.9442700881233357,0.68154021099628,0.35468786394061449,0.5009805262045628,0.8838691353134149,0.9825432945431571,0.9381413795381787,0.48302672303050478,0.579535134853681,0.5865355795123478,0.7020150359562737,0.4816314794598894,0.6081051134366985,0.8499790268608365,0.5121861790411304,0.5486360770017809,0.8749367987784452,0.5672573984049998],[0.6029887744941631,0.5852917745738046,0.8336020650319211,0.15652026282457816,0.19420297516141114,0.8227472066727516,0.4795806530233417,0.9236380662071785,0.11614528487296774,0.9809524268250038,0.4281856154605363,0.8117069152122172,0.7539472454387266,0.8329493460366254,1.0,0.7965726369257419,0.7924205405809539,0.6379668856377757,0.7568718890012574,0.7374660401802555,0.4385854986371795,0.3475358643792967,0.3801940545882374,0.5309536745018171,0.8150630008941361,0.7545593703407539,0.9118923934418495,0.6619234639193654,0.9887194942195882,0.7455615562424492,0.9317422496074537,0.2384938316302314,0.7937036046718774,0.2419226992931687,0.9659634841868753,0.8530999719682214,0.8339278476517589,0.6400788616408839,0.6621684243861008,0.937457919603367,0.898015128525094,0.3689187439361464,0.49545053143000236,0.47037043782776696,0.8858497844639521,0.8094985218166385,0.4523412969812341,0.18917113098319403,0.5372734536134355,0.6973360966272245,0.32784398692043389,0.20130132939073423,0.7914570907175512,0.8129039897279845,0.7842671290584327,0.8811009694339532,0.8368490413530608,0.8041876228058337,0.5496650346729983,0.416750159299195,0.8892592814108186,0.27606730103157,0.9484346964337334,0.3359725054106429,0.12388612506552693,0.21171164392747794,0.7980651796105943,0.7379379401565925,0.6808410201207549,0.32556949684414696,0.4927985773063856,0.7096080059602304,0.7038011174832342,0.19756304963110273,0.4380929511938202,0.5396700815499661,0.2974360302085376,0.7415110995968549,0.6054523153604838,0.47685901267646116],[0.9272445531826293,0.47145619651818679,0.5354254062428457,0.45698065642145016,0.4756067143797094,0.553098335197154,0.8653065381321344,0.9616458178527173,0.36725691667795826,0.73402648164016,0.4182216585655908,0.9183419195007647,0.963145258195749,0.9972892121346941,0.7965726369257419,1.0,0.9972265960817828,0.9511469465080357,0.9247755030701232,0.9657729058948303,0.7887067269196407,0.6966006677794723,0.65386526771914,0.6691803267061226,0.9961599092465318,0.9429212621044144,0.5742915805766798,0.41694638724789559,0.8459634647286943,0.9123590581182953,0.815229074599698,0.584094815192298,0.4933337431500617,0.5979644406197056,0.8432073339751518,0.5253019757909964,0.9367130422124844,0.9641064724855352,0.9264212580649528,0.9510515585602309,0.9620170016331263,0.4879522560952123,0.6354418915891177,0.5600887681665718,0.6157883007781538,0.9003638900113757,0.5963358136559211,0.5159426534943052,0.9030251255252375,0.676594306832078,0.5063327652672357,0.5100607645662852,0.9341322598879569,0.964773897571766,0.9493638396512704,0.7010442267115302,0.9951415471490618,0.5172376170941537,0.907228957314157,0.62566657252164,0.7944096829105104,0.4190930421883638,0.9185648465578766,0.7239876911002424,0.3900108958709112,0.5447949669328044,0.8630290142422061,0.9896914337896673,0.9440273255919888,0.5079228298768741,0.5618325453649989,0.549011100498585,0.6988539029513621,0.5171501647764266,0.6019843584738013,0.8821597765549688,0.5456512191313674,0.5080605577940075,0.9005866200864114,0.5503699085716167],[0.9428010769179265,0.4342507557573449,0.5121226323634676,0.4582086070834264,0.5018446923515308,0.5736152333196102,0.8651820359692019,0.955494670074552,0.3779716235696285,0.7394054232643005,0.3790150329227956,0.8895641846993069,0.9802718811865773,0.9959196324289917,0.7924205405809539,0.9972265960817828,1.0,0.9627354210712243,0.9494812786127542,0.9451039648856268,0.7628339058422468,0.7223837067819646,0.6156299139129166,0.7133832937719422,0.9874880714559934,0.9165935898900929,0.5600047185892932,0.3891662000108729,0.8486105231509815,0.8812671528022278,0.7905617501586477,0.5980379982536701,0.5114132429424835,0.592306166859885,0.85343092341296,0.5382030873283814,0.9114571945822544,0.9632481789805878,0.9492450186271902,0.9490503716091014,0.9479686438258927,0.5320355282190147,0.6802826348094365,0.5154782621115559,0.5920066486915222,0.9258846620859713,0.6414868338584333,0.516769895482099,0.8932725589062948,0.634963596305195,0.4648668222440891,0.5304091093606639,0.9563571723227564,0.9802053928645479,0.9692068469212887,0.6717483855030945,0.9878693224847086,0.492267503637322,0.8944212252092931,0.6693703470580285,0.8179190298659324,0.46046950596347466,0.9248749705099236,0.7206092243249422,0.3954822678839381,0.5338739297131367,0.892267297677816,0.9950784119960157,0.9635969328441418,0.466594886348624,0.6061536015101529,0.580744270847597,0.6571720220528653,0.5319394677065238,0.6469523490484931,0.8607162869262282,0.5081687577861047,0.5336184784600048,0.8736881206046189,0.5947743294510979],[0.9972354820991192,0.31228277622970909,0.3591120793666776,0.5993879525740196,0.6653671231951079,0.4624801413683901,0.9456078018008135,0.8465741167680951,0.5295850253990437,0.5930528554374559,0.28527120764520239,0.7816120160012846,0.9705679942778573,0.935635326497839,0.6379668856377757,0.9511469465080357,0.9627354210712243,1.0,0.9373155830867537,0.8895695547145551,0.7917528583203594,0.8671561678860205,0.6034818498039859,0.7541297533630991,0.9242883416747962,0.8395544395995147,0.40148702794673138,0.26107627636552535,0.7101964286441155,0.7933594005277671,0.6335845073363634,0.757454278740461,0.400451048889565,0.715790884096623,0.7292877351526851,0.41257088127795718,0.804237046013206,0.9846242787096605,0.9814741362903666,0.838429779208102,0.8380527103817775,0.5923372695085269,0.7283913625874046,0.4269290949987761,0.43059401341077815,0.8853791439598414,0.6988494088925554,0.6583363925736874,0.936031196521658,0.5027477505450854,0.42172196741857118,0.6964153868785159,0.9282376773382587,0.9422964186300974,0.9453529325495627,0.5106731841445019,0.9174194062482209,0.3427559160533085,0.9263126437049931,0.7582736550035871,0.723425298631392,0.545376570867925,0.8143760473791664,0.8344821284408273,0.5409057312294806,0.6441150931107728,0.8514466063500445,0.9844363392633683,0.9873094557086206,0.42522155288559779,0.6291153934951518,0.5078601102463162,0.5263424947490956,0.6951255413869796,0.7145018655479196,0.8743555256610349,0.501614825641758,0.44163887094480627,0.8501210787555263,0.6216386727447902],[0.9333482259010701,0.29793204935838,0.42128696236478188,0.40384709572631286,0.558965960941055,0.664789700091338,0.7859411849034431,0.8868428449700148,0.3699059327954238,0.7492967231126362,0.23848404932868684,0.7350363813227471,0.9905911179546119,0.9330135985975991,0.7568718890012574,0.9247755030701232,0.9494812786127542,0.9373155830867537,1.0,0.8054022538491338,0.6012180960764209,0.7602204600958593,0.4340713509052013,0.8802974560146125,0.8947354381904911,0.7621835184769994,0.5012766994873231,0.28878420323018336,0.834801956178146,0.7144390272701978,0.6713661778643241,0.5854754443781102,0.5957028953546111,0.5027765717187973,0.8707499926447659,0.5966680536616558,0.7682961510732533,0.8861976738515501,0.9793630783586051,0.899333962737007,0.8470074205166314,0.7199938121053574,0.8534665709385296,0.34054131795090805,0.4943381029429471,0.9899490537890243,0.8195231523643327,0.456079979568481,0.7798941566668538,0.46431958329682146,0.29703190794278547,0.5533375935780611,0.9980440188801485,0.989479498614343,0.9970502433193136,0.546511044259253,0.902674736137597,0.3963509456903978,0.770966365158301,0.8258538240317277,0.8961889326351541,0.6361813874563712,0.9144271640025058,0.632061897743018,0.36335779641963025,0.431257191062674,0.9786193357690322,0.9502667000393508,0.9788018854989693,0.29860620666671386,0.79430576119838,0.7235536991217142,0.4837272538526789,0.5280439709447966,0.8201749852448664,0.7102080573504863,0.33999751757327226,0.6518149363815788,0.7093353766765993,0.784117977001599],[0.8567456562091165,0.5696828578314943,0.5540290795532124,0.4758448013939557,0.40738240212391099,0.4353219058066404,0.8623166786263916,0.9210343614162081,0.3526958662593379,0.6463437833309154,0.5460175792635647,0.9689701517003007,0.8687499373846505,0.953464377098847,0.7374660401802555,0.9657729058948303,0.9451039648856268,0.8895695547145551,0.8054022538491338,1.0,0.8808935655604654,0.6194374171143318,0.7972082053628128,0.513786629652033,0.9791075280748676,0.9938716164215918,0.5548017808624092,0.46832250427641528,0.7670795346960113,0.9806413483211754,0.8326812113638875,0.5549733566806536,0.3854762602205256,0.6374035013578409,0.7430867875459394,0.4269286398968114,0.9723547557789609,0.944055413804089,0.8248482957726865,0.8948744381617648,0.9511058714885118,0.3485453979530936,0.48177693112853928,0.7088615248332192,0.6316054032639332,0.7717440193618116,0.44608559407893658,0.5351666140147304,0.9263792472743436,0.782635799774776,0.6652508128767113,0.46113944240912316,0.8184156805180232,0.8683481424021675,0.842271509561773,0.7383050582674967,0.9704038445945437,0.5445555807955635,0.9396183193432408,0.48387774708966865,0.6617202194459119,0.29607753025083519,0.8337418783564398,0.747489786262234,0.39397543669408166,0.6053251808032719,0.7239222956613194,0.9360555687005739,0.8508023629302226,0.6667697853318266,0.4093522381476339,0.41003789338477578,0.804885901715486,0.4872357852026037,0.45386801855897226,0.9459196416075053,0.6957347519356565,0.3836303894772077,0.9745686546925901,0.3992575673420026],[0.7709725376502529,0.41152435563311326,0.3110120851995323,0.698386334161528,0.46636826607377676,0.20747012981185745,0.9053597352825921,0.6644045180446819,0.5142735669605737,0.35669850189664117,0.4704365606508422,0.7885937253928165,0.683666765067171,0.7503391136546699,0.4385854986371795,0.7887067269196407,0.7628339058422468,0.7917528583203594,0.6012180960764209,0.8808935655604654,1.0,0.64149451584059,0.9358267282398931,0.35793207936941098,0.7959481729077997,0.8606663562798594,0.2930842444912375,0.2751124548653429,0.4703486083023565,0.8496476702308503,0.5630848846811092,0.6834305955854529,0.17394440640948828,0.8560608903749458,0.4522716499670945,0.19688782064621022,0.778762332704663,0.8734615075169948,0.6812498546985081,0.6271688764207909,0.7143490202474594,0.23793384945578806,0.3363645182622386,0.6772073383552604,0.3704193655725377,0.5368311228902695,0.3139212513482722,0.7503232331198859,0.9491641955532393,0.6166540061239664,0.7690214946811452,0.5602770832379209,0.6002290877768166,0.6513145758116439,0.6332490900973892,0.48041022504140409,0.7710320959089801,0.3097072493209108,0.9581615379220912,0.3784220240048495,0.392787823619509,0.21879960123407117,0.5532501756487596,0.9001252093662955,0.5936167816841899,0.8586288035664533,0.4872288995393962,0.7854059068082432,0.70470977732862,0.7752439115591315,0.25798481099027179,0.20582954831973084,0.6415650342467695,0.6220765026707458,0.329689511186614,0.9824107488293497,0.8779379665418632,0.1797237454979,0.9597646478210447,0.25280448532317825],[0.8982057462102205,0.1250839905263813,0.14553829821677467,0.7630757427039069,0.9342378383892521,0.2684562207385536,0.8793337753275814,0.5430724017154004,0.7885681101364991,0.32692547423715886,0.12070662198825967,0.4761732109915697,0.7811399850659069,0.6689594257420136,0.3475358643792967,0.6966006677794723,0.7223837067819646,0.8671561678860205,0.7602204600958593,0.6194374171143318,0.64149451584059,1.0,0.42594249341756187,0.7272589937715638,0.6495936660232442,0.5523456293903483,0.1738998874933272,0.09458012404068718,0.4187150264306187,0.5019221338525759,0.32989972901037659,0.9404502250008071,0.2208804682084553,0.7808076427003616,0.4515923906149368,0.21564167196463072,0.49680639604622636,0.8148757402262322,0.8596408229187474,0.5385538271399226,0.5290951613139732,0.6455980068052846,0.7225552671813262,0.21792596552587494,0.18727020342856963,0.6813034185204892,0.719306016716026,0.7994525290307927,0.796811344492961,0.24433824952578868,0.2509873743478495,0.9412076179727823,0.7281197805750933,0.7189150595649033,0.744779691188218,0.2385362194532084,0.6374132022612007,0.1362270510124557,0.7689611788860612,0.8282123834487167,0.48743796457705487,0.6688174181884882,0.5269941067044811,0.8517189764860165,0.755985503304746,0.6896915139896365,0.6579800876879325,0.7771947523766656,0.8465658809609484,0.25528071134014798,0.5981719952427698,0.34911418675702479,0.2616925845646449,0.9170345712723547,0.751919509834609,0.6914452190737604,0.3526327135681075,0.27321300188877337,0.618945368524461,0.5996966704408621],[0.5736967897928977,0.5162300434914299,0.33077693230536,0.5306351154043449,0.2807641690868126,0.14900474555028557,0.7219693794364989,0.5681683714219856,0.342698146753062,0.29244023859638687,0.629248460704341,0.7575475921755623,0.513142502965359,0.6199887990079414,0.3801940545882374,0.65386526771914,0.6156299139129166,0.6034818498039859,0.4340713509052013,0.7972082053628128,0.9358267282398931,0.42594249341756187,1.0,0.21517432710649712,0.6803993250732527,0.807086972431417,0.2844649991239758,0.3295912998527299,0.3896558466748115,0.8227321593772223,0.5481047340920474,0.475573915105128,0.12589658101983454,0.698071496683843,0.358408845228331,0.1508776895321238,0.7324406485354025,0.7082111949522939,0.49184014174896897,0.5263017735145241,0.6344399213948359,0.1278973683447353,0.1978925075130901,0.8290455792463829,0.38220063908795429,0.38725709231472807,0.18011665226026869,0.5758956082054636,0.801034650657606,0.6975596025843118,0.9348579699139871,0.3609231894069389,0.44044265811695845,0.4956372353574889,0.4701774008656367,0.4987410201168443,0.6559441984969069,0.3373477441874717,0.8228818056955174,0.220827748249329,0.28619102298616008,0.11223378097133866,0.4461904709571707,0.7242790816919905,0.4249535259182476,0.7351636039842594,0.34321213144448806,0.6229438813611763,0.5185507327690961,0.9391337820914687,0.14747837181508995,0.13305752933344687,0.7175606068608345,0.4213641527343985,0.18945703804951054,0.8875760077191913,0.9841085665794808,0.12128460618189177,0.8973790309385368,0.14323920575141434],[0.7750247897995287,0.12429903626335486,0.2251241932070371,0.3114672265735296,0.6050919556554032,0.6145582856444676,0.5856486438714259,0.6224271433249561,0.34110272292167706,0.5709213142501453,0.08971269414323088,0.435631373975071,0.8231911331668563,0.6805438895270214,0.5309536745018171,0.6691803267061226,0.7133832937719422,0.7541297533630991,0.8802974560146125,0.513786629652033,0.35793207936941098,0.7272589937715638,0.21517432710649712,1.0,0.6213376515115797,0.4640553599487756,0.3049914964956149,0.1307392159972124,0.621017889925533,0.4164317386171202,0.39763197163275879,0.517145832538807,0.5477219008404175,0.3552236462546534,0.6884661722566337,0.506666189124149,0.46930853363773147,0.6532670913801147,0.8540811604670985,0.6493082263830294,0.5625891515025016,0.9538002392825957,0.9981282807223488,0.1430829956207946,0.2741314793969967,0.8782047977364761,0.9908658774362954,0.3484353079085138,0.5393458737931463,0.22110661206683733,0.12377972115600766,0.5434004864440686,0.8608653723445722,0.8106620532896196,0.8444171878587097,0.2976554994686738,0.6322934939643222,0.20479760378014828,0.5209071671959805,0.9663196201213412,0.7959988869661993,0.891436577244276,0.7003293886830321,0.45936840496521488,0.30308911861468326,0.2837295082373947,0.899400161331295,0.7283491601839478,0.8316089355847817,0.12496021433823228,0.9751532718813275,0.7678737549174804,0.23366683390453328,0.4821764035417217,0.986653885370655,0.4471919054720808,0.15688691127678515,0.6567505797668534,0.4284401597600632,0.9738940840313821],[0.8953085028771612,0.5227245018867132,0.5775127982035645,0.43272952103408249,0.430877543749148,0.5466235494761054,0.843157894487525,0.9712523487039595,0.3369356704042316,0.743717258582641,0.46686032245308525,0.9484155208080147,0.9382269781242791,0.9945015498840278,0.8150630008941361,0.9961599092465318,0.9874880714559934,0.9242883416747962,0.8947354381904911,0.9791075280748676,0.7959481729077997,0.6495936660232442,0.6803993250732527,0.6213376515115797,1.0,0.9650829425905241,0.607633525438152,0.4619037815981519,0.8547788716730452,0.9411066816897116,0.8525305458803727,0.5461682017211087,0.4898203091818874,0.5786395217067786,0.84314069036974,0.5282917127421183,0.9631888058373742,0.9492493374161735,0.891783060333242,0.957533069821578,0.9786432337572902,0.4413334836313638,0.586853403253703,0.6087130913754708,0.6578598793112921,0.8740293207484725,0.5471666381402651,0.49089512974713569,0.8932396321475327,0.7283229021135534,0.5441164687705626,0.4683747708858374,0.9081722387234397,0.9452476686609295,0.9244801260385361,0.7461582150280395,0.9989566839764432,0.5607827831882137,0.9014420010135338,0.5734025662938371,0.779233138656621,0.3732652141037019,0.9184333995992076,0.7021535770770767,0.36351355217377859,0.532029812394787,0.8343245281845367,0.9739939731819289,0.9128217269776742,0.5452023239023096,0.5179063980655047,0.5274694779655551,0.7497742365975022,0.47953375989472959,0.5516787457849037,0.886610057418782,0.5723691433430355,0.4949783133117635,0.9151666327246583,0.5061242122110432],[0.8019328750743292,0.6366836742892056,0.6057991971490967,0.4254438224056357,0.34917782091270657,0.4314153439954771,0.8103924798228616,0.919548604322213,0.30358485804319909,0.6557340901348401,0.6103518303772076,0.9883996474885929,0.8269439076949487,0.9336589894861603,0.7545593703407539,0.9429212621044144,0.9165935898900929,0.8395544395995147,0.7621835184769994,0.9938716164215918,0.8606663562798594,0.5523456293903483,0.807086972431417,0.4640553599487756,0.9650829425905241,1.0,0.5943315475971731,0.5278234800778406,0.7719285922443532,0.9960104507940737,0.8696436368148746,0.49259965458019569,0.38511928342503295,0.5874034188247199,0.7386421571150172,0.4327732014884067,0.9873655632734931,0.903630335258621,0.7722362184547981,0.8912047602397818,0.9561155217472044,0.30525378224081425,0.4322847578023856,0.763531869903176,0.6813065898122055,0.7356475080803071,0.3969789295254487,0.482251461364326,0.887564683787096,0.8406250979475145,0.7007331541146983,0.4006792502870266,0.779673663999483,0.8341693843268223,0.8030696903704026,0.7890815237915476,0.9574763713287973,0.5988154065494115,0.9053559553715713,0.42793531653773878,0.6433838018575846,0.2536024686939584,0.8254362882607922,0.6941554784723002,0.3451506111313817,0.5626442998519836,0.6876458842086658,0.899471694472597,0.8007705049770637,0.7011790489748142,0.36818543720922966,0.3917755588781785,0.8605814178161985,0.4274076539040325,0.40272931344039578,0.9233507508462253,0.7088914996601058,0.37395335183724678,0.9664308670315434,0.3579886619205036],[0.3680023845303899,0.6882193985502858,0.9661602539233681,0.07274529180966263,0.08293895911473053,0.7093957742420314,0.2860244686839835,0.7400134742187647,0.04750690592625584,0.88463946918108,0.48312865866434659,0.679845103528922,0.5030004102610101,0.6119575008313922,0.9118923934418495,0.5742915805766798,0.5600047185892932,0.40148702794673138,0.5012766994873231,0.5548017808624092,0.2930842444912375,0.1738998874933272,0.2844649991239758,0.3049914964956149,0.607633525438152,0.5943315475971731,1.0,