{"name":"DynamicObjectArray","generic":13,"parameters":{"array":[{"name":"MatrixSerializable","generic":11,"parameters":{"name":"K_train_train","value":[[1.0,0.0816375953873423,0.22731583442021567,0.31300786832324548,0.350145093629356,0.16961060519222186,0.522134075090493,0.36223728928761897,0.5806101847040616,0.18579454765801246,0.2607770207353736,0.39310907503064126,0.1948095686407526,0.16069362394457646,0.5613114937551338,0.5716609397484478,0.3213357135568759,0.3292610263030851,0.24448088912668193,0.15747586731270889,0.38731267576521358,0.28675562623169179,0.3005400134255934,0.016647630704658045,0.0089860499113856,0.010916739496386306,0.012721802003482675,0.0036842383572965769,0.004352952024287679,0.00817972188784595,0.013299406197185494,0.02533235131712281,0.007485919613258776,0.00841563801107704,0.016786917447305786,0.01267732818110501,0.012927579439970185,0.009586788232234417,0.022928947694925363,0.006870703092116615,0.0169231048340539,0.006945711158999751,0.012279191333563289,0.007203998155030587,0.019860382377619304,0.004875931347422659,0.02413663848186199,0.022613741446240847,0.026454715865172255,0.0715281197501762,0.02587249884985023,0.03565087037971446,0.007447839307532696,0.041008699110115277,0.017603350880410586,0.022479754868315495,0.016672221445257826,0.060574707737411467,0.027125734211481395,0.01440699260710648,0.016716639330871559,0.035591199625198768,0.02881224031455568,0.0701367128869891,0.024958943782508307,0.03064307536173622,0.030819743764863969,0.01978466299792081,0.04278027152895779,0.01724682875281448,0.017644048153702749,0.033756526711487138,0.024904390122324848,0.01701772748081347,0.013866863955575956,0.06879101273946997,0.04457497289350948,0.01753540788904087,0.012727879019950945,0.031904426031489459,0.005614371798381863,0.0242658932637424,0.02969956101637015,0.05518661337117435,0.02884152680775119,0.005949510141823238,0.020849983796892965,0.016183005920417223,0.013372823554952694,0.014010151139861689,0.039944208170665729,0.009672532955250337],[0.0816375953873423,1.0,0.20431239807763217,0.2482909178569794,0.23192828142918815,0.4179238020405287,0.14280652930533328,0.18122488418256034,0.14059767268534519,0.14710586973109078,0.23988420536871778,0.20687028143148104,0.36934418246398245,0.3781821072408628,0.1343998113081735,0.0891532588570597,0.24381100846079965,0.1625790228896709,0.0765534539419623,0.362382957999778,0.05200084383159045,0.14909859556208172,0.0825936972905616,0.021075747014194188,0.006005743440685441,0.015583995224496028,0.016442116627284173,0.0034554584903526629,0.00466124585575167,0.006026502031467719,0.013977271504287306,0.032205432889806217,0.006074636435140739,0.00492077930520401,0.01769538485818581,0.020150182282332564,0.01621930713997664,0.011970916006455158,0.030476227728398664,0.005332731847040489,0.01985606021071498,0.010543141530951112,0.007044188346824129,0.013322713948622106,0.02158853666407658,0.005230831954948633,0.021581051441688715,0.009378680572896791,0.02328405617992224,0.019112133844794905,0.018241271411048828,0.042188532767717498,0.004152132196000468,0.0168208889568918,0.018403224481050505,0.029644817114688455,0.012797787553397859,0.02367591810120673,0.014111738250298942,0.006568495988845617,0.007080816597384276,0.03080175754581401,0.005975503944330604,0.02257035444066844,0.007947746748814766,0.015074477459202027,0.007911457502319879,0.01043414214654537,0.018757250169212534,0.03288590456315708,0.046111358127837589,0.1310920591519022,0.045475854690921347,0.044467822873690169,0.02167816595418552,0.061796108919202428,0.056395284263517527,0.04170235083580793,0.02838135602798717,0.029897372475531399,0.020508065038704796,0.05449280579511124,0.04767957815914673,0.08288181448768349,0.06447412153419098,0.012170746454269284,0.04618702828592596,0.035037475052647388,0.042934065310360518,0.028118028170799143,0.04744714707767036,0.011302374499121944],[0.22731583442021567,0.20431239807763217,1.0,0.32125448608357079,0.3767131891990639,0.4823850762786081,0.4276571074586081,0.6153706280760777,0.3365092258582279,0.6611733412666537,0.22802874434650317,0.4241407767651982,0.5281454719322002,0.5379995710084565,0.399313019560509,0.33459298502621878,0.3279154278072505,0.6826420378633989,0.37399753317599118,0.5547468028044819,0.22324384395130429,0.706027807790238,0.3945687945412498,0.05469431577213234,0.02081778262648269,0.036957053742182738,0.04162669172015157,0.009973928774008163,0.012615575296840534,0.019966795922561788,0.039744036728775,0.0854148758872923,0.019203988026077789,0.01796907068470066,0.05079998269520085,0.04498854576234577,0.04179969609358362,0.03055055229592602,0.07826947233597896,0.01716215494140686,0.05382954271016394,0.023684557142252976,0.026228253526946696,0.026389043470987255,0.061527668968640567,0.014188909405182611,0.06863491211344822,0.039727994243979217,0.07502424633724989,0.09170468306821446,0.0647109341258782,0.1194280451277313,0.01538970960440063,0.07318378464460265,0.05319057535451397,0.07639560071492832,0.04280901814080919,0.10619250434246806,0.05617390093613659,0.026641270197109,0.02951618283402792,0.10208274502104399,0.02897231499153646,0.10564193071941301,0.03604974566558893,0.06145167179293445,0.03746835338239756,0.040776326694143018,0.08037234542086595,0.06597690102572405,0.07323146863431916,0.14849965583006329,0.09583332843712184,0.07053887366779382,0.049105326178814707,0.21465263938879557,0.15676700203289055,0.07127224904874047,0.050281666996770928,0.09468391287212237,0.024034591934112814,0.09870563458122019,0.11078056144206876,0.2120595549024849,0.11823934618141648,0.022378114895375026,0.08391565847659503,0.0640271238188466,0.057079783576520947,0.053933534932907378,0.13531921041985257,0.029949728869578416],[0.31300786832324548,0.2482909178569794,0.32125448608357079,1.0,0.8269344574464244,0.4155536825644722,0.46167135854751437,0.44748418800861747,0.5251912415051551,0.21524641205622548,0.7037734261983634,0.6868830145438875,0.4570538075879764,0.35793549120254028,0.44871304551556276,0.28318863588310258,0.9693337422439903,0.36119744503713949,0.16425169152363734,0.3394545245456093,0.1581068986194896,0.29881404351829085,0.19383992798829623,0.017650731392135665,0.006851266734512238,0.012004485274415625,0.013442073392508391,0.0032100719294505407,0.004052819422296434,0.006511303942998419,0.012767950421150317,0.02759207475774281,0.006219487905997387,0.006009378523542734,0.016319838610918185,0.014758422340831542,0.013479499464286746,0.009847068734312938,0.025344979541924593,0.005574527333801471,0.017321459502801379,0.0077228372648743899,0.008798388119219326,0.008790996927665534,0.019770387005083848,0.0045582798737792769,0.02211301988628272,0.01417643893748821,0.024185985438259104,0.038001532853140968,0.021190352913512613,0.03847554857453193,0.005180791710130958,0.026314365905816235,0.01708771105424879,0.02472441298590976,0.013914588523520675,0.03886898742132005,0.019173005714862008,0.009296750740163283,0.01046559774436838,0.03292923775067642,0.01299066362548266,0.04104949805381221,0.013798847287047953,0.02120043586414163,0.015445765877894005,0.013870433649986927,0.028467481268367995,0.02220435634080581,0.02628910931726138,0.06278118483444627,0.03216106721076069,0.025302199990363599,0.01608771562306168,0.06910218651298553,0.05071843366490669,0.025018764652584029,0.017337785217740266,0.030455506094524567,0.009284720430003732,0.03442747581997012,0.036572947056157049,0.06994128830867705,0.041364607973704708,0.007556719557612885,0.02909849117598675,0.022016464532371817,0.021551107325199875,0.01826642600896899,0.04361221967519514,0.009633141752008792],[0.350145093629356,0.23192828142918815,0.3767131891990639,0.8269344574464244,1.0,0.434533579364422,0.5514800566354824,0.5395027543036186,0.6003308483907137,0.2547559533790175,0.5847320749994244,0.829379142599871,0.48801865713502276,0.3841178076525525,0.5322352015608407,0.33611510704207078,0.8515776787533566,0.4349589681575826,0.19861689332134084,0.3670089386030184,0.18775330584184322,0.35906928002958468,0.2343439477435387,0.02060443356561588,0.008187727331396366,0.013943217995741261,0.015682264333700334,0.0037972325031495138,0.004770052720180307,0.00776033195099236,0.015026358257769737,0.03218178526007181,0.007390769714156798,0.007205858153155189,0.019199746095481839,0.0170480330095891,0.015746554953668374,0.01150928552918866,0.029505072645554889,0.006633913419128297,0.020287428248925839,0.008948118098536923,0.010553562407559038,0.01008233781150474,0.023225674045799735,0.0053642258010195569,0.026169059567005098,0.017101930766084705,0.02863578576318358,0.04594915306225079,0.02527215232507525,0.04499195597984325,0.006219142569181049,0.031746243180775127,0.02010874415713135,0.028794310392457804,0.016556786928318177,0.04691791159883721,0.023040504895183744,0.01120072302731237,0.012622346510978435,0.03899820128683352,0.015669968357774876,0.04962810744305364,0.016683805214361297,0.025503978942196839,0.018672636053492045,0.01666533666612205,0.0343109139631189,0.025385468938635994,0.02947991033051426,0.06814826741169138,0.0368236095227703,0.02837666729485603,0.01859659567628693,0.08163458444026621,0.05909117680773326,0.028226969602505718,0.019654438367554699,0.03596742584648236,0.010196550887413459,0.038941339243008746,0.042149932189671859,0.0807087239134482,0.04677003748360836,0.00862040077687058,0.032958088908634077,0.024988856112127364,0.023847010988788443,0.020831886162975944,0.05097682282688169,0.011291334211178365],[0.16961060519222186,0.4179238020405287,0.4823850762786081,0.4155536825644722,0.434533579364422,1.0,0.31570192189435355,0.42296761614767899,0.287044432406675,0.33367088414350618,0.3263943447269391,0.4216369093071027,0.8688373772005049,0.8268193633459191,0.29483325963499448,0.20465955426446295,0.4157466765526396,0.38775679745332106,0.1822367837958618,0.7742587957771253,0.12234038502114793,0.35644915050476697,0.19760934244176146,0.034666715540714727,0.011397074764595193,0.024299651301128205,0.02657594085461435,0.005900843084065141,0.007699033869154108,0.011152049449870723,0.02398699610753226,0.0540654109111368,0.010953191639518499,0.009606100566134713,0.030625121762077526,0.03056220734774279,0.026461023838758425,0.019341303800086183,0.05023995731305131,0.009702063967877638,0.033392750231718507,0.015872007172264406,0.013929716930485512,0.018803012385186336,0.03733708140883258,0.008658829224941586,0.03955947487295215,0.020006464589224596,0.04302637244504192,0.04428545140214947,0.03537564271650712,0.07377689584605846,0.008168416584218285,0.03653768209184652,0.03198422594290488,0.0489257190623086,0.023953781108184498,0.05244434929657771,0.029096775699012757,0.013639412524789134,0.014946583749336405,0.058031321987040227,0.013976259331366689,0.05136064196573013,0.01768008620788141,0.031515836694161077,0.018135660488974596,0.021252952538071889,0.040400489707147078,0.04766466103163713,0.05960261729602541,0.1493630693529447,0.06835974847992371,0.057364006844066107,0.033184181118467877,0.12113658285331194,0.09861835255505061,0.05588260700769288,0.038323175733574039,0.05497704158790878,0.02191689473983338,0.0761230751270537,0.07556761416695422,0.1414956588863597,0.091368012222698,0.016473234556179846,0.06419876882093947,0.0483973777469327,0.05021938927626126,0.03961616452861928,0.08357652673019951,0.018621666169033714],[0.522134075090493,0.14280652930533328,0.4276571074586081,0.46167135854751437,0.5514800566354824,0.31570192189435355,1.0,0.6911005838370214,0.7512184948216335,0.3275745876665098,0.338821344527271,0.6600163071105023,0.36333135278746267,0.3048935800272343,0.9301753903569671,0.6075688979586336,0.47627688234308648,0.602347834814795,0.3305708662085548,0.3000162096367962,0.3400557900654779,0.5046732454852474,0.3995908359012059,0.026734398869740395,0.012277339375871294,0.017722488407459604,0.020350079377657063,0.005360516482250614,0.006540658849943022,0.011427058854629999,0.02042449064201789,0.04131624898126,0.010683488406730335,0.01108389888392489,0.025982494992210924,0.021060966546190029,0.02056921811161745,0.01512066747071142,0.0375688319820998,0.009682418130444714,0.02678609674413596,0.011287523143780839,0.016245715874462015,0.012123374779886783,0.03111525989792625,0.00734495884391034,0.036505894656047917,0.027743847279058176,0.04001753518117324,0.07914531551955845,0.03706154999371964,0.05820383658687715,0.009656222701923095,0.05136262858354369,0.027240997961113613,0.03675232488679225,0.02400100262463969,0.07626368362933292,0.03585981643002214,0.0179364764099054,0.020444023546773897,0.054360100904041457,0.027820110667473375,0.0832146364769668,0.0281753063470736,0.04005722347765485,0.032413437182138248,0.02595057716304442,0.054841146973852557,0.029759385468945699,0.0317909500012867,0.06386697909278919,0.04317601649307404,0.03063675464416785,0.023025572882913096,0.11038627289915616,0.07454563995679752,0.031223892633738677,0.0223005895569354,0.049354718884456427,0.010308676424633654,0.043268212352933859,0.05078867114817976,0.09619670643185996,0.051673703310275018,0.01014027248153851,0.0369491946110237,0.028398044752707006,0.024514566265357433,0.02422995290730962,0.06563037970359918,0.015056866095317041],[0.36223728928761897,0.18122488418256034,0.6153706280760777,0.44748418800861747,0.5395027543036186,0.42296761614767899,0.6911005838370214,1.0,0.5458927865087195,0.4487331622504813,0.3154907574850707,0.6381922686432029,0.485275469786535,0.4239864315725787,0.6436862964658585,0.48294170431963825,0.46004183857694888,0.8054035909028096,0.3623408615451009,0.4213804246059026,0.286936679342709,0.6624736645820651,0.4191606986423431,0.03575534052873906,0.015044466782128197,0.023897487072698385,0.02719783716948913,0.006837575361559602,0.008486220419606033,0.014189088564070548,0.02667294751787114,0.055593385191918819,0.013433889312837837,0.013308647625806384,0.03402897891717416,0.02874021375352585,0.027406795567628998,0.020079732868224989,0.05071852658015357,0.012095016796411186,0.03552898829354754,0.015255950476484534,0.019498168967408803,0.016689465148344189,0.040985510117597937,0.009538524560975821,0.04703728320722524,0.03168031248406391,0.051519391172200789,0.083300481126272,0.046224557684987298,0.07814554877498005,0.011501626173643139,0.05880497204115105,0.03566122822567591,0.049560966847497788,0.030154651201539739,0.08683957320375256,0.042650315362075637,0.020761169064242643,0.023386976762090864,0.07015188800807691,0.027659399304300493,0.09117910048152636,0.030638803769689136,0.04724957031895103,0.033760566949760439,0.03084536589124383,0.06359409667755219,0.04139480570177588,0.045190668603834947,0.09238938024961599,0.0601221181618293,0.04353582893417635,0.031400631383959657,0.14540585538603474,0.10131171268392808,0.04413395966224315,0.031293584792819659,0.06425791905126861,0.014790363261375636,0.06114880621867473,0.07013042448511478,0.13373833278165443,0.07316706384223576,0.014057686854009611,0.05207912352369574,0.039855849709091038,0.03512673771154855,0.033767011018967157,0.08835493488972568,0.0198490225160353],[0.5806101847040616,0.14059767268534519,0.3365092258582279,0.5251912415051551,0.6003308483907137,0.287044432406675,0.7512184948216335,0.5458927865087195,1.0,0.2492710011547135,0.4090633809664851,0.675552581728657,0.32866061177928648,0.26663521999583647,0.7752754772295756,0.5157290204920358,0.5406243305309253,0.4593331198537407,0.2519808040205924,0.2591900240660367,0.2912793744788861,0.3816901690601496,0.30661257213819956,0.020153020726811405,0.009253970257709368,0.013380271335025836,0.015337252662973113,0.004027417678589394,0.004914159356396159,0.008599818892107935,0.015351761037365224,0.031187756664969834,0.008031722963286992,0.008381736874680583,0.019534141685973038,0.01595313442002682,0.015494569290050015,0.011383761416529618,0.028379168272176407,0.007282985539438462,0.02016566900635131,0.008525678828223499,0.012283203213119713,0.00921058861540625,0.023406243568211105,0.005518656527626688,0.02742552917880524,0.02120010447281685,0.030063410983164643,0.06189414357217088,0.027870687888410647,0.043922657026384547,0.007313895680006986,0.039175618775495909,0.020479776401912288,0.027754877979927128,0.0180419869969852,0.058188874193640927,0.02713946111385596,0.013666155567523372,0.015621620272078337,0.04084196749727923,0.02241371635609056,0.0641625112249139,0.021856854753308107,0.030360587706502293,0.02555306743071021,0.019648850263561798,0.04169591797474668,0.02272301277110073,0.024670635717066789,0.051564600217737389,0.03299054434319392,0.023766767571182826,0.017438191048695197,0.08308363488936975,0.056431192468414537,0.024099573555173047,0.017116397121421976,0.03709553521349552,0.008104826888205529,0.03339255592296791,0.0386535518624214,0.07347325051364259,0.03994673390229997,0.007727553190764311,0.028453468447951458,0.021799603400647305,0.019225739192898766,0.018518740380058953,0.0495591682626038,0.0113256545043168],[0.18579454765801246,0.14710586973109078,0.6611733412666537,0.21524641205622548,0.2547559533790175,0.33367088414350618,0.3275745876665098,0.4487331622504813,0.2492710011547135,1.0,0.15213927954238219,0.29256182472604055,0.35735071373537999,0.38613165026641707,0.3091813714557259,0.3017852617924335,0.22011654733336948,0.5426427019364359,0.46829847858810988,0.40536739307286509,0.23439081812200356,0.6456192155570553,0.45181416687584688,0.07962589793243719,0.03145836996633339,0.05325456959430916,0.06056808334669395,0.01490141662487192,0.018699206767788875,0.030111954999430387,0.0588817213795498,0.12387858453583289,0.02887238757709288,0.027177367985926794,0.07520159902994397,0.0639121763757895,0.06099538581776018,0.04465851780838419,0.11302483952741349,0.025842420262502678,0.07895378896560121,0.03399114086427393,0.039665461344778368,0.03694949553591687,0.09080491018166455,0.021025758724743709,0.10268577637749397,0.05948880633975801,0.11233759530111282,0.12980823671830894,0.09772813572506277,0.17406756608890204,0.02327218606517652,0.10915240646541713,0.07878109664614057,0.11044637494708201,0.0644918662709598,0.15715760873764599,0.08479448430268498,0.04010366064985626,0.04428693170202054,0.15296532608817724,0.040441683957195429,0.15300754190553238,0.05297496888110902,0.09259180723491761,0.053734759077147278,0.06159300096980987,0.12031282320122837,0.0908305171290329,0.09496255975110618,0.16656010605902153,0.1317375695371319,0.09159407841773293,0.06984572461121848,0.3204154042552808,0.22566544785717269,0.09422669450282079,0.06783824209439052,0.14117653147039706,0.03005123549048871,0.1304717521947777,0.15498761073138329,0.2934693694478484,0.1552145059101786,0.03095347073489788,0.11186199903309421,0.0863555293681682,0.07155784131623297,0.07393156635123521,0.19686419849445686,0.044036105602526857],[0.2607770207353736,0.23988420536871778,0.22802874434650317,0.7037734261983634,0.5847320749994244,0.3263943447269391,0.338821344527271,0.3154907574850707,0.4090633809664851,0.15213927954238219,1.0,0.48931200304859609,0.3487259941623561,0.2748001976570661,0.33370134922834079,0.21252545254194203,0.6855036938122834,0.254452225525338,0.11670334259554284,0.2589299169622483,0.11929796805839917,0.21034131892607434,0.13854240981526773,0.012638980618070978,0.00482570801440911,0.008640080713573879,0.00963238867416933,0.0022743643710349599,0.002882763402408776,0.004591475911511346,0.009079149127695476,0.01976630621293008,0.004392713034672804,0.004229436223655967,0.011607014063003836,0.010680373433357515,0.009647327256337206,0.007045345933346838,0.018190191018681444,0.003933990708003899,0.01236592589203264,0.005574034636481295,0.006192186101726628,0.006414871602092046,0.014076572054353894,0.003242573719706165,0.015655648496559008,0.010000706949157187,0.01711729037742512,0.027157530122251914,0.014936245149142573,0.027490247364422184,0.0036461090763984535,0.018564399278584069,0.012150131237017068,0.017738389341940505,0.009819300967165157,0.02744302706547236,0.013494875285171734,0.006550189325236582,0.007380839685535708,0.023298555294719925,0.009426245446181063,0.02912595654398885,0.009798424071602192,0.01492586197663521,0.011065425212625428,0.009762375559752693,0.020063419748393514,0.016242225983148504,0.019668090552664488,0.04881928863330174,0.02347202591741954,0.01892866738275643,0.011632849418171283,0.04895473606189627,0.036345446025614899,0.018581028692340106,0.012812269158211246,0.021590711719683285,0.007155560948677489,0.025472551858569539,0.02650067717637178,0.050551631429854578,0.030604531735977857,0.005549090209512957,0.021503957508303738,0.016239486068378094,0.016408315333873569,0.013403102651591444,0.031168130670498879,0.006874520723888115],[0.39310907503064126,0.20687028143148104,0.4241407767651982,0.6868830145438875,0.829379142599871,0.4216369093071027,0.6600163071105023,0.6381922686432029,0.675552581728657,0.29256182472604055,0.48931200304859609,1.0,0.4808845610699255,0.38502091667920276,0.6323099619961647,0.4011066210147522,0.7080220962934629,0.514074722515136,0.2384283561264174,0.3715204698166983,0.22446666536249747,0.42284921531850669,0.2820997241842533,0.023374536212244287,0.009602367159944758,0.015723209127359137,0.017782357370657879,0.004389445536389066,0.005476138724873176,0.009064107426537122,0.017236113014085939,0.03644614663733423,0.008595762111174193,0.008496410411197168,0.022008020095103978,0.01908812891039441,0.017885474654358605,0.013085365571581125,0.03333721439349043,0.00773193389192519,0.02311565938177561,0.010063697859626813,0.012448913708148178,0.011196984538921637,0.026566070637116365,0.006156764901480311,0.030232546636054563,0.020386502620879936,0.03310154962602682,0.05528991391501256,0.029529505681863963,0.05109962910166624,0.007346652942153233,0.03784234050337101,0.02305766187591703,0.03255234220202221,0.019284864875104499,0.05599301308468072,0.027257615047016349,0.013316908781420924,0.01503966507775288,0.04508237883356539,0.01889330513182147,0.0595177830580478,0.020018229256279,0.03022901404984476,0.022481512877488006,0.01971166446567782,0.04081374823314357,0.02804882698667856,0.031827133551381458,0.07074169837474759,0.040731896506784426,0.03064294038096579,0.02083791457615224,0.09392190754908185,0.06675060215612402,0.03069439914523534,0.021507003653957567,0.04141781564872809,0.010773418852619333,0.042441730347107849,0.04698914005456447,0.08996090207769066,0.05092630227189988,0.00951367588754574,0.03599221660424161,0.027372414450521178,0.0253699576102787,0.022956703229655038,0.05785052181626526,0.012885457354535057],[0.1948095686407526,0.36934418246398245,0.5281454719322002,0.4570538075879764,0.48801865713502276,0.8688373772005049,0.36333135278746267,0.485275469786535,0.32866061177928648,0.35735071373537999,0.3487259941623561,0.4808845610699255,1.0,0.7831357480028038,0.3392691521240875,0.23514885253184843,0.4590132623807739,0.4401368271367755,0.203020892646256,0.7413275512920011,0.13986621682997744,0.3991042712496657,0.22232076621387715,0.034417211296982257,0.011737302109814604,0.023903028532897495,0.026321721645441697,0.005939678625616889,0.0076907323023221309,0.011414998127625625,0.024072658461620115,0.05377441638601585,0.011143562883637029,0.00996824718646563,0.03076048549027947,0.02987049117779491,0.026258866379762874,0.01917945237242719,0.049797374547037729,0.009894287000558933,0.03331587826349992,0.0155331400279892,0.01449221206963912,0.018173757174624485,0.03746107383376714,0.008650904984335142,0.04022320900510466,0.02126361689320992,0.04381687474377133,0.04854383606763367,0.03650693535516145,0.07389418665537695,0.008496265801433914,0.039012433779373179,0.03214959974055483,0.048514661136244658,0.024531590883292134,0.056339784988287049,0.030570895116936719,0.014387755776488322,0.0158425663380487,0.059291063881234899,0.015418694606280282,0.055795990802486868,0.019070448058885363,0.03324453224141183,0.019802500797453709,0.022269904514953748,0.042998164962983368,0.046074667506861139,0.0563991431690478,0.13735494890588857,0.06635796241538274,0.05427880882953696,0.032477385775183807,0.12441700488301888,0.0985246908818949,0.053220314495959219,0.036633432058583898,0.055844653078520257,0.020274740779879,0.07283642215327163,0.07406574656748118,0.13998030120204037,0.08749315785410539,0.015814478719210248,0.06146129445118452,0.04637783552257489,0.04685224283963781,0.038142805795060009,0.08376689461107241,0.01854320494000902],[0.16069362394457646,0.3781821072408628,0.5379995710084565,0.35793549120254028,0.3841178076525525,0.8268193633459191,0.3048935800272343,0.4239864315725787,0.26663521999583647,0.38613165026641707,0.2748001976570661,0.38502091667920276,0.7831357480028038,1.0,0.2839312558956918,0.20537417057804015,0.359514089678535,0.4060355047421229,0.20121674268876889,0.9363892456161276,0.12666699372479865,0.3864166765226931,0.21381596150011479,0.04192068716843575,0.013664452992988014,0.029387163653833118,0.03214075196690801,0.00712456640288211,0.009305980080804712,0.013402619658807376,0.028972298380199336,0.06536785745455948,0.01318981849618329,0.011477519354731165,0.03698336437161728,0.036944250056980227,0.03199916197751203,0.02339038065857658,0.06075659355952657,0.011674908461472969,0.040363623055410618,0.019188183501498137,0.01661899207742785,0.0226864171179564,0.04509573603128209,0.010465849289443595,0.04762994452652964,0.023530190604938499,0.0517771022571405,0.05039993739838774,0.04235576653358196,0.08911958251525164,0.0097485109560863,0.042785444736693638,0.03861916609542684,0.059166157902318609,0.028775982261117305,0.06104025825971941,0.034497964262050529,0.016135682670366134,0.01761976311990655,0.0697457889494909,0.015790382414558335,0.05908383784090289,0.020522915084551963,0.03726277917642293,0.020767306970233557,0.02524652719178601,0.0474319316825163,0.057517458165135208,0.07139304351553014,0.175385348728282,0.08256455941665506,0.06870967844412507,0.04011930799511674,0.1451904381722227,0.11916268225212334,0.06712625746442905,0.04609466784551597,0.0662034371622996,0.025867379750364708,0.0916053103276209,0.09137671097570242,0.17111550938393808,0.10998674179513959,0.019839351529862337,0.07726671633386499,0.05826329518162892,0.05965716583214455,0.04775701930176455,0.10094204362443668,0.02251418409812472],[0.5613114937551338,0.1343998113081735,0.399313019560509,0.44871304551556276,0.5322352015608407,0.29483325963499448,0.9301753903569671,0.6436862964658585,0.7752754772295756,0.3091813714557259,0.33370134922834079,0.6323099619961647,0.3392691521240875,0.2839312558956918,1.0,0.6309815541918592,0.46285023402439587,0.5665176306982073,0.3249219723413354,0.2792301835324412,0.35226926915098336,0.47771218974786697,0.394889545011854,0.025464740236987354,0.011922350609735216,0.0168530564163836,0.019389568088454633,0.005163485476672398,0.0062763656955889539,0.011066383187398402,0.019560397639319737,0.039289573921105488,0.010319128653118775,0.010809719630031497,0.024863784375620137,0.01997093336561533,0.019611714203543404,0.01442982919130838,0.035701768529398467,0.009365826447637718,0.025561040785454838,0.010729901467383705,0.01584087668285943,0.011474110208091439,0.02973455877716996,0.007046419598912578,0.03504752151707482,0.02731369310569963,0.0384222685063491,0.07904441100806545,0.035824363320146049,0.05536019824380164,0.009433837761357749,0.0504961614982394,0.026069789531442408,0.034935121601487279,0.02317388995778358,0.07500068659231069,0.03500372427091681,0.017617962262602425,0.020126281710066045,0.05214956395825021,0.02814735233063572,0.0824434069390083,0.02800966086490225,0.03916100180021633,0.03249193160858812,0.025343530133066288,0.05377260278467024,0.02808587402982158,0.029831896456498698,0.05953082960555474,0.040730804097395077,0.028751736643826629,0.02183635607315926,0.10533523314780576,0.0706963151424576,0.029346135105618278,0.021001684329184965,0.04726424987316904,0.00964681708027946,0.04066389863613547,0.048005217279705848,0.09073771755549766,0.04853569827490359,0.009581113995430149,0.0347516593518906,0.02674109812359705,0.022948795393592158,0.02285833020758934,0.062379697329368027,0.014392473403699232],[0.5716609397484478,0.0891532588570597,0.33459298502621878,0.28318863588310258,0.33611510704207078,0.20465955426446295,0.6075688979586336,0.48294170431963825,0.5157290204920358,0.3017852617924335,0.21252545254194203,0.4011066210147522,0.23514885253184843,0.20537417057804015,0.6309815541918592,1.0,0.2920991199301741,0.48846689193585249,0.42745860825650197,0.20510364159521086,0.5582826300776678,0.45299156182397018,0.5256487277088948,0.028940299753985218,0.015574116434341796,0.01894729848975064,0.022139220211039563,0.006434879195113512,0.007614374000227854,0.014227434633726194,0.023249162674846618,0.043850839204250317,0.013055480601679413,0.014470891477426522,0.029326264152731594,0.021864813552728989,0.022516475852011679,0.016722572572008329,0.03965246741569674,0.011963451808802315,0.029489679260800543,0.012059038610968496,0.02114952752405401,0.012384438115864333,0.034648389789501878,0.008529383274069588,0.042212732602176668,0.038180872614356178,0.046265090974227578,0.11657663139687707,0.04518187316848771,0.06163565561020415,0.012753478700285537,0.06984151288891516,0.030752011504068496,0.03890003730235964,0.029116657565938614,0.10350649856840455,0.04678853488671127,0.024411023256634559,0.02816935891215701,0.06220146713365276,0.04334798533847688,0.11765874101356813,0.040813331204384708,0.052736273858891759,0.04873713585184365,0.034039202649399618,0.07334636305889403,0.029268846586257809,0.02906498252225758,0.051425034639321468,0.0420973822503185,0.028059077607253136,0.023915804694756665,0.11913679577953451,0.0763961183107875,0.029172853059490634,0.02143659507823811,0.05570642207647804,0.009107601359790068,0.04026363114677486,0.05051857504750105,0.09252871781462911,0.04762083075502219,0.010181003494143686,0.034783812373396508,0.027207059426713366,0.021666759460300029,0.023763729026656894,0.06890475924723208,0.016895216490880665],[0.3213357135568759,0.24381100846079965,0.3279154278072505,0.9693337422439903,0.8515776787533566,0.4157466765526396,0.47627688234308648,0.46004183857694888,0.5406243305309253,0.22011654733336948,0.6855036938122834,0.7080220962934629,0.4590132623807739,0.359514089678535,0.46285023402439587,0.2920991199301741,1.0,0.3711557537856889,0.16915258824715183,0.34134699143567828,0.1630792744738188,0.30682374633036965,0.19975754671027563,0.01798694297279112,0.007021767352476964,0.012219474007250943,0.013696106048341843,0.0032810745949247079,0.0041374755701129128,0.006668302169089194,0.01303496874090014,0.02811330354021114,0.006364484182831686,0.006165095067815484,0.01665997377654149,0.015005418875102758,0.013738225576970197,0.010037086755110819,0.025812932726531465,0.0057066296225935409,0.017664479138777578,0.007856819448358867,0.009027334019902077,0.008924559441285755,0.020175923106050914,0.0046533598213286488,0.022606030461957993,0.014575792844816339,0.0247281987180218,0.039156901933175957,0.021705953617541339,0.03922594887143103,0.00531689001443746,0.027056386953776387,0.01744502979685,0.02518307135813865,0.014244191425030867,0.03997554852281816,0.019684042903623666,0.009553359113025373,0.010759258796773008,0.033670305937232729,0.013396791196274499,0.0422623208839556,0.014207814630771287,0.021773555698423157,0.01591813793429072,0.01423920328979929,0.02925813863269778,0.022528950347756307,0.026573457050395219,0.06309473458088023,0.03264242305752672,0.025576330857009206,0.016359475666866225,0.07061922428046971,0.05166769201366027,0.025318760604269555,0.01756121888399106,0.031119534008155513,0.009347663960268526,0.034859029664254987,0.03717050593270724,0.07110972882655165,0.04188122054693249,0.007663128310471673,0.029470276818495235,0.02230612252165133,0.021729352531192029,0.01852392204153786,0.044459178484650769,0.009825316567832815],[0.3292610263030851,0.1625790228896709,0.6826420378633989,0.36119744503713949,0.4349589681575826,0.38775679745332106,0.602347834814795,0.8054035909028096,0.4593331198537407,0.5426427019364359,0.254452225525338,0.514074722515136,0.4401368271367755,0.4060355047421229,0.5665176306982073,0.48846689193585249,0.3711557537856889,1.0,0.4403164594927317,0.41003436077607877,0.31195491458538268,0.8213011812347469,0.49886229980687948,0.04361671559709589,0.01866964439790676,0.02904343960139898,0.0331826057474857,0.008446317374394505,0.010446297583290446,0.01759184012628493,0.03279202602779818,0.06765889911798115,0.016632963388770025,0.016524183291423627,0.04180732206634747,0.03471874745342614,0.033477439466905369,0.024554462319428234,0.061628281475289498,0.014986394214741943,0.043476199456643178,0.018517921910499725,0.02420917714152264,0.020050528582783505,0.050273192169104159,0.011739391486139513,0.058031590541144307,0.039218019144393208,0.06357572146246811,0.10139651151212492,0.057304623320326899,0.09522164500464088,0.014279826048535418,0.07278544632868935,0.04381931621114911,0.06025246130891023,0.03734794378636329,0.10736573012790708,0.052944912621754287,0.02573844631539744,0.028961519005985978,0.08654369669765243,0.033218200024649879,0.11199525404765176,0.0376497628963164,0.05863362117060857,0.04107840858308549,0.03829158450138397,0.07881075948744328,0.04936384137718684,0.05263953346059457,0.10206054980065893,0.07163701466205401,0.05073672367378757,0.037947787821004618,0.17856958023129466,0.12275064574627777,0.051798751010968108,0.037022741515612678,0.07910364080941285,0.016952547229431307,0.0717766361069378,0.08411449168446743,0.15960405714803775,0.08567244877616392,0.016805176492171896,0.06132456198307118,0.04714558720007996,0.04035647206364608,0.040203119950582118,0.10754386994161432,0.024332324668160853],[0.24448088912668193,0.0765534539419623,0.37399753317599118,0.16425169152363734,0.19861689332134084,0.1822367837958618,0.3305708662085548,0.3623408615451009,0.2519808040205924,0.46829847858810988,0.11670334259554284,0.2384283561264174,0.203020892646256,0.20121674268876889,0.3249219723413354,0.42745860825650197,0.16915258824715183,0.4403164594927317,1.0,0.20792839320570276,0.450015182318411,0.5077459673216179,0.8127084288015439,0.06599466837806478,0.036054379621263257,0.043055168998930599,0.05068366325326455,0.01504923227690048,0.017795613527728694,0.03311445732889844,0.05405609595870661,0.09854073573431023,0.030490255294433743,0.03307232030471793,0.0679820455643081,0.04880926076341308,0.051680735874110327,0.038581412041656017,0.08890681501623432,0.02788714767998628,0.06775277092341124,0.02745553872648683,0.04843284751491608,0.02748025205279592,0.07989528203217812,0.019927710671922669,0.09834793134273452,0.08392700501909942,0.10775642452324054,0.22986665489230793,0.10564036184399865,0.13762354634545446,0.02894830196369177,0.15533757938450458,0.07127861141436084,0.08739079144652592,0.0680844543594643,0.23067896911533648,0.10716743664001508,0.05421500004907711,0.06184459838983816,0.14430332784833095,0.07521422087085118,0.2495190825765213,0.08395793512787672,0.12019107843006974,0.0931428461143631,0.07768464868409306,0.16545797720086953,0.06251766651166446,0.05773532632304504,0.08402481326455934,0.08859912147706288,0.05589254518238177,0.053361263974995878,0.26535962662509318,0.16555719442137344,0.059327126595688579,0.0450793799301003,0.12873394263117597,0.01776330475805026,0.08089025900986052,0.10782967928932069,0.18677711272486856,0.09414631769399894,0.022356196371947535,0.07101796132658547,0.056814775690922279,0.041648206936309137,0.05079588680522256,0.15260068366683278,0.03916263946987373],[0.15747586731270889,0.362382957999778,0.5547468028044819,0.3394545245456093,0.3670089386030184,0.7742587957771253,0.3000162096367962,0.4213804246059026,0.2591900240660367,0.40536739307286509,0.2589299169622483,0.3715204698166983,0.7413275512920011,0.9363892456161276,0.2792301835324412,0.20510364159521086,0.34134699143567828,0.41003436077607877,0.20792839320570276,1.0,0.12804543984663042,0.3954544734467655,0.2192878278406451,0.04476843982279526,0.014557916024153019,0.03137821324178305,0.03432373279233105,0.0076062892933401039,0.009937647813940709,0.014289635522663666,0.030933895256833788,0.06980759438465657,0.014071215034592,0.012214552984185185,0.039485529525368868,0.03943532389914121,0.03417290818480962,0.024979226266957194,0.06488375980001716,0.012452457095981529,0.04310352662773841,0.02048318761384691,0.01767736202820803,0.02419329625530775,0.04814851797085358,0.011176196494011698,0.05080882661398528,0.024908012241549997,0.055223748098810008,0.052732500329199478,0.0451028087488969,0.095155083314541,0.010370715029434402,0.04521734659954818,0.041230501518738419,0.06318537014189649,0.030675779693983567,0.06436614535472467,0.03661600559287155,0.017115146884682583,0.018666880831598108,0.07435789815963248,0.01648628138595851,0.06204810675914427,0.021627570297428949,0.03951290676621699,0.021782357815420169,0.026814899325516094,0.05017182486593895,0.06134065212533161,0.07588915867259606,0.18482374070613828,0.08809044235544615,0.07303634030840363,0.042827980295622927,0.15463809274953883,0.12724147718850133,0.07144051112037571,0.04908687022115545,0.07062452013373674,0.027336555705611139,0.09756779447687182,0.09755693915049683,0.1827392782578882,0.11716067730411602,0.02113991168818084,0.08230241451040305,0.062068630003851019,0.06319886473405194,0.05090788948210762,0.10777398307157832,0.02404330504370986],[0.38731267576521358,0.05200084383159045,0.22324384395130429,0.1581068986194896,0.18775330584184322,0.12234038502114793,0.3400557900654779,0.286936679342709,0.2912793744788861,0.23439081812200356,0.11929796805839917,0.22446666536249747,0.13986621682997744,0.12666699372479865,0.35226926915098336,0.5582826300776678,0.1630792744738188,0.31195491458538268,0.450015182318411,0.12804543984663042,1.0,0.31546382362821887,0.5125394410286039,0.03150308070195991,0.0208191186901717,0.020512954278197327,0.02439435937874308,0.008133784716625977,0.009259244627837683,0.01861244299966507,0.027026010359412379,0.0460744477001246,0.016714707405871895,0.020061727562392163,0.033563062393959629,0.02279349353006685,0.024985615367465035,0.018897206796201724,0.04151822804486252,0.015542633797973216,0.0327434685064671,0.013150014602409964,0.02906032689706349,0.012803104954791603,0.03884147242480817,0.01032633125953215,0.04927548093454949,0.055720650776340998,0.053841285468371278,0.1816219379938269,0.05622632591647329,0.0637983509168865,0.017960929422846437,0.09888247979019115,0.03516075346717705,0.04089065962677425,0.0364191253613769,0.1440420391565995,0.06344575355332781,0.03538300079459168,0.041384121537897017,0.07071974404342635,0.07398865612469946,0.17260344458392519,0.06357376369591246,0.07211940298044882,0.0794805207607012,0.04681477787364322,0.10139104499637525,0.028445023076360558,0.025982088705713635,0.039388379318573089,0.040096037960951017,0.025153895735711929,0.024896283369759649,0.12183538002837913,0.0753589847205824,0.026727831354868834,0.020433959108118749,0.06253720833089675,0.007993968152550066,0.03640702592666521,0.04894597112900555,0.08405407469740153,0.04237271126119593,0.010345439855127566,0.031999807989166639,0.025697625153807855,0.018760407686579586,0.02313360482798234,0.0702645620113073,0.019424165406578279],[0.28675562623169179,0.14909859556208172,0.706027807790238,0.29881404351829085,0.35906928002958468,0.35644915050476697,0.5046732454852474,0.6624736645820651,0.3816901690601496,0.6456192155570553,0.21034131892607434,0.42284921531850669,0.3991042712496657,0.3864166765226931,0.47771218974786697,0.45299156182397018,0.30682374633036965,0.8213011812347469,0.5077459673216179,0.3954544734467655,0.31546382362821887,1.0,0.5529869721411067,0.0527626854331255,0.022708570260788417,0.03505524457060905,0.040147866278322879,0.010281226814417464,0.012700792740506237,0.021413502311619777,0.039843325671268119,0.08170720136205952,0.020251904564836468,0.020061083083228755,0.05077896177940413,0.04173046822614996,0.040533800909451637,0.02975142580684321,0.07434946767984036,0.018245538202450705,0.05269178250803113,0.02233607209015286,0.029385208846184856,0.024012596986751759,0.06100882481296644,0.014271728523262298,0.07060875121497538,0.0471756878716655,0.07735984751984415,0.11862889866278678,0.06975672868837264,0.11506078085308586,0.01732010398112943,0.0875032344357026,0.05322631456644742,0.0727156183571812,0.04547310109457195,0.1287537621996952,0.06415333395296409,0.03106335304000638,0.03486611403907021