{"name":"DynamicObjectArray","generic":13,"parameters":{"array":[{"name":"MatrixSerializable","generic":11,"parameters":{"name":"K_train_train","value":[[1.0,0.014132316241334266,0.08058801734619955,0.13881740873845598,0.16796611485768879,0.04898578887771218,0.3313061230623886,0.1779460548486574,0.3968294585785942,0.05719473347040059,0.10177892112656162,0.20449006763028752,0.06199226209153828,0.04468869746636284,0.3746680757261933,0.38648752657018817,0.14515442957621883,0.15129290322539933,0.0912045191044718,0.043178128572735358,0.19939070456450665,0.11961077683432102,0.1295489545178326,0.0009468891423213902,0.0003319456677485324,0.00046212345309662147,0.0005994219947893781,0.00007291067578685328,0.0000968127590295622,0.00028291470045437446,0.0006464200613822308,0.0019330734409049083,0.0002433418304800372,0.00029692582998605544,0.0009603966201566243,0.0005958639982127143,0.0006159979485278399,0.0003705478758101028,0.001631747703404019,0.0002103303810218107,0.0009736796115260374,0.00021424881191255523,0.0005644020768351863,0.0002279686397987542,0.001278141481545369,0.00011740805396419341,0.0017805350842107406,0.001593797414696573,0.0020809194637078705,0.01128783299175554,0.0020036655893018306,0.003455566325856254,0.0002412412145854415,0.004384188187301445,0.0010411470852979307,0.0015777771819227784,0.0009492681271403391,0.008509327850006361,0.002171443598967841,0.0007405845824620172,0.000953571479421183,0.0034457396865786055,0.00240591870353122,0.010917097609459689,0.0018848836394359458,0.002671560377653105,0.0026977974525926207,0.0012698684027640812,0.004711009851857889,0.001005554761980527,0.001045242351803191,0.003149257577088773,0.001877885240117492,0.0009829527904568516,0.0006940056932493935,0.010563404135701517,0.005051901208151513,0.00103432490766668,0.000599908845689393,0.00286118929272245,0.0001492148298138347,0.0017967749370722713,0.002533232500486256,0.0072630220745098128,0.00241007756711302,0.00016467135367065328,0.0013882885029146092,0.0009024032029759414,0.000652498164813511,0.0007062407858465966,0.004192484714458491,0.0003761996357665085],[0.014132316241334266,1.0,0.06722038974167483,0.09363396573510326,0.08338756781528803,0.22691597975969464,0.036565516260393917,0.05482394870717596,0.03560924979348701,0.0384566104860628,0.08830856170771101,0.06865730924812058,0.18392177383324427,0.1914659987935927,0.0329820556614155,0.01641471242886674,0.09078009406109987,0.04558370963176635,0.012668936022609497,0.17806772149296302,0.006564742034209666,0.03934640332815022,0.014414837238105247,0.0014139402599775149,0.00016732603444385822,0.0008463577414701896,0.0009271033097638807,0.0000653822190699407,0.00010875604792410598,0.0001683104272364004,0.0007034254582778193,0.002907230993183948,0.0001706021476906639,0.00011924978613524068,0.001050417676264018,0.0013100089556566985,0.0009058471172350962,0.0005405259542007447,0.0026468788101771634,0.0001367144967741009,0.0012776686475462153,0.0004355610760749515,0.00021943840164560422,0.0006483471342556212,0.001472920984096971,0.0001323031870031079,0.001472052909264303,0.00035697760025452433,0.0016749416627886687,0.0011973623634469228,0.0011060981830060668,0.004600769939277665,0.00008934309491365182,0.0009637029857398245,0.0011228446400039778,0.00252529964821506,0.0006055211597566794,0.0017231441474073653,0.0007149684390368804,0.00019484626999397397,0.00022138168452516568,0.0026951214878077757,0.00016589630518145233,0.0015886025109441314,0.0002694106961625417,0.0007998560855787794,0.0002673228294503255,0.0004279336846350741,0.0011598119796103909,0.003012427798466198,0.005351474414797364,0.03161402955520821,0.005226698866731413,0.005031274054228027,0.001483331816974321,0.008803065250269672,0.007535511607359799,0.004511000902128071,0.002345072861947072,0.0025619823743321145,0.0013498079022826477,0.007108477432346443,0.005664545732723391,0.014500424803476103,0.009461396372138376,0.0005559545203195257,0.005366412276403051,0.0033551022683039868,0.004739837159265379,0.002308204401782705,0.005617682330027072,0.0004902171251058433],[0.08058801734619955,0.06722038974167483,1.0,0.14509205828475675,0.19020345591825089,0.2895806694693687,0.23597319899299896,0.43805888929073868,0.15699826692738487,0.4949212126949106,0.0810181482712657,0.23268428159022068,0.3378166518115729,0.34860152281069026,0.2100065788032611,0.15548146120226975,0.15024331064983413,0.5225503578467019,0.18787840045004076,0.3672494664181024,0.07814930789247113,0.5533463776111325,0.20578259972468386,0.0071532224226297379,0.0013846454982508335,0.0036735459838472905,0.004497096681612636,0.0003963443268833879,0.0005909381144294018,0.0012898055592386134,0.004156830905814283,0.015261842735481857,0.0012071616362852257,0.001078185654173858,0.006309109418059884,0.0051318425518504539,0.004528916474530886,0.002657861901930594,0.01315549185849117,0.0009971766293110172,0.006962018512051564,0.001724213164618908,0.002050727399782491,0.002072145287648058,0.00873815582304627,0.000721627918333198,0.010522686681419929,0.004153978905437909,0.012241729823545812,0.01722128580170107,0.009520549982691917,0.026982410802093058,0.0008284984924504375,0.01173559924211787,0.006822113957986113,0.012624558389954926,0.00471639265110671,0.022098335710400525,0.007485292794504905,0.0021059273081007418,0.002506699798768396,0.020664218132702716,0.0024286863785986064,0.021903915766139458,0.0035215491049524168,0.008719815461872968,0.003760363538166772,0.004342039502106004,0.013761991697854687,0.009839346423060433,0.011748601265257534,0.0390780838198895,0.018560008577834788,0.011023727909158567,0.0059555053658066699,0.07310575995012822,0.042848232341327719,0.011219274861370624,0.006200067743530408,0.018183167320584224,0.0017677566514858266,0.01951557296454612,0.0237458683196304,0.07161076898579309,0.026527445641486574,0.0015656689860148574,0.01480925159827591,0.009350154528092497,0.007691657549934936,0.006984898603791606,0.03336653227712097,0.002569614189165536],[0.13881740873845598,0.09363396573510326,0.14509205828475675,1.0,0.7239371289516513,0.22473262779541004,0.2687608370423338,0.2548719723506605,0.33461060966890068,0.07344987576983066,0.5503460696418203,0.5280812176474647,0.2642070872282228,0.1743685264001766,0.25606297284564979,0.11709245092695142,0.9484286446130599,0.17707854235601476,0.04638384495531294,0.15934143458641907,0.04347267791985191,0.128286721802425,0.061468626302615788,0.0010459155023622115,0.00020931988572416097,0.0005431052781149398,0.0006582526950267904,0.00005768662071216633,0.00008574076050797107,0.00019197096421804877,0.0006031231783223642,0.002235287598630177,0.00017757542673852873,0.00016749824190584036,0.0009154127591541994,0.000771556773734668,0.0006613713867074919,0.0003878125399814853,0.001934711915986297,0.00014741907566694415,0.0010129630894626615,0.00025657876001839136,0.0003202471673562705,0.0003197899551263135,0.0012683110908709259,0.00010470361532254841,0.001534269656518748,0.0007205500583512568,0.0017867279780616609,0.0038517837391416427,0.0014270359778092205,0.0039338173825143609,0.00013015876664097413,0.0020621865305245066,0.0009898345662829344,0.0018548730092115768,0.0006980710470594895,0.00400244604206905,0.001203852677235766,0.00035169242797357446,0.00043012913918214716,0.003019178930960858,0.0006211167964305579,0.004391605766971546,0.000688228691798355,0.0014281905088466504,0.0008336352320737748,0.0006943094345623007,0.0023571834002410845,0.0015450584737861304,0.002058822865682431,0.009042950696039635,0.0029004258545524345,0.0019291637068022036,0.0008933886842089271,0.01064476411452949,0.006291901509095316,0.0018925700586217632,0.0010145866687278252,0.002643820071364044,0.00035091910518308256,0.003256407972191807,0.003608875728466775,0.010865436225826385,0.004449069106787451,0.00024726726132540865,0.002446694804014998,0.0015228982441452303,0.0014685823436680723,0.001108692448425268,0.00486781343095776,0.00037359883791908297],[0.16796611485768879,0.08338756781528803,0.19020345591825089,0.7239371289516513,1.0,0.24245976676067397,0.36358058122808459,0.3502589428555124,0.4200143443883656,0.09781633376087462,0.4016305680678643,0.7275792185357025,0.2953533651736081,0.19660273289810888,0.342275734836716,0.15668580587524087,0.760994044270994,0.24286341221853895,0.06406598589167302,0.18194925888567976,0.05822358024895893,0.17530852128708172,0.0848694447716001,0.0013606084249205614,0.00028338556937034084,0.0007005145006388924,0.0008554505478565144,0.00007675279904013668,0.00011310697938583636,0.0002587000471614195,0.0007955204648465547,0.002903602926152721,0.00023810715165908225,0.0002280687094037714,0.001206708370538377,0.000985930432174967,0.0008614209711177198,0.0005055710757402111,0.002505095980113682,0.00019815665318973007,0.0013252136319713015,0.0003295671394690202,0.00043629319629230644,0.00040369569269772956,0.0016678083947867205,0.00013808992259979134,0.002042865606663496,0.0009912352655550503,0.0023809236987936868,0.00531951170014869,0.001925270657688899,0.005132503875250855,0.0001775586652879231,0.002837115234285707,0.0013054324759670564,0.002403374003261235,0.0009381219588058519,0.005511575278418815,0.001645266996191867,0.0004827455718379076,0.0005914774163725962,0.004025091710704182,0.0008543106160859229,0.006063691718938909,0.0009503896285748402,0.0019553904956496448,0.0011509317617260627,0.0009486018244199871,0.003237687194502574,0.0019399691500328559,0.0025014652201478914,0.01039616568086809,0.0036510249963833008,0.002344414291068788,0.001142975346645431,0.014131430168177407,0.008158089893187395,0.002323428083736781,0.001255691877386607,0.0035078895184035717,0.0004115007154997858,0.004015119742825634,0.004593616091183357,0.01386005064613442,0.00548207686499327,0.0003093119347677197,0.0030236772731654646,0.0018887254824177806,0.0017443664217269863,0.0013862405840029474,0.006346491447829319,0.0004894033590152824],[0.04898578887771218,0.22691597975969464,0.2895806694693687,0.22473262779541004,0.24245976676067397,1.0,0.14085468079758374,0.2315912249673825,0.11981564138100086,0.154753731803537,0.14906046204341598,0.23035394591863415,0.7874000590727033,0.7237658473995002,0.12539493820014517,0.0674146743025997,0.2249100885329156,0.19977954224503326,0.0553453670046478,0.6473012581934211,0.028110510521834929,0.17313939389351552,0.06351447375681306,0.0032949709094598274,0.0004972202130564399,0.001801026365682927,0.0020971558323652388,0.00016238799221272637,0.0002552358010194784,0.0004791847266048289,0.0017618095911397778,0.007013958044902603,0.00046474975192514284,0.0003718177506351716,0.002668899995470524,0.0026595858908070176,0.0020817630455057789,0.0012218721587433837,0.0061913270384535358,0.00037815428620664867,0.0030917809819877705,0.0008731204229197909,0.0006993617805871778,0.0011646264107771918,0.0037379942018931678,0.0003116596626888174,0.00412406859821225,0.0012941648337128269,0.004757174089837443,0.004996246175986161,0.0034103376237764177,0.011897744634113453,0.0002822502876962851,0.0036029620496375229,0.002873365917326983,0.0059185220405304299,0.0017576642935418495,0.006660207994641483,0.00244644959627059,0.0006747651282498341,0.0007883540405931684,0.00791090536159546,0.0007033388641766254,0.006427939104752697,0.0010488742972117275,0.0028021993656657466,0.0010952335545866522,0.0014342100552312196,0.004274223914842503,0.00566153328689162,0.008278488748250199,0.03946512569410824,0.010451070452742306,0.007756880737845676,0.0030590239600433884,0.027641909541126137,0.019486245220428547,0.007419426199468535,0.0039073699672844959,0.007216196025678706,0.001511208324202584,0.012548093638836742,0.012392836167544936,0.03599675041859981,0.01711394375159763,0.0009300881255990732,0.009392806790380713,0.005810280692248719,0.006187018658379985,0.004134120444557047,0.014707651882617934,0.001145596063177136],[0.3313061230623886,0.036565516260393917,0.23597319899299896,0.2687608370423338,0.36358058122808459,0.14085468079758374,1.0,0.5336053088797765,0.6148974071480514,0.1499779265415849,0.15883649482695939,0.4934497484756761,0.17886068470217884,0.13275536331624852,0.8842198023861577,0.42865945500555616,0.28337475235765238,0.42241613745132719,0.1523174915297583,0.12916534964223096,0.15982153430288582,0.31269251039618825,0.2102550247244171,0.00211845732404113,0.0005642573743823732,0.0010531542667811915,0.0013321783851911887,0.00013792763217948016,0.00019344457107762,0.0004994460573591859,0.0013404700002324336,0.004440230401739795,0.0004454636192194031,0.0004742172456841004,0.0020181686185014727,0.0014122549547412767,0.0013566575364034992,0.0008040270063687675,0.0037775226595281507,0.00037685346863021977,0.00212542623131238,0.0004891225791734299,0.0009083559199160086,0.0005522808731891369,0.0027419203568584129,0.00023560360062666247,0.003597634949759487,0.002256229975201519,0.004205576819135494,0.013406730061297272,0.0036912213015150628,0.00795092655222617,0.00037512185272155067,0.006428361783524232,0.002187152791420997,0.0036390178751192394,0.0017635588372879237,0.012587521439844358,0.003490066526845566,0.001074863021599419,0.0013426500527080304,0.007079073673448371,0.002266783540820409,0.014599551839911197,0.00231620342528206,0.004212669939440391,0.002939223746381746,0.002013955806541063,0.00718589885044791,0.002541913279274843,0.0028439107327598224,0.009310432089212725,0.004785335269128779,0.0026706236429807456,0.001643454766980509,0.023602370257886683,0.012109266036440999,0.0027582141133299638,0.0015564593609590896,0.0060070156083602169,0.0004192228474526988,0.004802719461904552,0.006306721378190549,0.0186798052920838,0.006494688085930608,0.00040764710535216945,0.0036722180413460657,0.0023474175476624517,0.0018281893021835153,0.0017922532190604987,0.009751655685511228,0.0007982681464227596],[0.1779460548486574,0.05482394870717596,0.43805888929073868,0.2548719723506605,0.3502589428555124,0.2315912249673825,0.5336053088797765,1.0,0.3573407169304274,0.2560824888684276,0.14069455473974755,0.46603401442247108,0.2925365772848302,0.23254035410803756,0.47287488414046477,0.290148952971938,0.2671501742424188,0.6921863882358779,0.17803255782093345,0.23011578256250773,0.11973918990528562,0.49657705809744998,0.22805885756307837,0.0034727983104600767,0.0007971509345042648,0.0017506478715284197,0.002181264985403999,0.0002086092752416132,0.0003011718130264698,0.0007216434084078153,0.0021101859045740114,0.0073542654886876259,0.0006575715296070108,0.0006471838553309629,0.003192590082004044,0.0023957030707525276,0.0022098309027644088,0.0013022323577326376,0.006291921104411159,0.0005500865279513034,0.003435506934848916,0.000816294291513409,0.0012387666656868506,0.0009509378025664187,0.00437997454145329,0.0003673821436766365,0.0055354354467648139,0.0028271058961078677,0.006461751132611949,0.014625164737856389,0.005373827223021736,0.013120102171637836,0.0005049992366620207,0.008091031301197425,0.003457273239792371,0.006049752520759951,0.002599574845469725,0.015697122827208089,0.004686707172593758,0.0013782502139823355,0.0016875472555814007,0.010921113443513715,0.00224456747194137,0.017053833390517586,0.0026709273099683038,0.005577972487757064,0.0031498983800652515,0.002701611365280285,0.009242906604435199,0.004454592098302333,0.005171099610453762,0.017440442173887038,0.008401527703330253,0.00485332741355902,0.0027848079311659789,0.03770415590178538,0.020399588984428557,0.004967225991709239,0.002768688119779341,0.009407523613334662,0.0007743976549881035,0.008646882767623588,0.010915433670591793,0.0327065727896754,0.011731041374477527,0.0007103192267755633,0.006581550730406414,0.004176731169529076,0.003369646094595602,0.003150920554327134,0.01616562049279734,0.0012768988959126148],[0.3968294585785942,0.03560924979348701,0.15699826692738487,0.33461060966890068,0.4200143443883656,0.11981564138100086,0.6148974071480514,0.3573407169304274,1.0,0.0942631586846826,0.21879834165485963,0.5133582770310443,0.15082419667845949,0.1056962977942468,0.6487468765328145,0.32442675999811268,0.3514977083594992,0.26645090135324447,0.09601181452487272,0.10072820143480209,0.12283624913489907,0.1944950963327623,0.1340302813649014,0.001310322678412647,0.00034894563405524985,0.0006531160625268177,0.0008237034265088089,0.00008482919438418665,0.0001189771881086494,0.00030805752298118986,0.0008250284840157896,0.002752789689900278,0.00027426780071454775,0.00029489529204236283,0.0012426544141163493,0.0008807207767244067,0.000838117993061467,0.0004962332202933112,0.0023447655642898498,0.00023223413821728853,0.0013117210219041219,0.0003035562967918375,0.0005647155968727476,0.00034616930405961756,0.0016899113548202998,0.0001449161276808329,0.0022123993762456718,0.001428152557338986,0.0025862174141867719,0.008826819557211995,0.002273793754986599,0.0049268645985897688,0.00023391221136583759,0.004056271071536011,0.001346644179149637,0.002257755183420594,0.0010856339629501484,0.007947452174462869,0.0021733119799060885,0.0006770158125405735,0.0008498344468310189,0.004353928713812223,0.001569905756177569,0.009383790440492835,0.0015041773078877724,0.002629827703739303,0.001961792950897464,0.001255085011637276,0.004509818018500449,0.0016069118423616179,0.001848019625608927,0.00647139357644726,0.0030287408733710109,0.001734399750049943,0.001024595474555586,0.014560501403814009,0.007543670088916371,0.001775889372054926,0.0009926610970338319,0.0036969773555186639,0.00027852511572405806,0.003091750397801608,0.003964806460433888,0.011814619284676078,0.004192935389396621,0.00025684517124127345,0.0023552112319307429,0.0014974854362885466,0.00120948692878087,0.0011348525908438763,0.006049379294506133,0.0004919348898697598],[0.05719473347040059,0.0384566104860628,0.4949212126949106,0.07344987576983066,0.09781633376087462,0.154753731803537,0.1499779265415849,0.2560824888684276,0.0942631586846826,1.0,0.04072023765824384,0.12375706902847324,0.1738845162841914,0.19835821064253654,0.13594481335033518,0.13046278491833253,0.07629737149399039,0.35373150598469246,0.2753522753810217,0.21544825474236135,0.08489830338105649,0.4752914055843302,0.2590787156151486,0.013545417105900983,0.002793518595172693,0.006836073041438809,0.008507745938565166,0.0007843083655072786,0.0011537173203692534,0.002593320658255464,0.008108991523630162,0.028713993545657465,0.002414463187532271,0.002178474954081791,0.012290966298167231,0.00932163580956604,0.008610034083094192,0.0050680083116605499,0.024569460962950326,0.0019997072187259619,0.013351622970583703,0.003186557504997751,0.004142869629024644,0.0036722688844150897,0.016935025947886149,0.0014082438069736453,0.020872164780542669,0.008251633552411318,0.024316032172227124,0.031089506337448979,0.01918816057260571,0.05119415235455209,0.001673490328739731,0.023155631813879308,0.013302015126033872,0.02362422076343775,0.009465823582086197,0.043029886502048957,0.015073875554553997,0.004220975471017871,0.004996530089756172,0.04109680830731203,0.0042816355001008888,0.04111609159890346,0.0067751701656433549,0.01750545298845527,0.006941191403654361,0.008753935044098448,0.027323118166222964,0.016943145388784717,0.018274230626611443,0.047497492277084659,0.03187912550440735,0.017185990818628775,0.010840210269514131,0.14444840739057125,0.07959588506291807,0.018034151991305169,0.010315892202020508,0.035858842190151837,0.0025844370835077258,0.03136014349814704,0.042024724167662227,0.1244104108169214,0.04212936580197347,0.002717727438823886,0.024141284793538516,0.015548670358388792,0.011295807750073314,0.011940179142528675,0.0631078614087556,0.004948517810519697],[0.10177892112656162,0.08830856170771101,0.0810181482712657,0.5503460696418203,0.4016305680678643,0.14906046204341598,0.15883649482695939,0.14069455473974755,0.21879834165485963,0.04072023765824384,1.0,0.2966852652977487,0.1668104852753882,0.11125741606392224,0.1547777526335361,0.07187843527272393,0.5262797489293112,0.09761816312648722,0.025944278751292024,0.10055641797351113,0.02693246965824725,0.07062717051126477,0.034728870096226879,0.0005928031208561101,0.00011535960741397324,0.000310513337558432,0.0003735491884656596,0.00003211160948415015,0.00004804799834090149,0.00010600318816041942,0.000337813307897439,0.0012678660779306777,0.00009832089330630934,0.00009218923622757123,0.0005128907517115023,0.00044524284004996724,0.0003745345775271103,0.00021949970849991058,0.0011008378196641182,0.00008151108247429782,0.0005711961705011143,0.00014739692629984642,0.00017625230302856744,0.00018716280519850338,0.0007119422111919484,0.00005868306103430327,0.0008529838435521218,0.0003981550167972073,0.0009927491657053655,0.002175772377409562,0.0007874272430811299,0.002221282019637395,0.00007163255081729124,0.0011396133573239097,0.0005543545891474016,0.0010547611162974593,0.0003859552667804076,0.0022147995351480375,0.0006626544030888489,0.00019392399524913623,0.0002375635536112003,0.001676715141965967,0.0003600608188149719,0.0024506220409889845,0.00038456131459820643,0.0007864969017688756,0.00047287437726514076,0.00038215924361599687,0.0013004343440932959,0.0009080242199969486,0.0012571750069750978,0.0058966514792537188,0.001697993327411539,0.0011778881907998712,0.0005148330048983847,0.0059244905737126508,0.0035707957137682008,0.0011413493129391886,0.0006066864443099295,0.001473173268756585,0.00022536904528167595,0.0019512960869318218,0.0020870692136898186,0.006256764360829963,0.0026658502887201786,0.0001462773333685063,0.0014631244522672995,0.0009077638372428252,0.0009238655845565614,0.000655011740522702,0.00274984544575816,0.00021052909491437165],[0.20449006763028752,0.06865730924812058,0.23268428159022068,0.5280812176474647,0.7275792185357025,0.23035394591863415,0.4934497484756761,0.46603401442247108,0.5133582770310443,0.12375706902847324,0.2966852652977487,1.0,0.2880510204271189,0.19738918334019,0.45875524333022085,0.2116126922243421,0.5560061299255685,0.3226596249110481,0.08739939727185421,0.18576789942869854,0.07887841099741976,0.23148102636305946,0.11632807049297348,0.0016860214841211857,0.0003715721225217386,0.0008592509567609258,0.001059209501184882,0.00009819659529433381,0.00014302321965632009,0.0003368624282776755,0.0010044928878144549,0.0035876308586905087,0.0003078105205215204,0.0003017868556622836,0.0015219053918730916,0.0011948068693210667,0.0010696724225325546,0.0006288339234527812,0.0030830447155349098,0.00025709274699365546,0.0016544006299606112,0.0004024277330946684,0.0005777280794306065,0.0004824716879656979,0.002095831913901606,0.00017454176741866093,0.0026110010322098464,0.0013362343645567318,0.0030460859485843974,0.007286149086682651,0.002508623584614524,0.00637250480214256,0.0002356959885333387,0.003824393589577428,0.0016473502747511083,0.0029606686971218366,0.0012158170246141859,0.007444362711505933,0.0021894213636050195,0.0006478669451467881,0.0007967184609246283,0.005150051844422124,0.0011741497652596727,0.008258467581584672,0.0012954588423557809,0.0026104824038743446,0.0015779869483807162,0.001261913558146742,0.004348815850056239,0.0022985555085078886,0.0028494155829153825,0.011077667352667083,0.004333999668459928,0.0026715403719970059,0.0013869226178552222,0.017935097321430627,0.010036304269307716,0.0026791716051215725,0.001463476810151424,0.004458802379601568,0.0004518570120690064,0.004647808640452497,0.005525807417795774,0.016668305926335355,0.006335802688821516,0.0003657566222200341,0.0035120008264863408,0.00220512027337278,0.0019379544302455749,0.0016351070231708076,0.007869051310377101,0.0006125897481605014],[0.06199226209153828,0.18392177383324427,0.3378166518115729,0.2642070872282228,0.2953533651736081,0.7874000590727033,0.17886068470217884,0.2925365772848302,0.15082419667845949,0.1738845162841914,0.1668104852753882,0.2880510204271189,1.0,0.6599681589332007,0.15919353800142176,0.08536559437256643,0.2661355541468777,0.2477987459838178,0.06649963261952152,0.6011976018170687,0.03529488796320017,0.20981997871413736,0.07760077380852888,0.0032547576224213725,0.0005227163461463463,0.0017513380397353809,0.002063166590813661,0.0001642090205897644,0.00025476811929061146,0.000498550247052519,0.001772518971233512,0.0069499023037699809,0.00047856498092168476,0.00039596058570339073,0.0026889852226008959,0.002558067610517641,0.0020547980955210999,0.0012045408821487695,0.006098892219371586,0.0003909792023146802,0.003079691065155415,0.0008416678483460329,0.0007480471230579478,0.0010991476246971337,0.003759121631195822,0.000311174945015924,0.004242388301859921,0.001435433694126374,0.004906709842108442,0.005840203190977597,0.0035978093040089024,0.0119299181645211,0.00030177812376160665,0.0040275892743148748,0.002898667956625917,0.005834237493034041,0.0018303481835931918,0.007522909111670217,0.0026608712653791667,0.0007389043060135275,0.0008703689880566786,0.008205059094988967,0.000831152912728297,0.007399887032923117,0.00119292605632421,0.003068487690357019,0.0012718153638522239,0.0015528203123828773,0.004751873455013026,0.0053442375818367388,0.007536388191122852,0.034224359555253238,0.009936150742652325,0.007061086376624604,0.0029490885217629545,0.02892647822421101,0.019454794047072525,0.006828599504855052,0.0036190279214590979,0.007410861816690738,0.0013238050317963587,0.011641062674363948,0.011977042431489255,0.03534384307125976,0.015898492845030554,0.0008677473538354888,0.008722136815882952,0.005404155154842275,0.005498467413134029,0.003876158097644229,0.014764648309557326,0.0011374024434327077],[0.04468869746636284,0.1914659987935927,0.34860152281069026,0.1743685264001766,0.19660273289810888,0.7237658473995002,0.13275536331624852,0.23254035410803756,0.1056962977942468,0.19835821064253654,0.11125741606392224,0.19738918334019,0.6599681589332007,1.0,0.11761492766982725,0.06781533293972952,0.17567786961013719,0.21605226255957989,0.0654981440994692,0.8942849236649672,0.029821390351849033,0.1986071885142672,0.07262200050302879,0.0045512245997217019,0.0006768724325427811,0.0024881012050320557,0.0028973119432022826,0.0002237120335409437,0.00035228617614820637,0.0006549716143417941,0.002428684011362016,0.009685437115861064,0.0006373910967164918,0.0005032011876485662,0.0036779930797156336,0.0036713826707375615,0.00287564736387093,0.0016879648255408774,0.008552809672272332,0.0005180013874523927,0.004267595426205107,0.001205473221167221,0.0009441216513719002,0.0016025148101030925,0.005152646107921395,0.00043014671450131706,0.0056545250020846979,0.0017051526204265114,0.006516796507561692,0.006224880160127521,0.004631816311844288,0.01640417311196578,0.0003812370347819725,0.0047119783475555519,0.0039588123468377689,0.00817569583876126,0.0024007739333995316,0.008620804891861236,0.003267750543125287,0.0008979217373865186,0.0010427978120543609,0.010813856076610501,0.000865500855601732,0.008156367505887398,0.0013514699138449805,0.003725357132137848,0.001378942986023931,0.001921953161392396,0.005614620151680037,0.007792188769281797,0.01125161916360728,0.051854759941517707,0.014406193213655968,0.010542180731544518,0.004223775597826346,0.03760924603364137,0.026880569120145475,0.010132512271500329,0.005348181934990253,0.00989684831980737,0.00200299168337202,0.017189573666341497,0.017116713729571559,0.049726963045426,0.02345732973432392,0.001275841438220135,0.012870255699478825,0.007964739454127255,0.008291372929691447,0.005680195220590862,0.0202732118238321,0.0015818873826661147],[0.3746680757261933,0.0329820556614155,0.2100065788032611,0.25606297284564979,0.342275734836716,0.12539493820014517,0.8842198023861577,0.47287488414046477,0.6487468765328145,0.13594481335033518,0.1547777526335361,0.45875524333022085,0.15919353800142176,0.11761492766982725,1.0,0.45711800527098897,0.26992855450346805,0.38059478333369609,0.14791916187515889,0.11432363245234416,0.16970205023370667,0.2848280454032233,0.20606706265266595,0.0019502789153501032,0.000536803343059143,0.0009668380790794251,0.0012270600862580987,0.00012942048759138016,0.00018034495926308073,0.0004729439747953646,0.0012454951900465225,0.004076349779571402,0.0004199457070118639,0.0004544483498407663,0.0018726831051784452,0.0012902599487643618,0.0012510551205090562,0.0007425813257579688,0.003463957388030873,0.0003561462533941211,0.0019628337036365348,0.0004487585618579462,0.000870211187449536,0.0005029471236819152,0.002538309337982754,0.00021955657712586412,0.0033567378743770105,0.002197084312590232,0.003924561187475623,0.013377685602052351,0.0034842027345106526,0.007301901703935439,0.0003605539729438322,0.006245097491525373,0.0020297090703996986,0.0033384574148371214,0.0016614917861841816,0.012235195315194396,0.0033496099049727526,0.0010426166310208378,0.0013073685408865326,0.006596691258806911,0.0023122981618038968,0.0143702750888905,0.002293101856130757,0.004053698539339151,0.0029513342766090296,0.0019345238304059973,0.006949503840203174,0.0023037189999147078,0.0025524513141501399,0.008261545311893161,0.004333802069565159,0.002397336176400252,0.0015017798908231726,0.021795920916404516,0.011065588667803772,0.002482198743811514,0.0014055037702137238,0.005580918859315461,0.00037450090731408145,0.004321707044233512,0.0057304713757436319,0.01691372815644302,0.005838538920429896,0.00037017510869790396,0.0033087079048965126,0.002119359856312697,0.0016341496287822625,0.001623213528750475,0.008944859996272053,0.0007393162304130846],[0.38648752657018817,0.01641471242886674,0.15548146120226975,0.11709245092695142,0.15668580587524087,0.0674146743025997,0.42865945500555616,0.290148952971938,0.32442675999811268,0.13046278491833253,0.07187843527272393,0.2116126922243421,0.08536559437256643,0.06781533293972952,0.45711800527098897,1.0,0.123424513038613,0.29581468228889976,0.23578703138841923,0.06766354247234148,0.37123763462139405,0.26022750074640457,0.3351062669969364,0.002424125737779775,0.0008454458745236451,0.001179859801571647,0.001537361299067314,0.0001881562620881509,0.00025048293746645234,0.0007249619587616256,0.001670676784131631,0.0049131774014136279,0.000626394402928086,0.0007461772214814837,0.0024793421380361958,0.0015051085512521638,0.0015821611311479184,0.000954146918227592,0.004140562731135928,0.0005399531233143749,0.002502874556350304,0.0005473077094138807,0.0014223652669205613,0.0005726506031735805,0.0032920103810638696,0.00030378055507222914,0.004605257233939374,0.003882736736051712,0.005381840404159369,0.02589640944432656,0.0051693887648707578,0.008764243471275699,0.0006019615114902573,0.010839099056387414,0.0026877260361936915,0.004007882956769897,0.0024492921019083535,0.021156554919172674,0.005485763220326125,0.0018150816809298734,0.00231537232278984,0.008901456386778043,0.004817782172712234,0.026306382761853737,0.004348740309894461,0.006723355102222163,0.005879792576795876,0.003194220872959974,0.011779953945594599,0.002471095524221064,0.0024419069584425757,0.00644164530887063,0.004583884376142458,0.002299983727872718,0.0017529296898729759,0.026870642830045915,0.012624703798051555,0.0024573337059759366,0.001455341345770427,0.007379704145514933,0.00033961496777036614,0.004249638579786375,0.006249810604743739,0.017485180705431218,0.005652685780632125,0.00041043463023104844,0.0033139137854095118,0.0021825224962735958,0.001482005226491249,0.0017340228083581936,0.010593114666413235,0.0009709534156256849],[0.14515442957621883,0.09078009406109987,0.15024331064983413,0.9484286446130599,0.760994044270994,0.2249100885329156,0.28337475235765238,0.2671501742424188,0.3514977083594992,0.07629737149399039,0.5262797489293112,0.5560061299255685,0.2661355541468777,0.17567786961013719,0.26992855450346805,0.123424513038613,1.0,0.18545798454192556,0.04876112316638026,0.1608545444308466,0.04582240822784716,0.1341872480199094,0.06469272316111022,0.001080009332147582,0.00021825235648267806,0.0005597437721949827,0.0006795400958672887,0.00005987249784660494,0.00008880762426946939,0.00019990606075273782,0.0006247222728217387,0.002307545105480597,0.00018467047215002104,0.00017494342408478345,0.0009480829422807908,0.0007936368222048992,0.0006830965520280197,0.000400620392907524,0.0019958297604188337,0.00015340710241222,0.001047300766852638,0.0002641919097298883,0.00033454240177853607,0.0003280934324035468,0.0013128551251226483,0.0001084434387536627,0.0015928736367309029,0.0007553960655845336,0.001855355857021721,0.0040529770989781968,0.001486565604629919,0.004065134117446189,0.00013602478563211305,0.0021620147996235289,0.0010252786561203644,0.001913748147664794,0.0007264140950209558,0.0041980782924942289,0.0012589089324021926,0.00036835398754213214,0.00045084784862255085,0.003135595310683278,0.0006544874758582656,0.004614457850090078,0.0007232632187608367,0.0014944448966404925,0.0008774388270073873,0.0007259817003163179,0.0024695588432600285,0.0015836515434022375,0.002096822640699886,0.009119862702807994,0.0029746101907827417,0.0019648301347179868,0.0009191956198288994,0.011045083479301679,0.006493403721981006,0.001931310724490744,0.0010369144226375104,0.0027425606766443265,0.00035497294657535337,0.003326105341298477,0.003709688152371867,0.011175818453234975,0.00454394285238863,0.0002532155461045851,0.002500075740470024,0.001557115908189972,0.0014892909003588697,0.0011353924599759229,0.005029611461862594,0.0003863573143363331],[0.15129290322539933,0.04558370963176635,0.5225503578467019,0.17707854235601476,0.24286341221853895,0.19977954224503326,0.42241613745132719,0.6921863882358779,0.26645090135324447,0.35373150598469246,0.09761816312648722,0.3226596249110481,0.2477987459838178,0.21605226255957989,0.38059478333369609,0.29581468228889976,0.18545798454192556,1.0,0.2479706978576799,0.21968197706758586,0.1380244783161236,0.7155733546790212,0.3065964794608308,0.004868666548913692,0.00115061830318812,0.0024388308625751229,0.0030587770854939488,0.0002987683396387578,0.0004287815291897226,0.0010399899876024127,0.002997823260535799,0.010269572755259924,0.0009454713509918906,0.0009349836279683332,0.004530321205277683,0.003303382645774929,0.003105122919415735,0.001833250147698446,0.00876246099307194,0.0007919270166049345,0.004842032200523882,0.0011347673254612798,0.0017896415244272495,0.0012990142180296985,0.006198291342798364,0.0005228745403060371,0.007910967598092912,0.004063737177134496,0.009238366883147822,0.02042862437892445,0.0077432347455443808,0.018359069072131728,0.0007295061525176424,0.01162721583029369,0.0049071746326645689,0.008432515482851042,0.0037398431140983404,0.022514984850990163,0.006768636647625146,0.0019860489882252655,0.002427148072336685,0.015606310795056885,0.0030643570243828164,0.024190194076887475,0.0037913669277418909,0.008050992432734505,0.004396865061495525,0.003901895861318057,0.013310530707570259,0.006008903254652002,0.006702401706109559,0.020656580795431674,0.011317062505403004,0.00629575925599024,0.0038425275340397,0.05346538667762763,0.028270952134254496,0.006521429288762095,0.003684652852630253,0.013394731225519041,0.0009765611366989491,0.011354585145003272,0.014868953459860897,0.04417480853360332,0.015340164150200564,0.0009621731476336477,0.008689175586665545,0.005557120111802917,0.004266310194686011,0.0042387869447088459,0.02257852788962,0.0018051451319765222],[0.0912045191044718,0.012668936022609497,0.18787840045004076,0.04638384495531294,0.06406598589167302,0.0553453670046478,0.1523174915297583,0.17803255782093345,0.09601181452487272,0.2753522753810217,0.025944278751292024,0.08739939727185421,0.06649963261952152,0.0654981440994692,0.14791916187515889,0.23578703138841923,0.04876112316638026,0.2479706978576799,1.0,0.06925537030587066,0.2573274889770063,0.31593593118425747,0.702892806513279,0.009843851341223308,0.0035223186815959534,0.004762587930451447,0.006284570384339654,0.0007975802423476631,0.0010605521807725777,0.003048105481681154,0.007011903824546526,0.019460180352268026,0.0026489502582232209,0.0030415147801273387,0.010353094736258799,0.005894592554855012,0.0064961907849454179,0.003952235376280575,0.016337650043413165,0.002276077072929317,0.010293806601823256,0.0022165163979534889,0.005817521615254318,0.0022199091950762378,0.013623413169833277,0.0012855163228690434,0.019395495984928215,0.01481265586141702,0.022654443242813524,0.08213138735499459,0.021903362771970217,0.03433821109017459,0.0024252653392322005,0.04218617079327177,0.011220977511584484,0.015866883874743347,0.010379621912447139,0.08262540538177604,0.022444339681116873,0.007046980767900402,0.008814811207133174,0.03721943613215523,0.012294473462266063,0.09442269686364204,0.014821937349029813,0.02727613267988123,0.01768292713264493,0.012988824543982409,0.04696443564913753,0.008978518692274,0.007842432008417317,0.014842014281782786,0.016241644729180338,0.0074216694420465149,0.006859372436796479,0.10483812392132117,0.04701232164339893,0.008213544884253606,0.005149469464930784,0.030653369438708446,0.0010572809415035126,0.013913089672307963,0.02268063100227423,0.05770988620598334,0.01800800800791752,0.001563062906014287,0.01115131135413298,0.007631048325881465,0.0045010488324918299,0.006308244670305679,0.04093040244401537,0.004053986729557249],[0.043178128572735358,0.17806772149296302,0.3672494664181024,0.15934143458641907,0.18194925888567976,0.6473012581934211,0.12916534964223096,0.23011578256250773,0.10072820143480209,0.21544825474236135,0.10055641797351113,0.18576789942869854,0.6011976018170687,0.8942849236649672,0.11432363245234416,0.06766354247234148,0.1608545444308466,0.21968197706758586,0.06925537030587066,1.0,0.030375189619051076,0.20656847228313825,0.07580968526949661,0.005089232959798033,0.0007538217374912868,0.0027814288636858889,0.0032397438268736125,0.00025003098193676675,0.00039389650057110396,0.0007303582810114417,0.0027148062360849544,0.010830151770164784,0.0007114816767105618,0.0005593606124646251,0.004110972230351034,0.004102090153064542,0.003215579842469391,0.0018874883046519284,0.009563816029043063,0.000578007657365417,0.004771685016396693,0.0013470255175922226,0.0010485995708641283,0.0017876462164204063,0.005759582064942693,0.00048094991111469383,0.006310976763319551,0.0018783495702917246,0.007271332342856894,0.0067225372733757,0.005154020004097374,0.01833725775136586,0.00042352084573866994,0.005176290311012189,0.004424575902773821,0.009142145053095782,0.002676409342462098,0.009434475321713499,0.00361610174679238,0.0009925378380102293,0.001150328774540404,0.012057466916269975,0.000931340746043308,0.00886417882511318,0.0014774511993673726,0.004115818979532615,0.001495472080175625,0.0021293129251753444,0.00617706008718264,0.008693051667298065,0.01248261439738087,0.05668761492862502,0.016083440044243444,0.01169543301782928,0.004719944697402225,0.0418637399380889,0.030051682648993457,0.011264339728920124,0.00595170068356561,0.011046491607915215,0.002200211601744131,0.019134672320108363,0.019131053313000844,0.05560505043657904,0.026117354578610437,0.0014212660654165865,0.014328521501968436,0.008869163710662383,0.009145464553456988,0.006331908894086213,0.02266071909226576,0.0017688462410235407],[0.19939070456450665,0.006564742034209666,0.07814930789247113,0.04347267791985191,0.05822358024895893,0.028110510521834929,0.15982153430288582,0.11973918990528562,0.12283624913489907,0.08489830338105649,0.02693246965824725,0.07887841099741976,0.03529488796320017,0.029821390351849033,0.16970205023370667,0.37123763462139405,0.04582240822784716,0.1380244783161236,0.2573274889770063,0.030375189619051076,1.0,0.14067413617834033,0.3210231815463326,0.0028002715219436048,0.0013847965723336514,0.001350355011143722,0.0018129758116820542,0.00028021897798748754,0.00034928380463008265,0.0011446316418967046,0.0021578899686624608,0.005344194239458132,0.0009533841414135551,0.0013002478918253762,0.0031186359901353279,0.0016153942024278237,0.0018883090960662459,0.0011745620011269802,0.004477194658881185,0.0008425425541228118,0.002990280713409034,0.0006341245974773501,0.0024412420503351105,0.0006059489254418803,0.003997630634846548,0.00042044412625266947,0.005990629791960079,0.007382908840111232,0.006964600574134645,0.05502830292319052,0.007497172433103585,0.009293430815619283,0.0010773553452604322,0.019575050612016657,0.0033751951961523316,0.004362756737877796,0.0035831102367514758,0.037104940844975339,0.009206283655939587,0.003411543597834074,0.004452637703402077,0.011071823560048497,0.01195585767926008,0.050464279785988577,0.009237883257801373,0.011446918978963194,0.01350340199467994,0.005490994946931131,0.020426752113403048,0.0023540229562363029,0.002018114970255