{"name":"DynamicObjectArray","generic":13,"parameters":{"array":[{"name":"MatrixSerializable","generic":11,"parameters":{"name":"K_train_train","value":[[1.0,0.00011497674767363156,0.04195395173631556,0.1423431884011894,0.20365751526798724,0.010579821082872249,0.543245012641424,0.22536985938142033,0.6523866976820179,0.0166807465872718,0.0734975350167993,0.28375080890673706,0.020936246440911224,0.007987002616480993,0.6176199668374769,0.6364349186438995,0.15530456579981834,0.1680847325240332,0.056859253447248837,0.007173185198658801,0.27251531861280656,0.10491001284705585,0.12389168864505577,2.97852055173727e-11,1.1639527242530189e-14,1.5602957221224476e-13,1.1120434523564802e-12,1.967452478825928e-20,2.815307619506237e-19,3.1942212492098264e-15,1.941391559941089e-12,3.321742114606987e-9,9.22096698520653e-16,4.735586141677965e-15,3.286894042127024e-11,1.0639730280667765e-12,1.3609948947567029e-12,2.792733138523465e-14,1.135688128409713e-9,2.7121663935472369e-16,3.61571075888098e-11,3.170413913043445e-16,7.101624865825709e-13,5.345883459655644e-16,2.2988500114873458e-10,1.6431143902453705e-18,1.9807780712547179e-9,9.762173260811523e-10,5.250326610331296e-9,0.00004304511132824132,4.153564691374001e-9,1.0579080113104067e-7,8.578852834454291e-16,3.962989847724112e-7,5.7409428931884088e-11,9.146648991220057e-10,3.031004060717944e-11,0.00001165003717293875,6.823191789700236e-9,5.221994698080065e-12,3.127905507935683e-11,1.0409657206223839e-7,1.2728968898030812e-8,0.000037038045916371728,2.8360806733589795e-9,2.3805219851721809e-8,2.5223166267162498e-8,2.2014673040659249e-10,5.840411930145189e-7,4.5183367120090638e-11,5.89777553503319e-11,6.224484071501829e-8,2.770640195584948e-9,3.8611824734735888e-11,3.262636334678719e-12,0.000031900570632214318,8.471208691604635e-7,5.487399823488002e-11,1.1187619298181686e-12,3.565412531172519e-8,1.3976730099744863e-17,2.0978834030562196e-9,1.734795726466566e-8,0.000005408104367892505,1.2862203581996826e-8,3.314535989103993e-17,3.973840078221324e-10,2.12811696769421e-11,2.0794276859776044e-12,3.704272395172955e-12,3.105672079667801e-7,3.147154689247809e-14],[0.00011497674767363156,1.0,0.026137024595626013,0.06053282676733621,0.04569510697261602,0.33290279871246666,0.004196177484343911,0.014764520398840704,0.0038425761752356967,0.00495175107810626,0.05260384779526122,0.027666772699969149,0.2384635290337526,0.25505426589766497,0.0029671271782159057,0.00021512042411801858,0.056227077931461238,0.008493070669807215,0.00007174855292750296,0.22563587719146903,0.000003270559701646704,0.0053335025938569548,0.00012506606751350088,4.4818245905526096e-10,3.8095441469239048e-17,1.3548311303631325e-11,2.5707048569433328e-11,6.925202105731173e-21,8.19478834656262e-19,4.0088289644317678e-17,3.598430752757129e-12,3.914329557333514e-8,4.508338544946872e-17,1.8914273765694868e-18,6.101060355333632e-11,2.70791472837695e-10,2.1856950999949414e-11,5.135017097093203e-13,2.253044749631563e-8,6.441416458520025e-18,2.2931899006324279e-10,9.88574759980835e-14,3.879767760913146e-16,1.9842911288727858e-12,5.855257863860692e-10,4.8084799459275288e-18,5.832792249024029e-10,2.0783182537179797e-14,1.342564002307546e-9,1.4848594996176053e-10,8.683104944759206e-11,5.143091762090112e-7,1.3360323227395237e-19,3.3663079344006238e-11,9.617183364284336e-11,1.7025623428302623e-8,1.198727970958114e-12,1.6088725845918616e-9,4.049224342765202e-12,1.4153500249595499e-16,4.1787510870585077e-16,2.5075518609229406e-8,3.5354959191276126e-17,9.558962833437602e-10,2.139446631095705e-15,9.069155234938915e-12,2.0068603682140565e-15,8.621136715588184e-14,1.197754505566383e-10,4.814423471378699e-8,0.0000011468929854398535,0.0025655281692237837,0.0000010134717856442537,8.289830427781373e-7,6.130283975181561e-10,0.000013687698241201244,0.000006479285155394687,4.6247360346651388e-7,1.0903635525533439e-8,1.8557550588192996e-8,3.301532723315565e-10,0.000004863418883635388,0.0000015415857493659554,0.00012824237651426964,0.000019205869250626378,6.343383657022325e-13,0.000001163732094498312,8.946127649121057e-8,6.03435063316574e-7,9.904733785973224e-9,0.0000014766823118309956,2.4506673796362725e-13],[0.04195395173631556,0.026137024595626013,1.0,0.15517578596319699,0.2522745628128766,0.46395916885645896,0.35252931671087447,0.7113119688068188,0.18013222690261825,0.7808631875732446,0.042519571111277219,0.3454221160231686,0.5549451876703484,0.5739147661543392,0.2958916890669041,0.17691493122156036,0.16588530524001345,0.8100798018299041,0.24715844380410199,0.6054911176177542,0.03881136066502453,0.8393759962225998,0.28659713770582098,0.00000501664008056194,3.905715618843018e-10,1.4935051150086033e-7,4.5482413204042139e-7,4.7420381040990549e-14,1.000335457963067e-12,2.442180592076797e-10,2.963700211704074e-7,0.00015905940525496725,1.568503760600705e-10,7.294164230871809e-11,0.0000026765925980258397,9.203391224220635e-7,4.7247758657240327e-7,2.3090758787559463e-8,0.00008452894022524617,4.2646486203336827e-11,0.0000043865642803416448,1.6152345211928229e-9,4.796732160161075e-9,5.115063006458311e-9,0.000013216216092411679,4.330299039497325e-12,0.00003134462613723865,2.952567545989542e-7,0.00006172726435141923,0.00026169409932206845,0.00001977154790827347,0.0014658334641761357,1.1648231356296278e-11,0.00005120961830315412,0.000003964992841647562,0.00007065663515309219,5.876251541468015e-7,0.0006984573827007053,0.000006270793547092907,5.65186253464431e-9,1.6288734139390296e-8,0.0005395987887157189,1.3472211324201792e-8,0.0006752930292062676,1.1774112849472301e-7,0.000013085216541052507,1.7020156223603305e-7,3.7603011216833908e-7,0.00010264517239066562,0.00002303463029801847,0.00005146226642285239,0.005216600690607621,0.0003536962051217793,0.00003869874855454641,0.0000019951033623097126,0.03266893367923687,0.007002162155338241,0.00004188436995475448,0.000002449966977352968,0.00032585362260499645,1.892436565850934e-9,0.0004315256953790479,0.000916364059816444,0.030943510056842227,0.0013782939916104655,8.702888155819226e-10,0.00014017883691565754,0.000018174605519494988,0.000007161026431611975,0.000004458617398166629,0.0030865956989119477,1.888977453268722e-8],[0.1423431884011894,0.06053282676733621,0.15517578596319699,1.0,0.9491571614076648,0.3281477018946311,0.4218057162850846,0.3928465501009834,0.5492068435264711,0.03307235439026622,0.8366673771475793,0.8155892375219537,0.41238006591318768,0.21756050698388264,0.39535385816786108,0.10025230298369427,0.9985991984508031,0.2234738739824429,0.008960594040475386,0.18512121539841346,0.007327912111426089,0.12143143836129222,0.02044744248721898,5.923892887865346e-11,2.6037707921112135e-16,5.322191454734919e-13,2.217669772055294e-12,2.055975484199543e-21,9.095206082296178e-20,1.2463947767444879e-16,1.1639880645335083e-12,8.146670288922317e-9,6.377043388473028e-17,3.843769969423326e-17,2.3525035821873004e-11,7.010140615228767e-12,2.2957804591830845e-12,3.997900289250555e-14,3.3393732299555309e-9,1.2561671648849742e-17,4.753028544075507e-11,1.4308164882810823e-15,8.726456653834235e-15,8.626703267108067e-15,2.1835236871768134e-10,5.790477101325113e-19,7.6338298756741e-10,4.283722340262654e-12,2.024787694211072e-9,1.9457316968431415e-7,4.761099285881274e-10,2.1870874758517117e-7,4.155006746262398e-18,4.964980378485957e-9,4.0522109744168959e-11,2.564078741193939e-9,3.4041600870390447e-12,2.406577298213549e-7,1.5398334584205044e-10,1.8460473767469319e-14,8.970092504687239e-14,4.87738301444241e-8,1.446803300250128e-12,3.9995270687846689e-7,3.0700857879258666e-12,4.786392893446206e-10,1.2170249388814816e-11,3.273035728881632e-12,1.1248944703309088e-8,7.988238029786581e-10,4.915104314514137e-9,0.000015539358630561204,3.861107040371675e-8,3.27997679504736e-9,1.983383890119886e-11,0.00003303300890222644,0.000002639805521193621,2.9094009925556259e-9,4.805797463331787e-11,2.237636363928164e-8,1.8140068416697699e-14,7.543366986222015e-8,1.3517345771831259e-7,0.00003625243358475474,4.2915849404014335e-7,1.0532969992926574e-15,1.4084540310837182e-8,7.274376536318731e-10,5.743682275120649e-10,8.822654797172914e-11,6.956629599195097e-7,2.979546093116989e-14],[0.20365751526798724,0.04569510697261602,0.2522745628128766,0.9491571614076648,1.0,0.3664730021678075,0.5994016285433531,0.5767841859677275,0.6864313968237639,0.06706917910074192,0.6596307739160922,0.9506851897980888,0.475356090025567,0.2663709854082323,0.5628508448723016,0.1794686581348485,0.9633871438454285,0.36733725914337747,0.02292982081757718,0.23413562491452773,0.01755096808329341,0.219609911051523,0.04773171227840174,3.479947061528077e-10,3.2379129585855485e-15,3.4916870532319493e-12,1.461143943398871e-11,3.204771201243739e-20,1.1713343906787666e-18,1.5315608151991297e-15,8.724238520132042e-12,3.885882205360521e-8,7.692846928316216e-16,5.365594513662516e-16,1.5645505064309364e-10,3.9428934080428918e-11,1.5346847507287469e-11,3.0984679685976676e-13,1.6226416741319749e-8,1.6342173196764189e-16,2.9232898005779437e-10,1.0987689451862534e-14,1.001505812767029e-13,5.475355990579069e-14,1.3064215104565006e-9,7.04111234453126e-18,4.684003687542449e-9,4.0920425485264429e-11,1.1951473591992388e-8,0.0000011114944396127982,3.238815653816977e-9,9.209645860015588e-7,6.371846871017698e-17,3.393150439304583e-8,2.6457205534015478e-10,1.2647996614664453e-8,2.791612622927168e-11,0.0000013375039820910103,1.1974097219272694e-9,2.1797262760965642e-13,1.0071415055041573e-12,2.482679222270811e-7,1.447444372669081e-11,0.000002187522848398033,3.056012563033388e-11,3.5685164575337268e-9,1.137081730101973e-10,3.016227249005055e-11,7.298233129086236e-8,3.396459953417923e-9,1.608605025897964e-8,0.00002966237745354023,1.442863032047221e-7,1.0885105974002281e-8,1.0849098583428293e-10,0.00011494604597501224,0.000009520956026726374,1.0307818388801522e-8,2.042537558765913e-10,1.1518357166554469e-7,6.358062058664353e-14,2.448938392546531e-7,5.100195193805455e-7,0.00010581399079930458,0.0000013006710743956968,6.5942664861958019e-15,4.9196969999303666e-8,2.8725371147917708e-9,1.739076671326193e-9,3.935424271744432e-10,0.000002757856161966503,2.419831981121929e-13],[0.010579821082872249,0.33290279871246666,0.46395916885645896,0.3281477018946311,0.3664730021678075,1.0,0.14648209979814193,0.34305491404952456,0.10529179055186322,0.175374920364698,0.1634134145104135,0.3403723982534125,0.971839123075149,0.9490845821713654,0.11584712000239482,0.02634136520381332,0.32853450460427266,0.27337225286146668,0.015175275499566668,0.9097477543602547,0.0016981681216542697,0.21488362999451528,0.022390655445492938,8.068943479313021e-8,2.730148176246167e-13,2.12945626403366e-9,5.50828370818677e-9,2.934622607815929e-17,1.3700426843797946e-15,2.059860061465699e-13,1.8524354079552442e-9,0.0000045514193392504,1.6296743756799704e-13,2.8692304544630446e-14,2.3665094129466248e-8,2.3179716313705256e-8,5.263482876934763e-9,1.7013767819550294e-10,0.0000024324581478791406,3.27838205744261e-14,5.596906874460842e-8,1.6878122140102453e-11,3.4501619107539193e-12,1.2317561024255143e-10,1.6462222526072053e-7,7.00957927860567e-15,2.8377782742350228e-7,2.4976102285487279e-10,6.153376820043484e-7,7.988736614662237e-7,9.817028469854184e-8,0.000054425299680746098,3.133436242751697e-15,1.3393218288869354e-7,3.6551677161881527e-8,0.0000019323966363046999,1.8249642056856863e-9,0.0000035163390386589537,1.4076054682009838e-8,2.658216723101131e-12,8.178296110321716e-12,0.000008207655343527615,3.5952161348980645e-12,0.000002941426796552546,6.039835628876445e-11,3.1552105276214417e-8,8.1184488981768e-11,4.920070522037898e-10,3.451296571479661e-7,0.0000015373488413347393,0.0000102148021938617,0.005385720819607754,0.000030384057239065755,0.000007461226080969464,5.262482474627356e-8,0.0015989838751338428,0.0004289780248233379,0.000006005054056230791,2.1068391759326228e-7,0.000005238435036977125,6.919478318350204e-10,0.0000688033151247684,0.00006514823648121153,0.003983582625309999,0.00025512689694803873,2.62904877267353e-11,0.000018565040007778358,0.0000017575272619031625,0.0000024238631574518658,2.87595716828339e-7,0.0001361688429716715,1.1018700844343309e-10],[0.543245012641424,0.004196177484343911,0.35252931671087447,0.4218057162850846,0.5994016285433531,0.14648209979814193,1.0,0.8209820170993386,0.8884794428929909,0.16533007922494834,0.184044243342987,0.7792260949222308,0.22737029246652389,0.1302005058816181,0.9924579825507109,0.6985260265756428,0.4515624311693036,0.6898239274643941,0.17023705525225098,0.12314256895853546,0.18614613251621357,0.5087778641848301,0.29643795885786047,5.8622178210796798e-9,7.08801736268892e-13,6.210889866509801e-11,3.0265672563227605e-10,6.967901848300401e-18,1.3306523067025275e-16,2.824470458415818e-13,3.153432372370052e-10,4.2456106198939636e-7,1.1761312929163913e-13,1.9020541552156399e-13,4.343795794666544e-9,4.446886646013784e-10,3.413781537740673e-10,9.411709664027456e-12,1.745816021618121e-7,3.190539844936e-14,5.981932883816278e-9,2.4092695724051778e-13,2.2284551794317716e-11,6.035758654261886e-13,2.7759958480687326e-8,7.043120447902547e-16,1.3282176228648599e-7,8.623423184524536e-9,3.1591217146391797e-7,0.00009172960938323479,1.5342256582406348e-7,0.00000841045766060741,3.0767418460353506e-14,0.0000029424031199732948,7.131388335542736e-9,1.4164232792530008e-7,1.864128752988547e-9,0.000069754524914502,1.1191283739772084e-7,7.141920885583487e-11,3.187507342330794e-10,0.0000047646777048677449,8.872085432164828e-9,0.000131992052744583,1.0114907554283856e-8,3.188379578806776e-7,4.172459798872437e-8,4.28782275535884e-9,0.0000051308214769940499,1.770629007104014e-8,3.441085649187254e-8,0.000017816487390100875,6.350601666235928e-7,2.3755805079631258e-8,1.1889800439133923e-9,0.0008958057496538306,0.00005883662271461007,2.8746858672824923e-8,8.377331486676062e-10,0.000002085026965819802,7.348435781102984e-14,6.474782325304098e-7,0.00000267146419081205,0.00036287835804909424,0.0000030986956001831657,5.908136248468967e-14,1.4904806239273508e-7,1.0969812511892348e-8,2.34046991033674e-9,2.0647239181878956e-9,0.00002210021345002416,8.941522524741685e-12],[0.22536985938142033,0.014764520398840704,0.7113119688068188,0.3928465501009834,0.5767841859677275,0.34305491404952456,0.8209820170993386,1.0,0.5889064322180418,0.39539490761203396,0.1461557930606995,0.7471692315492422,0.46981137307224188,0.3451105596952987,0.7554483165592367,0.4650869297687514,0.4184798597865937,0.9345639617038805,0.22555899090949586,0.3398556865482102,0.1051492687378277,0.782695440460964,0.3353884113598632,1.0881450097469614e-7,8.852632407394316e-12,1.7792252094643913e-9,7.0145823527450409e-9,2.5298145062974285e-16,5.313897662223648e-15,4.330971497309901e-12,5.7226575676226269e-9,0.0000057506118037045719,2.2009115292090502e-12,1.958300011566236e-12,6.733669063930594e-8,1.24064185400089e-8,7.59610883606511e-9,2.6029365692354648e-10,0.000002639847191209301,5.858122590743794e-13,1.0235525350756984e-7,1.048285023544705e-11,1.8653510633157255e-10,3.068298958731702e-11,3.9423509929174376e-7,2.609599385008332e-14,0.0000013678805471485308,3.323519777144275e-8,0.0000030203116360046906,0.00013297337973081243,0.0000011721613634224072,0.0000835482247637014,3.071965622735748e-13,0.000009150152094963899,1.0608730760080487e-7,0.000002161964419337211,2.024057185765655e-8,0.0001788412177009893,5.680713659662146e-7,3.7884541378383709e-10,1.40843469389191e-9,0.00003709963033674758,8.355221485119407e-9,0.000251499729420624,2.3771815138759559e-8,0.0000014233506288374239,6.231783506189738e-8,2.543480552475858e-8,0.000017219736920783459,4.3205094835307406e-7,9.580415423768746e-7,0.0002754642395585793,0.000010962243052142628,6.847065453436677e-7,3.0417873077509219e-8,0.004642080261915481,0.0005132393991029316,7.745769526009365e-7,2.9395969887738199e-8,0.00001870118528531843,7.197198774400347e-12,0.000012573828102206787,0.000037012550617284298,0.002883319791090738,0.00005112126542652975,3.862248628457908e-12,0.000003312854973865265,3.042299522466974e-7,9.169243659689891e-8,6.243441276251314e-8,0.00020199451721279664,2.284000171854472e-10],[0.6523866976820179,0.0038425761752356967,0.18013222690261825,0.5492068435264711,0.6864313968237639,0.10529179055186322,0.8884794428929909,0.5889064322180418,1.0,0.061499242184490248,0.31518378827570917,0.8006762155768389,0.1671018678784746,0.08006462654094411,0.910628623709286,0.5306804940756627,0.5789208084772204,0.4170331892818139,0.064216825969296,0.07177143844671756,0.11096933866751475,0.26172661519925835,0.1327316322509017,2.7122220876940088e-10,1.7343964896043126e-14,2.09391334779815e-12,1.1178022623855745e-11,8.228474112784374e-20,1.852717818612631e-18,6.381177179857361e-15,1.130633653655765e-11,2.841523319285719e-8,2.4774996949928958e-15,4.478769740923645e-15,1.9048795940776569e-10,1.7939898398997408e-11,1.2641712533339895e-11,2.689189599671263e-13,1.0894986230705118e-8,6.24399562449988e-16,2.7314900491980615e-10,5.664588562772251e-15,7.131183657892223e-13,1.6274869863661247e-14,1.4210780496275194e-9,1.079874169911512e-17,7.650251788882623e-9,4.785559690709559e-10,1.9629070240357094e-8,0.000013863331319718412,9.040441405631162e-9,7.417427786910944e-7,6.631563640093206e-16,2.590539323988139e-7,3.2507259250932246e-10,8.659007275629996e-9,7.645281401265655e-11,0.000008392704189870688,6.8592713128067299e-9,2.7236215651322924e-12,1.3946871321034044e-11,3.81663422487736e-7,8.856106508302753e-10,0.00001848199289240893,6.712968198211002e-10,2.1682251498106735e-8,3.6420013189276835e-9,2.0359521893182933e-10,4.6181895349079055e-7,1.0290992968180758e-9,2.505051505325302e-9,0.0000030431005815321897,4.9676780215395046e-8,1.6768960052051454e-9,5.142005156613441e-11,0.00013050575949685354,0.000006513643496875368,1.9482791876603145e-9,4.1329238565055358e-11,1.5476740129241516e-7,2.810772619324432e-15,5.596586926247996e-8,2.2841554626031726e-7,0.00005275904347096271,3.107500134089031e-7,1.4431456049862403e-15,1.1192118201717199e-8,6.521154042742542e-10,1.5889147482535518e-10,1.0337139684181003e-10,0.000002161283243370137,2.516857441443567e-13],[0.0166807465872718,0.00495175107810626,0.7808631875732446,0.03307235439026622,0.06706917910074192,0.175374920364698,0.16533007922494834,0.39539490761203396,0.061499242184490248,1.0,0.005956353847528554,0.11271770191321626,0.21650599818866674,0.2702398218083006,0.13655570990804867,0.1256811950945818,0.03649919732179964,0.582756351347558,0.43532247380754177,0.3078429644068436,0.04777175424219214,0.7583278742539065,0.4016831415746585,0.00009588686038041502,3.098180631351034e-8,0.000004005614066703524,0.000011639717197943412,7.882984534471678e-12,1.1558323741234449e-10,1.9952378177073768e-8,0.00000924838387155156,0.0018315987930155379,1.3003918919176073e-8,6.959775899244663e-9,0.00006282736420058119,0.000017916960825997477,0.000012321191282967482,8.614967931933747e-7,0.0010404017375421134,4.102838661917736e-9,0.00009011405554186127,6.66086251841227e-8,2.909515298157194e-7,1.490596333785354e-7,0.0002444362377710433,4.3646341304757519e-10,0.0005609428578448179,0.000010056864035689547,0.0010011260823129642,0.002421129502992806,0.000403662991033427,0.012073065911043766,1.3351448749929619e-9,0.0008337640645567529,0.00008867720440290879,0.0008989162705956017,0.000019247786691942406,0.007096037615229351,0.00015101362344547818,3.22290788781024e-7,7.991142478124356e-7,0.006134217032597885,3.4840646803729555e-7,0.0061434080296357269,0.00000383067643752891,0.00027964353738712085,0.000004321747082107851,0.000013329701461314687,0.0015336885662319319,0.000244914523628025,0.0003324383736471088,0.009635093464339917,0.002640512879883691,0.00025952196884451766,0.00003587327617421019,0.15384816078899558,0.04066220234051723,0.00031527291972027977,0.000028629968515205539,0.003933044540912952,1.9548701392802434e-8,0.0024949788288855169,0.006585690209345819,0.11396304235680772,0.006637784822169332,2.6344897078491486e-8,0.0009746210840655485,0.0001719111859851027,0.00004318163234305015,0.00005529042329022119,0.021997298193747403,7.592204823690149e-7],[0.0734975350167993,0.05260384779526122,0.042519571111277219,0.8366673771475793,0.6596307739160922,0.1634134145104135,0.184044243342987,0.1461557930606995,0.31518378827570917,0.005956353847528554,1.0,0.47796687285103059,0.20115975082884564,0.08972485060591536,0.17542571508394015,0.031249165901142255,0.8138069024505822,0.06675359365083307,0.0012711454799956973,0.07149069592054493,0.0014560534526221713,0.029832645330092799,0.0035336707428983789,1.024039024480713e-12,1.4009490648061094e-18,6.804066106205035e-15,2.97642239575391e-14,5.692523036646937e-24,3.3945267661876837e-22,6.483017005516108e-19,1.3391427269938623e-14,2.1784184665214725e-10,3.2473002744393144e-19,1.7888577612640755e-19,3.4552759311533567e-13,1.1716406628125509e-13,3.038946042321346e-14,3.8889086063357468e-16,8.405769969155526e-11,5.656130735970502e-20,7.765984154910592e-13,1.2545030549662885e-17,5.978008790743112e-17,1.0028573068228867e-16,3.926674461183169e-12,2.429681922791777e-21,1.4316351463605941e-11,4.9143576701364879e-14,4.135460087570738e-11,6.907018692061955e-9,8.109837205945837e-12,7.839910496487284e-9,1.66214076753318e-20,1.0634704371608915e-10,6.20781140225582e-13,6.27614245380332e-11,3.8499073243306008e-14,7.701128716002394e-9,2.328582815448563e-12,1.3591115504879126e-16,7.547527085204451e-16,1.3516757234153235e-9,2.2250665965871016e-14,1.4221008597639012e-8,3.7419392524924018e-14,8.041601597679834e-12,1.861208176686649e-13,3.561968763349337e-14,2.5791501168675217e-10,2.22276184332837e-11,2.0587059017675718e-10,0.0000018960324514692356,1.4650049117131117e-9,1.3295843325284864e-10,3.5556157967836847e-13,0.000001942412801317209,1.273374069576854e-7,1.0744962486445829e-10,1.2159240828409434e-12,5.861800284482574e-10,4.855344707458836e-16,3.5221584887813826e-9,5.346851386215732e-9,0.0000025658895568871817,2.3505277589683107e-8,1.1728560980122659e-17,5.60581477946306e-10,2.2183011360034968e-11,2.5086456248161959e-11,2.138887899489474e-12,2.8236523274807877e-8,2.7339370436510826e-16],[0.28375080890673706,0.027666772699969149,0.3454221160231686,0.8155892375219537,0.9506851897980888,0.3403723982534125,0.7792260949222308,0.7471692315492422,0.8006762155768389,0.11271770191321626,0.47796687285103059,1.0,0.46091733897903428,0.2681041913056002,0.738151433461828,0.299422167290436,0.841751542323846,0.5274198209089818,0.05129638727605407,0.242518456314194,0.03973935773161214,0.3428161219938793,0.09885177199476017,1.4003237877006324e-9,2.8542952806657896e-14,1.5076048484961239e-11,6.459772094224615e-11,3.2096137322541865e-19,9.613054166885849e-18,1.3093032781249046e-14,4.4855034243948377e-11,1.3075611374741378e-7,6.339924664062812e-15,5.4025126615872948e-15,7.243664555007154e-10,1.463665553882131e-10,6.909384927653591e-11,1.584799875103266e-12,5.50610554497661e-8,1.4546852592597975e-15,1.2406444551636944e-9,5.342363816601258e-14,8.453678431861155e-13,2.1703005267590237e-13,5.4868722184582929e-9,5.494479395058597e-17,2.0775728285633033e-8,3.088087818809288e-10,5.1348716039049599e-8,0.000005493418780461912,1.6363738108796277e-8,0.000002815507359628316,7.066223827367529e-16,1.8700022567168278e-7,1.2071606608221076e-9,4.352970469181684e-8,1.645597662881299e-10,0.000006104640715105212,7.176812004479556e-9,1.973527158394845e-12,8.81842289969007e-12,9.376816247077786e-7,1.3013768359292523e-10,0.000010096881144451975,2.5142627815092038e-10,2.0751194090109574e-8,9.154497407770602e-10,2.1110749745230635e-10,3.792328284079551e-7,9.655920844178005e-9,3.480312689857173e-8,0.000039559185043273057,3.722577224414705e-7,2.380416364869591e-8,3.948183998528848e-10,0.00030837210309112126,0.000025239146706170193,2.420979523273443e-8,5.614632334210932e-10,4.342661325768718e-7,1.312704030965763e-13,5.432202044114647e-7,0.0000013555597376727849,0.00022908303540691936,0.0000027344305803688767,2.519636249784906e-14,1.1594867971744465e-7,7.49761608157209e-9,3.3744895590343579e-9,1.1507756126169556e-9,0.000007999515290375219,1.3062846972545187e-12],[0.020936246440911224,0.2384635290337526,0.5549451876703484,0.41238006591318768,0.475356090025567,0.971839123075149,0.22737029246652389,0.46981137307224188,0.1671018678784746,0.21650599818866674,0.20115975082884564,0.46091733897903428,1.0,0.9172762574551651,0.1848056667986544,0.04842213750953452,0.4163802529410712,0.3778698192197302,0.02538581677699578,0.8785742958079736,0.0037304540464863469,0.2954813685096026,0.03811975309308386,7.521497504422037e-8,3.988737187721411e-13,1.7836823111041335e-9,4.979589676718639e-9,3.2343261984625978e-17,1.3494089367661858e-15,2.7861814964042856e-13,1.924975500155419e-9,0.0000043487677668130969,2.0395828800830637e-13,4.706190348533438e-14,2.4739564738556157e-8,1.838896837559789e-8,4.855961014795432e-9,1.5457603001897348e-10,0.00000225309549195248,4.261474663286808e-14,5.471562572410738e-8,1.3025844122234322e-11,5.613072233372984e-12,8.318239956909744e-11,1.6988794985977055e-7,6.922036364507754e-15,3.3132794136551955e-7,4.947616803369421e-10,7.257568022436776e-7,0.0000018046002216721697,1.3285799037015923e-7,0.000055080324892303948,5.4012457225577619e-15,2.491186824542804e-7,3.847453126497287e-8,0.0000017951388513775184,2.3579472781071578e-9,0.000006426480095588902,2.32462203083423e-8,5.137179803919794e-12,1.6506965830637643e-11,0.000009787295377355223,1.191558710349436e-11,0.000005927882718148619,1.4482278586794196e-10,5.357417078050959e-8,2.2240720072139329e-10,8.251482035310348e-10,6.116793331886785e-7,0.0000011388030462328969,0.0000064829702058365969,0.0033637562876369768,0.00002409961538415505,0.00000470502735338532,4.254737240791193e-8,0.0018801249040070775,0.00042625730718418844,0.000003983826822800017,1.3732558677822318e-7,0.000005971135687138202,2.902760536540947e-10,0.00004939957179711972,0.000056049999141506009,0.003747781391813967,0.00018855150311057004,1.6159706219677866e-11,0.000013101743580816648,0.000001207129795626042,0.0000013210390621803403,2.0151356065806788e-7,0.0001384082815954928,1.0495641814484327e-10],[0.007987002616480993,0.25505426589766497,0.5739147661543392,0.21756050698388264,0.2663709854082323,0.9490845821713654,0.1302005058816181,0.3451105596952987,0.08006462654094411,0.2702398218083006,0.08972485060591536,0.2681041913056002,0.9172762574551651,1.0,0.10121319017108405,0.02676523085168621,0.2204156818789752,0.30916753571903779,0.0243600330906133,0.9937775489339864,0.00209347230218096,0.2707885438907428,0.032105754661852389,4.851695274956029e-7,2.7194148208633e-12,1.5577790047881624e-8,3.836947122443311e-8,4.563458054003993e-16,1.8709762820296696e-14,2.1379275282701177e-12,1.3472132268394664e-8,0.00002141335218808972,1.7506790267294212e-12,2.989886582069576e-13,1.5036690326268094e-7,1.4885804834260449e-7,3.672183746076829e-8,1.4106611615585406e-9,0.000011936383551288623,3.7246175165363677e-13,3.422195581934387e-7,1.5538197894108316e-10,2.9184238959963628e-11,1.0111133849083558e-9,9.401728414573793e-7,8.972933964971716e-14,0.000001527526580847298,1.50483947690751e-9,0.000003152172557642948,0.0000025001949548382705,5.332524839908472e-7,0.00021455332587333253,3.494872234501693e-14,5.846847754189081e-7,2.265120624257102e-7,0.00000962014654076117,1.2565692165293577e-8,0.00001239464157746768,7.695043376657302e-8,2.0550979225198907e-11,5.803735845741403e-11,0.00003548026191412553,1.5867027562773813e-11,0.000009511293525313465,3.3284848549992985e-10,1.615347162239248e-7,3.801014475433638e-10,3.2040727432394829e-9,0.0000014725158070828004,0.000007627631760854479,0.00004242910785798434,0.012540980760023697,0.00012474840283204896,0.000031609899577447687,3.23461456871049e-7,0.0046038715520654899,0.0014459345564549909,0.00002637063444435207,0.0000011432068914216198,0.000023662955783623493,4.144892839991247e-9,0.00025974189297642384,0.00025529491185844426,0.011068803084503022,0.0008753390163376643,2.271425346607398e-10,0.00007685482404298491,0.00000848131805909258,0.000010291230431681873,0.0000015637410065620399,0.0005009645480645598,9.30144249014412e-10],[0.6176199668374769,0.0029671271782159057,0.2958916890669041,0.39535385816786108,0.5628508448723016,0.11584712000239482,0.9924579825507109,0.7554483165592367,0.910628623709286,0.13655570990804867,0.17542571508394015,0.738151433461828,0.1848056667986544,0.10121319017108405,1.0,0.7360931191004538,0.4242113763575137,0.6271325546299318,0.16103536703338554,0.09520931506001215,0.20741671349589109,0.45447868501994767,0.2872234446342058,3.5107181675757426e-9,4.874752115008912e-13,3.443082127307711e-11,1.7504051073340979e-10,3.948777878662167e-18,7.28805953029522e-17,1.863306595230672e-13,1.9341996046418044e-10,2.661923416198979e-7,7.447544555304942e-14,1.3717912544614765e-13,2.7227983082764997e-9,2.4479103670928867e-10,1.9926664687027752e-10,5.3243139912517886e-12,1.0725474959270143e-7,2.0402018196605034e-14,3.65406218632879e-9,1.244916959489577e-13,1.6485888322717293e-11,2.978440733935491e-13,1.755680748363967e-8,3.897404403515975e-16,8.971002113314921e-8,7.33198356550067e-9,2.1587329724066264e-7,0.00009087556781761957,1.1085299801532746e-7,0.000005552108889640266,2.2493441604145209e-14,0.0000025416998444209688,4.500175507322793e-9,8.696090585966852e-8,1.2750859497051978e-9,0.00006158231432523002,8.862999488629118e-8,5.7968159646507637e-11,2.671885858909978e-10,0.00000335130797989082,1.0011851485058919e-8,0.00012343454643926578,9.517539915580554e-9,2.581503202212427e-7,4.2736479036516728e-8,3.337345436802321e-9,0.000004347528968396309,9.788433670168976e-9,1.814926623843465e-8,0.000010114941845523654,3.7216538091779966e-7,1.2457534829080754e-8,6.643722988347474e-10,0.0006626509888690784,0.000039365307845868707,1.5357466051962309e-8,4.3091713624846719e-10,0.0000014272559719461849,3.0367912155527e-14,3.6654718924393707e-7,0.0000016365788707804977,0.00024318474850470298,0.0000018019569105230438,2.7706124150801728e-14,8.263036611898068e-8,5.877611446968383e-9,1.1464590893020632e-9,1.0980871400037583e-9,0.00001476106993295626,5.157864303209195e-12],[0.6364349186438995,0.00021512042411801858,0.17691493122156036,0.10025230298369427,0.1794686581348485,0.02634136520381332,0.6985260265756428,0.4650869297687514,0.5306804940756627,0.1256811950945818,0.031249165901142255,0.299422167290436,0.04842213750953452,0.02676523085168621,0.7360931191004538,1.0,0.11208535070071933,0.4762611642487081,0.3521276576991496,0.026604257506862486,0.6120421143383841,0.40408666323260175,0.5500969546976666,1.3320597220027037e-8,1.3445373553266386e-11,1.3446638268546537e-10,7.734040880697737e-10,1.0494644248554858e-16,1.1725154407621988e-15,4.477081074959385e-12,1.3208578596597063e-9,7.308571751371473e-7,1.540022696286375e-12,5.512837788353738e-12,1.5251741345665147e-8,6.740025094897166e-10,9.311827979837634e-10,3.141057051369275e-11,2.900637359798748e-7,5.094216107564697e-13,1.6140419122130329e-8,5.639558532961989e-13,4.659894137434094e-10,7.914851553217824e-13,8.027591922013935e-8,5.698572911094274e-15,5.170142106487766e-7,2.034197715770764e-7,0.000001181323615886899,0.0012625994378534019,9.56373947118713e-7,0.000013404231173955046,1.1474678516688352e-12,0.00003585664101074977,2.4671074440384339e-8,2.424678723524285e-7,1.4174675488756047e-8,0.0005910452298382829,0.000001305230734398342,2.236611443535472e-9,1.0092904098976512e-8,0.000014426096072164227,6.583899421482835e-7,0.0013370132046046228,3.79197008527606e-7,0.0000036864661583265958,0.0000018683613549636474,6.753459232006506e-8,0.00005207520651246609,1.494981438247925e-8,1.3919596523951556e-8,0.0000029732121661467809,5.042289433180099e-7,9.692427867080084e-9,1.793995988362693e-9,0.0014440044549715325,0.00007066019330442327,1.4456699244442489e-8,5.413934527319022e-10,0.000005848957181964783,1.397285455919591e-14,3.344324438826404e-7,0.0000025514507871940524,0.00027833563633274973,0.0000015249568900588664,6.230755139224644e-14,8.337553093089697e-8,7.0393985251772348e-9,6.094659346515028e-10,1.6745805075996282e-9,0.000032310759549141698,3.546076038035087e-11],[0.15530456579981834,0.056227077931461238,0.16588530524001345,0.9985991984508031,0.9633871438454285,0.32853450460427266,0.4515624311693036,0.4184798597865937,0.5789208084772204,0.03649919732179964,0.8138069024505822,0.841751542323846,0.4163802529410712,0.2204156818789752,0.4242113763575137,0.11208535070071933,1.0,0.24183747615386406,0.010434031068753727,0.18835439650650477,0.008631049724815278,0.13304412355807183,0.02355036990916044,7.378866874642307e-11,3.7065583048190968e-16,6.674530542569284e-13,2.798588420201363e-12,2.9537357487325638e-21,1.2631912687823527e-19,1.7613314244214989e-16,1.5099531561189087e-12,9.88756950941663e-9,8.937705829601715e-17,5.604845329615929e-17,3.0047615716720747e-11,8.57785961657414e-12,2.9071595832092947e-12,5.1575809777493236e-14,4.053639093220395e-9,1.7834268568234375e-17,5.977942558099085e-11,1.8213483201117425e-15,1.2388854329765478e-14,1.0599773398575559e-14,2.7471999790452515e-10,7.982275072062453e-19,9.725780766041677e-10,6.022004253415867e-12,2.568279849857444e-9,2.5789735647553765e-7,6.217843518952304e-10,2.6218615282948368e-7,6.157891749807353e-18,6.64345456278824e-9,5.165650940713652e-11,3.1194468581210264e-9,4.542309790256658e-12,3.128420882274473e-7,2.0777424962773767e-10,2.66469002207419e-14,1.2902883067867916e-13,6.070469011895981e-8,2.1263689525582505e-12,5.225952136049924e-7,4.4017784721123866e-12,6.435503083821546e-10,1.7474743993134458e-11,4.522803828101902e-12,1.4894089136197505e-8,9.368538483802525e-10,5.502888686414246e-9,0.000016170594291297164,4.4736288972094907e-8,3.6772890108302667e-9,2.4213444388708676e-11,0.000039037761998559949,0.000003095610309593083,3.3028588004128567e-9,5.582515678955211e-11,2.7798222118274844e-8,1.987428511659611e-14,8.5141512458867e-8,1.5777010698550159e-7,0.000041160518934034776,4.80997781021837e-7,1.2828246042170213e-15,1.6032591876227296e-8,8.400203891132768e-10,6.292431563426841e-10,1.0370531600214528e-10,8.275343189972932e-7,3.881539190538266e-14],[0.1680847325240332,0.008493070669807215,0.8100798018299041,0.2234738739824429,0.36733725914337747,0.27337225286146668,0.6898239274643941,0.9345639617038805,0.4170331892818139,0.582756351347558,0.06675359365083307,0.5274198209089818,0.3778698192197302,0.30916753571903779,0.6271325546299318,0.4762611642487081,0.24183747615386406,1.0,0.37823559823994376,0.31711753978874809,0.1407398639868592,0.9455368725896526,0.4971689511717294,6.963124314328381e-7,1.1349876281046762e-10,1.3814447567318631e-8,5.2600240539041829e-8,4.9795033290828588e-15,8.754496461973256e-14,5.697265689202571e-11,4.680443230135699e-8,0.00002804638059436908,2.947605022934285e-11,2.727136855785303e-11,4.732690630653564e-7,8.187359636510457e-8,5.737877012597208e-8,2.3816080086027155e-9,0.000013391321768320489,8.44678200277517e-12,6.762569065129996e-7,1.0331874037947967e-10,2.045767269208237e-9,2.5604901469418128e-10,0.0000024464008265094708,3.9978678238559457e-13,0.000008207967840588263,2.6169050666796458e-7,0.000017180156127743894,0.0005160880562916408,0.00000739764984328785,0.00033865481929877696,4.683873685010573e-12,0.000049138403136713599,7.261224155665043e-7,0.000011156760089416205,1.6507783179589354e-7,0.0007498760752175396,0.0000038122602825232764,3.931663003272981e-9,1.342091712052688e-8,0.00017457913523422655,5.31581417029346e-8,0.0009819922526415216,1.7817987404539077e-7,0.00000893397892103301,4.0255922641658377e-7,2.090522744125361e-7,0.00008892267855446072,0.0000020883802621622548,0.0000036293363331853527,0.0005388254981846563,0.000043547033291115827,0.000002648018824945744,1.9198744489090739e-7,0.013722714880995449,0.0017330121647917954,0.0000031634670987468805,1.5189921442699462e-7,0.00009137609614062294,3.690550561353503e-11,0.000044197583389893448,0.0001425736947856442,0.007704475106067537,0.0001624992182285845,3.329366647251537e-11,0.000012868525561447438,0.0000013959460060588797,3.416575353908709e-7,3.2979429009243777e-7,0.000757933267481805,2.160412968812745e-9],[0.056859253447248837,0.00007174855292750296,0.24715844380410199,0.008960594040475386,0.02292982081757718,0.015175275499566668,0.17023705525225098,0.22555899090949586,0.064216825969296,0.43532247380754177,0.0012711454799956973,0.05129638727605407,0.02538581677699578,0.0243600330906133,0.16103536703338554,0.3521276576991496,0.010434031068753727,0.37823559823994376,1.0,0.02831598623104077,0.3980111907168809,0.5148906836345455,0.9397456164936194,0.00002308340681276067,1.1788654674045881e-7,6.190917124572781e-7,0.000002624250886680052,8.886701710119634e-12,6.516068846599296e-11,5.154626490756533e-8,0.000004544811484185105,0.000426722418124566,2.263527968004839e-8,5.0903798510598258e-8,0.000029105101892548558,0.0000018926363184439096,0.0000031023083478640557,2.244378660668442e-7,0.0002109979018820932,9.095831485746312e-9,0.000028350607634632418,7.73768938355764e-9,0.0000017688308921585294,7.810352398604475e-9,0.00009828300831319365,2.388638504418269e-10,0.0004211597081114024,0.00014031462485760584,0.0007676346606225071,0.043999028160457597,0.0006752278867278651,0.003401650960629205,1.335835257366186e-8,0.006666165055959197,0.000041912918136421807,0.00018700342548256196,0.000029447408169875099,0.04466269382922794,0.0007409856261994712,0.0000046586466971074779,0.000013774336530031004,0.004448933070688291,0.00006290626085349951,0.061745253506803317,0.00014068531314016125,0.0015242129334393546,0.0002912756013265845,0.00007998136351271866,0.009308780612548713,0.000015024787948042575,0.00000786921612507973,0.00014148951984189128,0.00020593954396236808,0.0000060139621650467068,0.000004074118651027019,0.07860859097253603,0.009337834526713284,0.000009836002604283202,9.371230809741547e-7,0.002305041209550518,6.37961928314991e-11,0.0001075566747109892,0.0007710003484044332,0.01711356190574787,0.00031344132294049956,8.609728255107099e-10,0.00004075634492057586,0.0000068902952370278189,4.5698830142251059e-7,0.0000026747346515629099,0.006055239324714155,2.582514248599872e-7],[0.007173185198658801,0.22563587719146903,0.6054911176177542,0.18512121539841346,0.23413562491452773,0.9097477543602547,0.12314256895853546,0.3398556865482102,0.07177143844671756,0.3078429644068436,0.07149069592054493,0.242518456314194,0.8785742958079736,0.9937775489339864,0.09520931506001215,0.026604257506862486,0.18835439650650477,0.31711753978874809,0.02831598623104077,1.0,0.0022328662495616606,0.2883272931696343,0.03590116618740034,8.807281246174407e-7,5.932354535195464e-12,3.02013371968126e-8,7.3248491016416e-8,1.1550856189589803e-15,4.517323796048673e-14,4.723533536282503e-12,2.617802497151398e-8,0.00003572290287647049,3.908301750219633e-12,6.640392822421959e-13,2.7886336019183446e-7,2.755685198295089e-7,7.016956593003534e-8,2.8607556953511515e-9,0.00002019302337546811,8.484228991672749e-13,6.254398563262221e-7,3.2568154637471698e-10,6.028991279578095e-11,2.0313805952384705e-9,0.0000016799288465176848,2.1185583329906465e-13,0.0000026806080286317695,2.7749435495298057e-9,0.000005438644436241851,0.0000036842235962938527,9.414942386846978e-7,0.0003370490529697667,7.954698336639603e-14,9.63114797002558e-7,4.165129199146084e-7,0.00001635697245808369,2.40623339823244e-8,0.000018952428460898158,1.3670251853273209e-7,4.1293763815803167e-11,1.1330562390581396e-10,0.00005773330492357369,2.6538613043499918e-11,0.000014142940289956713,5.973657930986829e-10,2.806742730610226e-7,6.464334342759013e-10,6.049556757028931e-9,0.0000024040852164034065,0.000012895789187025254,0.00006724427600111202,0.016260398731517375,0.00019778976499841837,0.00005043480527033233,5.89999528491319e-7,0.006506014543186734,0.002150747371604309,0.00004264475124466016,0.0000019885813475067318,0.000039060191423977687,7.3960854401488679e-9,0.00039923113340112294,0.00039893248110400284,0.01538209762902765,0.0013023584941497956,4.6363362112771156e-10,0.00012191959537133606,0.000014180563429443434,0.000016384873776072529,0.000002725934762526917,0.0007684403480265704,1.899841315461258e-9],[0.27251531861280656,0.000003270559701646704,0.03881136066502453,0.007327912111426089,0.01755096808329341,0.0016981681216542697,0.18614613251621357,0.1051492687378277,0.11096933866751475,0.04777175424219214,0.0014560534526221713,0.03973935773161214,0.0037304540464863469,0.00209347230218096,0.20741671349589109,0.6