{"name":"DynamicObjectArray","generic":13,"parameters":{"array":[{"name":"MatrixSerializable","generic":11,"parameters":{"name":"K_train_train","value":[[1.9407897390014313,1.7684204870873497,1.8882725106697214,1.9407173400913767,1.9475258706226014,1.8760495144421828,1.9524878114255098,1.9356315442291857,1.9593947280121405,1.844152938650532,1.9224566425135903,1.951732770130667,1.8924004008906173,1.8641318583315239,1.953479983817813,1.9289641652047814,1.9424648175465105,1.9202825449686983,1.8436616734504488,1.859458106921183,1.8656320260290785,1.9007380762491156,1.87197032403827,1.2521351945424802,1.055367399067443,1.1404550919459716,1.1769573616339566,0.8336087535885306,0.8774868503046143,1.032110740616328,1.1772696735629003,1.3721720697368687,1.010530014583451,1.0378021871132757,1.2433338664934013,1.1905722631265555,1.1795958221050043,1.0952704594726966,1.3467726922977586,0.9875542142560301,1.2519844029987724,1.019581251419206,1.134904028915404,1.0456283865331256,1.2929548069773718,0.9063836678471837,1.3371420427889543,1.2874613913176752,1.3621258842146838,1.5616095827921044,1.3445125390659117,1.4637623720848275,1.007584061677043,1.4437857401396462,1.2563546385075562,1.340603924648371,1.2260022260075983,1.5425690754281397,1.344173432873395,1.1727726689982064,1.2095715851798073,1.444180840383669,1.3157171590630446,1.5682957840529235,1.3034115449468987,1.3746799887171564,1.346507856229581,1.2596333473400415,1.4582377736054336,1.2920966102858174,1.3241290512669813,1.5276968323472647,1.392698760581728,1.3141000099292484,1.2147753345802249,1.6235829233737048,1.5296000281693525,1.3146369449576867,1.219607401510372,1.418326752407168,1.0527119530936187,1.4008033375273724,1.433013147041303,1.5975406334398539,1.4483454018571776,1.0035870199333826,1.357385451585145,1.2844039878204848,1.265849681839117,1.2375179642458636,1.4955228614413299,1.093882615104292],[1.7684204870873497,1.8149480151972766,1.834158672240124,1.8558248248267402,1.857570501781824,1.8614107185574776,1.8294459218193482,1.8435483127756234,1.8268415726595926,1.7914831692658305,1.8386482524619877,1.854207493703858,1.8642042733590599,1.853962081026615,1.8243328602864318,1.7795357038914093,1.8558800429772083,1.8305396628083517,1.7316089748754587,1.8505976852069024,1.6998612790802926,1.8164077421996164,1.7513316516064539,1.2993326749036505,1.0341150516932359,1.2086421245898836,1.2315382124231467,0.8576219139070404,0.9200693090062161,1.0229921747337747,1.2078387731597574,1.4102611140484274,1.0139233857215864,1.000928430212403,1.270735325422274,1.2667924089279852,1.2306328104683149,1.1505493841241666,1.3915475331301859,0.9853694706247989,1.2908507612003029,1.1021945525089597,1.0955460151010628,1.1484757936034387,1.320727192924844,0.9487457170117466,1.3409712070555707,1.2141015826311615,1.3628284607915516,1.4450506698044557,1.3224066526812486,1.4864955156851259,0.9652316972141123,1.36514123809152,1.282071623187452,1.385120124023507,1.2177729137009666,1.456443828891829,1.2906315647850105,1.109838347019914,1.1395633807544408,1.4379719733542314,1.2020697946005624,1.4653840519836848,1.2094769699565189,1.3148098654627765,1.2383111185326783,1.2095336828097885,1.385048702718066,1.3768674620614848,1.4311292129898623,1.627453215266156,1.4625736678509989,1.422297175810891,1.2873280209741079,1.6061598685553973,1.5515429062869759,1.4156254243389386,1.3255395576241947,1.4219291196752524,1.2054526383058742,1.4866643880671529,1.48692962134482,1.6248461213166219,1.5274225325265636,1.1195178182434905,1.4476400442515614,1.3811322432496589,1.3934975521637488,1.3324111900927123,1.5154790132539442,1.1411915623613059],[1.8882725106697214,1.834158672240124,1.9968827841612896,1.9212277941325924,1.9419190600146888,1.9566891293462459,1.9629803901351435,1.9871491428737703,1.936342005589272,1.9890970677236224,1.869852166523767,1.9563948764502853,1.9659955858290328,1.9654501400067717,1.956937806850348,1.9426844625402167,1.924194375002108,1.9933869355604213,1.9546025063442934,1.9677389363600322,1.8912589084557552,1.9951784785736482,1.9606006396463407,1.5602600546247155,1.3129684193651885,1.4545930380891368,1.4876421283559816,1.0947536832761067,1.1566983838759529,1.297230050017964,1.4780010127838246,1.6714365364772564,1.2826191531714979,1.2789788239182563,1.543629711646562,1.5069259825722,1.489080983460251,1.4032719429718044,1.6498703041213252,1.252896160770582,1.5571176069887183,1.3316310146626483,1.3830683272313505,1.3626606957304748,1.5928002196879437,1.189653055729986,1.6240261272518788,1.5060843962288629,1.6463295230576816,1.7186450808959158,1.6147787825073499,1.74858943404405,1.2394791327767408,1.6588031317646166,1.5558402826337799,1.644076352336396,1.505366624009942,1.7444311256477725,1.587606971447022,1.3973438804567787,1.4275788713856706,1.7191969563395362,1.4404647298059088,1.746761633410641,1.4892196802019243,1.6116687951159957,1.503769081300643,1.5045621247867156,1.6792909976181616,1.604459379721439,1.6277152688413457,1.7778181650070546,1.6940860111486616,1.6187030113815205,1.5301348642995494,1.8655655271007168,1.8034946601316258,1.6219117633313216,1.535079838717182,1.7005159032513962,1.3447891346602652,1.6986824664902534,1.7280909745160982,1.8560270911885986,1.7384307858985544,1.3187443541848603,1.6614440780043745,1.5962415360716329,1.5653077626555292,1.5533445387325198,1.774905335205529,1.3985134306241503],[1.9407173400913767,1.8558248248267402,1.9212277941325924,1.9939821991359477,1.9941761396108693,1.938437887140741,1.9722272098146972,1.9635823133263167,1.9829940430741702,1.8646705167642095,1.9843439841226554,1.9908394533336998,1.9503520582207923,1.9228352669345493,1.9709609831553732,1.9251685113468816,1.9944584898698475,1.942366077643678,1.8316506599169458,1.9167770023723157,1.8368247183334399,1.9188115139926064,1.862566339770222,1.248642875754725,1.0058087822365392,1.1404860750405189,1.172116088414557,0.7986558539695545,0.8527028205835753,0.9873902214328005,1.1599519316302974,1.3738020082398915,0.9709935656762407,0.9802207819219719,1.2288258706087159,1.1981267139773809,1.173066076616048,1.0859138945531975,1.3496925687994277,0.9444399167784826,1.2440939251890684,1.0207065969913745,1.0804292202488497,1.0589106214006603,1.2823695745801245,0.8823443515051614,1.31764102861421,1.225847061285108,1.3431196115556393,1.5038042878471472,1.3122796046869958,1.4662184740713765,0.9464403557616159,1.3919202044786885,1.2419146942460993,1.3428423522129327,1.1920649933238399,1.496990085054299,1.2961547144606152,1.1092639667369214,1.14480150703237,1.4291913838796254,1.2396016847036258,1.5175075056588746,1.2336176780742346,1.325991432735124,1.273666389197355,1.2072234446555866,1.4103843527121823,1.31199373892334,1.35930244495157,1.582641158558047,1.4135907957140777,1.3490388114189638,1.222051615595828,1.6236864927729356,1.539109550462686,1.3455234435610096,1.245475290732347,1.405972037142952,1.0956449425358595,1.4314753709107878,1.449218384446172,1.6189277481020675,1.4803285789450549,1.022018181212884,1.3861930581624627,1.3102748052603362,1.3078628193281479,1.2586157146296227,1.4999625408118487,1.0803216391666549],[1.9475258706226014,1.857570501781824,1.9419190600146888,1.9941761396108693,1.997734823709973,1.949129217900745,1.9836118855250185,1.9784854632301805,1.989181463578019,1.891996200911855,1.977944645728401,1.997418112425714,1.961289856109614,1.9368525752871478,1.9818844766059945,1.941454000392489,1.9951110964314989,1.9611037486137029,1.861148785739045,1.9319307416108014,1.8588163848674438,1.9408875076697448,1.8890419004224269,1.2930895031834189,1.0507660273880549,1.183515114111653,1.2161586101227347,0.8386174826375382,0.8932832144393508,1.0320140099574129,1.2052590880224455,1.4177593885908518,1.0151700608649337,1.0245901278167958,1.2743855189525102,1.2405767493601845,1.2173313012337668,1.1294855730979335,1.3935177793455543,0.9882460762856543,1.2890461375660825,1.06176926896934,1.1261843101747933,1.0984921956632555,1.3277558118718063,0.9235860528193094,1.3638019634837167,1.271300708205124,1.3891914670669015,1.5443669794581827,1.3590215608748247,1.509492974617379,0.9900578302891677,1.4370353736250044,1.287534075868976,1.386765667475826,1.2386933518418515,1.54055523382707,1.342712253684315,1.1544052139432797,1.1898375875593837,1.4744572647594272,1.276487990571738,1.5595006065322575,1.2768194072497712,1.3722885480031216,1.3144180101722616,1.253735520251079,1.455654655402447,1.3528268767542114,1.3963996845829637,1.6117620822787003,1.4542324107220966,1.3861757139413343,1.2647503801568832,1.6643407301155358,1.580535106055887,1.383818608172688,1.2845405022943668,1.451243530331691,1.1263714048507632,1.4698175038878583,1.4905783015997206,1.6569932633822835,1.518091668354272,1.0598568266822466,1.4250863142198096,1.3497416142952652,1.342287345992895,1.2989126670164429,1.5426086642564788,1.1242990560238083],[1.8760495144421828,1.8614107185574776,1.9566891293462459,1.938437887140741,1.949129217900745,1.951571231866653,1.943640873420068,1.9608499677156389,1.9309671792112396,1.927274668426872,1.9050184436445366,1.9541047490522466,1.9587008314299093,1.9507082399182907,1.9382279047732372,1.9053782478431028,1.9399343267824366,1.9555142360250158,1.8790332243969297,1.9496265908149609,1.8338418548342038,1.9473171853490077,1.8942625100405187,1.4330103839549973,1.1690217461599142,1.3303688686629212,1.3596677909547928,0.9650062901216747,1.0281768473859053,1.1547331743049774,1.3427862218648333,1.5495923604301472,1.142119453816623,1.1351343458381405,1.409793772995772,1.3877840268506312,1.3600048678439834,1.2737720577545089,1.528298573455999,1.1123281633839506,1.4270934926500894,1.2112988837983,1.237618568955798,1.251174076870123,1.4615912216946039,1.05978574870394,1.4891236968370248,1.3643940209160453,1.5123606578895495,1.599089842121993,1.4753460863237189,1.6307989268158168,1.0968031173373168,1.5231860011156245,1.4221200685459295,1.5218845219766766,1.3632183937544947,1.6167129574484234,1.4457327721524583,1.2535381591737603,1.2849154755680304,1.5903936202997598,1.3274803045481243,1.6236885318721837,1.3545500361722565,1.4712226386222596,1.378181583520134,1.3600798608365526,1.544111595840506,1.4962608330988044,1.5369441212282356,1.7209291522201545,1.5886172579418272,1.5275605945376803,1.410641789892018,1.757702813534452,1.694425429549286,1.525722535385378,1.432983901299677,1.5718234740515039,1.2722968815283713,1.6036601887721962,1.6196303345718648,1.7614902795991592,1.646313688403863,1.213472584537077,1.5633967802477729,1.494131786915433,1.4845763570733566,1.4461475874078398,1.6601413940422909,1.2665986768461278],[1.9524878114255098,1.8294459218193482,1.9629803901351435,1.9722272098146972,1.9836118855250185,1.943640873420068,1.9911625362892292,1.9901627737748844,1.9862430076075993,1.9291137058008295,1.9420199492269764,1.990816140181861,1.957435504635135,1.938488972778245,1.9892376519729143,1.964717472655128,1.9743279343951277,1.9815272257214623,1.9116443384913169,1.9360494232532948,1.9000181097218212,1.9686868438954804,1.9329946305044295,1.3739127128691216,1.1474108408670463,1.2615649236145313,1.297246590105184,0.9232405905772592,0.9758998061596906,1.126842617176967,1.292373505969004,1.4951321277270804,1.107847359555628,1.1224763177657787,1.3606065159175609,1.3149041992235225,1.2993119676960703,1.2116735914274473,1.4704783745154604,1.0814013177313382,1.372113750731378,1.1367616859942187,1.2251051497485999,1.166919441593628,1.4120830986171809,1.0070421095046327,1.4518150493470866,1.3704105934434936,1.4766782832013175,1.630843346126303,1.4517575612336056,1.5845586990578875,1.087705688827231,1.53145530832537,1.3737380247734379,1.464164409912209,1.3327065895147668,1.629413578857444,1.43962161362905,1.254361393734872,1.2896503483645586,1.5585488565562514,1.3629687341340902,1.646648359231769,1.373764137169605,1.4686357081019322,1.4071760198639643,1.3525090960545004,1.5491062975848427,1.4195965305473307,1.4513192628494774,1.6442682389016874,1.5194982966652942,1.4413233995975195,1.3394250223960316,1.7338466634981576,1.6495002315184507,1.442350912702493,1.3468202763830104,1.5347985353279304,1.1692617113493596,1.5277869921429617,1.5582463258373656,1.715614445295692,1.5741964946195264,1.123820655574609,1.4850062465688288,1.412228154246409,1.390612848496119,1.3647786866219614,1.615641991354573,1.208488624138454],[1.9356315442291857,1.8435483127756234,1.9871491428737703,1.9635823133263167,1.9784854632301805,1.9608499677156389,1.9901627737748844,1.999640993979455,1.9766707286123045,1.9626386807909846,1.9249786418315116,1.9882965836944569,1.9727586015417614,1.960996420633315,1.986453485059099,1.964727964515836,1.9659874201819832,1.996551503254719,1.9365870640048407,1.9603409134169543,1.9034441359456556,1.9892001686919448,1.9521929272192103,1.450249182753377,1.211293171973971,1.339657019183802,1.374376069803199,0.9883961397349237,1.0455600644255175,1.1926610882182645,1.3669479137033287,1.5689896134836832,1.1754644389167375,1.182257099220442,1.4349456863551878,1.3934958525979549,1.3761268450546207,1.288264474824969,1.5453682233040167,1.1473537274853827,1.4476780437826285,1.2145484196998134,1.286473176665953,1.2459766446849648,1.4862161392296896,1.0776806145702985,1.5225554318722472,1.4240859619162956,1.5466875435578294,1.668446649400292,1.5182714962136679,1.6545524123659128,1.1452047639507688,1.5838615309586626,1.4478458054242803,1.539159618544715,1.4017613512498358,1.6782564378243806,1.4993828904361247,1.3097482404722856,1.343328459692966,1.6260568979044073,1.3932987392874235,1.6895684371067259,1.4192311999757297,1.5267112858500783,1.445462451727853,1.4128259135292456,1.6029847964929478,1.4970502600963874,1.5266244408246923,1.705773451718774,1.5939573984975238,1.5169054546913743,1.4177161120135256,1.7925800436503479,1.716593342854144,1.5185641834266337,1.4252566810408072,1.6041854680603,1.2422715939365188,1.6014219386978886,1.6309801237783175,1.778686678811166,1.6457533608280433,1.202500521203782,1.5602895462226465,1.489613522292443,1.4650915809075414,1.4432303909050966,1.6841880578312472,1.284217614876832],[1.9593947280121405,1.8268415726595926,1.936342005589272,1.9829940430741702,1.989181463578019,1.9309671792112396,1.9862430076075993,1.9766707286123045,1.9909148586397226,1.8906846685859749,1.96358312185663,1.9919361431036738,1.9454576361222227,1.919762236874679,1.9856071735577988,1.9535621645136008,1.984471363657306,1.9612256856077038,1.8742204145334836,1.9152616117959163,1.8802278472138175,1.9421263695830902,1.9016615818899925,1.2940184049093647,1.0708593026421747,1.1818916982229762,1.2170283238550637,0.8508263771741574,0.901109619143465,1.0497637491560239,1.211748645418154,1.4175918555621366,1.0304349657042598,1.048197464284104,1.2801908716057016,1.2359806013926136,1.21898350328548,1.1317378738702817,1.3924982463783738,1.0049832603341634,1.2919534152621464,1.058772942189501,1.1490666925662257,1.090212532668767,1.3322662985104892,0.931229309936223,1.372761726030182,1.2986350919862988,1.3981887171641956,1.5729507486639612,1.373768116958348,1.5100068835570473,1.015092782729492,1.461594919195899,1.293429170547974,1.3859881298693293,1.2530808057437242,1.5634984443634817,1.3645177368943425,1.181639764239505,1.2179242157548192,1.4825633476143477,1.3103561522006127,1.585079792822986,1.307915002179008,1.3947001337147716,1.347212965568815,1.276711512989849,1.4785955474638526,1.3436005797106905,1.3805993735226899,1.589554765048997,1.4456199619107023,1.3703786046802716,1.2604902018562059,1.668054167402339,1.5787212166072935,1.3698580701960966,1.2719449694687,1.4578709497214462,1.1048836740473247,1.4568880447885116,1.484543135008417,1.6508126353836466,1.5051376306414686,1.0490012052520406,1.412513312126566,1.3377449549103354,1.3228166896545844,1.2886283198461573,1.5426263781266195,1.128434003682182],[1.844152938650532,1.7914831692658305,1.9890970677236224,1.8646705167642095,1.891996200911855,1.927274668426872,1.9291137058008295,1.9626386807909846,1.8906846685859749,1.9997931278372248,1.8007891239746763,1.9125772128924477,1.9360417808622257,1.9442976178835774,1.921886166974409,1.9203921567392417,1.868477772331212,1.9785171545430128,1.9690653823358043,1.9494779190278667,1.8849306534800965,1.989299708237926,1.9658744945429066,1.6573405002728093,1.421723863606352,1.5559057842538314,1.5889808598899918,1.2048764140548894,1.2669822959204976,1.407189978920428,1.5821645446692423,1.758531041371915,1.39332025467696,1.386115469732375,1.6438692582534762,1.603324579864315,1.5907717128879906,1.5088398555604419,1.73853814913907,1.3636569970125863,1.655400288387908,1.4357722448611692,1.4879653105465734,1.4612229576933507,1.689125404435906,1.3001227495284225,1.7186662001188129,1.5981922502740656,1.738884192345332,1.777769034522209,1.7095263929313716,1.8270347911048366,1.3458663520103589,1.7396991177878448,1.655293637950097,1.7334432275673742,1.6084355055151148,1.8143980236442,1.6803564357918178,1.4964833604505757,1.523606838558164,1.8036199755087697,1.5034350526908658,1.810043887356798,1.5724639814491504,1.7013458454064057,1.5764426034163337,1.6029183907043805,1.7599731636814867,1.68937469462812,1.7001999974438829,1.8150447092386955,1.7712141158090705,1.69199819497193,1.625483164174076,1.9250068793199163,1.8723520580679279,1.6983479855867614,1.620325322199976,1.787058634129953,1.4173375653353305,1.7691277602765139,1.8041117198342556,1.9113942444145516,1.8039379962180402,1.415244497447105,1.7364690215177297,1.6780168269262983,1.634369799265233,1.6407009712782106,1.849368951115686,1.5050829224990508],[1.9224566425135903,1.8386482524619877,1.869852166523767,1.9843439841226554,1.977944645728401,1.9050184436445366,1.9420199492269764,1.9249786418315116,1.96358312185663,1.8007891239746763,1.988224112002222,1.9688944528993735,1.9169130398988444,1.8827405855479154,1.9419833395477102,1.886943739439352,1.9839617203302334,1.8962544057058444,1.7665966573841928,1.8744262681679607,1.789061251531264,1.8660976997665558,1.803494330585665,1.1546018157309677,0.9164044353779934,1.0495404509783156,1.0794400000155882,0.7190328990892163,0.7706170912931702,0.8983250577582114,1.0660130270290827,1.279574216756389,0.8824452950179442,0.8928323054645724,1.1337290384924098,1.1072761292722989,1.0801028109500313,0.9951012096837663,1.255727001129531,0.8571027144444975,1.1494925272879764,0.934261376883531,0.9894361808285321,0.9740151208977901,1.1869497188729808,0.7987099785017195,1.2213302930082442,1.1352320311762055,1.2468049582533405,1.4212967713283525,1.2160232891159682,1.3728274030272714,0.8610445562348164,1.3002666509970984,1.1466193767033608,1.2487829019779629,1.0968571667926264,1.4073972905924027,1.201779102744765,1.0200928560741003,1.055738760427717,1.3336710097997036,1.1670856718953478,1.4314525763758833,1.1481100207795572,1.2320350866703432,1.1930594977561507,1.1138164443250923,1.3179760316990317,1.2225248613682616,1.2755088111565903,1.5119424914029263,1.3238928298802347,1.2652409212926466,1.1305979774924906,1.5351517821340189,1.4484164244129972,1.2598425023084677,1.1592952432134276,1.3103038169276916,1.0252194196024947,1.3453081825968028,1.35838362326238,1.5335160307375058,1.3949733139841592,0.9403055364296687,1.2993261073317384,1.2229436037696029,1.2289616340350953,1.1703842280350936,1.407484918609847,0.9891325361510294],[1.951732770130667,1.854207493703858,1.9563948764502853,1.9908394533336998,1.997418112425714,1.9541047490522466,1.990816140181861,1.9882965836944569,1.9919361431036738,1.9125772128924477,1.9688944528993735,1.9998846690342425,1.966638748977108,1.9447449698321138,1.9887951305574734,1.9536671613753323,1.9921999223797227,1.9743532578073846,1.8848413490964356,1.940827743418502,1.8768160072376326,1.9571032324306988,1.9100558758602456,1.3300919445364022,1.0903491767314988,1.2193651808686606,1.2530065202519108,0.8737261183929874,0.9284662565525279,1.0711708691335409,1.2436869825009085,1.453918802689821,1.0537846857725107,1.0639911351320413,1.3127977172913979,1.2755346594706148,1.2544328947694104,1.1662583992564384,1.4295574444025923,1.0267165460146104,1.326658363840167,1.0961068590257435,1.1664937660070388,1.1310227631418025,1.3657724744377658,0.9592615423772626,1.4027549774133748,1.3113351241234062,1.4280031320306273,1.5795922428069285,1.3989562686695559,1.5448741038871226,1.0289902587765947,1.476141549634182,1.325970882034859,1.422927976158794,1.2788139094700742,1.5779267234106272,1.3830913626222803,1.1944445577101695,1.2297652229406689,1.5122727249521014,1.309592600972719,1.595679351519914,1.3151766697971157,1.4124138463267005,1.350695960312762,1.294393734064346,1.4947182512142308,1.3857100676786774,1.4253944544842748,1.632816250710428,1.4867337917002895,1.4152315239920479,1.2998884102679902,1.6973174493136858,1.6139413243040995,1.4140340058032095,1.3157937120081982,1.4890053407592268,1.1500697729988339,1.4999348781748699,1.523817106603707,1.6869463055276542,1.5475820556560276,1.0907594505992098,1.4558258882433526,1.3812218532565835,1.3688068976140742,1.3313857213569976,1.5773186576535397,1.1615891440190325],[1.8924004008906173,1.8642042733590599,1.9659955858290328,1.9503520582207923,1.961289856109614,1.9587008314299093,1.957435504635135,1.9727586015417614,1.9454576361222227,1.9360417808622257,1.9169130398988444,1.966638748977108,1.966745975793514,1.9574161757482088,1.9523644877469844,1.9202146672457999,1.9519442878068226,1.967089074378564,1.890963269345423,1.9561998886842829,1.848770147800416,1.9583730350814946,1.9069248850680692,1.4318326102433057,1.1705932496882415,1.3273428228026807,1.3576321993986916,0.963010774184192,1.0253173132571246,1.1555171543333037,1.3421301120078888,1.5496726003444613,1.1420988947589368,1.1374650691999016,1.4097004450447939,1.3845610706496628,1.3581888475811955,1.2712514452417572,1.527831994511949,1.1125045713721627,1.4263952706204389,1.2068103590704269,1.2405970761804582,1.2456274057805717,1.4617741895026726,1.0570685127690545,1.4909364807527528,1.3700423431779634,1.51450757156923,1.6087921514210766,1.4786449393019457,1.6323607624536814,1.0992785731533539,1.5301461584749153,1.422199923487049,1.521394845496447,1.3650234604907046,1.6247718788639199,1.4507214969654668,1.2579676110602958,1.2899183211504895,1.593465973922463,1.3350584540387978,1.6327857699499638,1.3612937933820946,1.4767433999043743,1.3858419398416944,1.3643550717461633,1.550894620007857,1.4931017477741538,1.5326042689713789,1.7182828656574139,1.5869549045929464,1.523089436633527,1.4077695485542073,1.7626761385736658,1.6964818701248677,1.5217034693734375,1.428137521886855,1.5741726417967195,1.2636940667230344,1.6010800161821393,1.6191724106214234,1.7637181361665718,1.6444440926414564,1.2069538185015539,1.5602863454612324,1.4902037571807188,1.478602355395503,1.4420699914883546,1.6620775419415029,1.2645283744741512],[1.8641318583315239,1.853962081026615,1.9654501400067717,1.9228352669345493,1.9368525752871478,1.9507082399182907,1.938488972778245,1.960996420633315,1.919762236874679,1.9442976178835774,1.8827405855479154,1.9447449698321138,1.9574161757482088,1.9539006659683987,1.9323195847819377,1.9047537478427823,1.9247381915759419,1.9602166723782697,1.8959457605904762,1.9542153697691958,1.839484332390069,1.9562509571152663,1.9069693859769866,1.4840298446825154,1.2201846443679048,1.3823089863598446,1.4116926408879316,1.0151779642102926,1.0795181991544472,1.2064510574484424,1.3952486168246774,1.5976835197494697,1.1942311880898289,1.1849488136767517,1.4614038348606882,1.4385875745218742,1.4121027164101186,1.326474329690912,1.5769355047600189,1.163999603975965,1.4783568316795886,1.2632150271507366,1.2876597973500737,1.3017351236301043,1.5122293132301273,1.111578295601748,1.538878232678097,1.4099273114473757,1.5614621222459844,1.632374100147098,1.5244104555899774,1.675886308593734,1.1457787826222637,1.5657607145485427,1.47352154836829,1.5707298873395517,1.4146584558107214,1.6555816024060817,1.4929207298689682,1.3009308796741435,1.3312366027494216,1.6368823130595203,1.359347053487697,1.6593814227426048,1.3958135729118769,1.5172924029489732,1.4149090790738997,1.4086514474971038,1.5869684004135052,1.5438048401678327,1.5802062518410636,1.7507588972567819,1.633668589932355,1.571081577642906,1.4612154690905972,1.7952598320980682,1.7361630198234195,1.5703994682677678,1.480351637142484,1.6191957858917308,1.3133995529940475,1.646389030454371,1.6642358500008044,1.7982925415502096,1.6872796619678008,1.2629950795202703,1.6076941636494676,1.5405898371082026,1.5262015694564928,1.4943199201062694,1.703825857250418,1.3194527018699938],[1.953479983817813,1.8243328602864318,1.956937806850348,1.9709609831553732,1.9818844766059945,1.9382279047732372,1.9892376519729143,1.986453485059099,1.9856071735577988,1.921886166974409,1.9419833395477102,1.9887951305574734,1.9523644877469844,1.9323195847819377,1.9876361725984713,1.9630982180917982,1.9730315569699178,1.9770667783059793,1.9063573761176154,1.929629185195437,1.8984308143906033,1.9634607020200293,1.9285219582620677,1.3614045493562484,1.1379601937481348,1.2488973940845607,1.2847578694808742,0.9136325830291501,0.9653572065105943,1.1170378418509897,1.280502201162201,1.4827238317686767,1.0977015325212239,1.113831737177886,1.3486177200799246,1.3019496771795663,1.2868977915972256,1.1994735613729657,1.4579288558059709,1.071609884328433,1.3598034219814026,1.1243022849156295,1.216018932315214,1.154011157118052,1.3999770049462499,0.9962962415332937,1.4403237826345015,1.3624288945249977,1.465251159403643,1.6248885742233102,1.4411418744344098,1.5725844045381239,1.0795209628940028,1.5232462216738865,1.3617631970718465,1.4516205694348075,1.3219145995042272,1.6214858833255257,1.4303483599822096,1.2463171170662344,1.2818428019434312,1.547303884146264,1.35891195847112,1.6397089818011342,1.3672012936680787,1.459589902739577,1.401742224268709,1.3433617040227537,1.5405681167474724,1.4064444385502389,1.438194017489304,1.6326378295905422,1.506629679992355,1.428175235672738,1.3264840074846674,1.7233997414696079,1.6377433154989616,1.4291703371158867,1.3335296254043079,1.5232567235654527,1.1567789237044624,1.5148689067502419,1.5456586622501712,1.7041636958758056,1.561500186175414,1.1109403718632565,1.4719348072621999,1.3989979487385743,1.377600477354537,1.3515383824015158,1.6038048850470628,1.1964990104807325],[1.9289641652047814,1.7795357038914093,1.9426844625402167,1.9251685113468816,1.941454000392489,1.9053782478431028,1.964717472655128,1.964727964515836,1.9535621645136008,1.9203921567392417,1.886943739439352,1.9536671613753323,1.9202146672457999,1.9047537478427823,1.9630982180917982,1.9515540253582793,1.928024195552776,1.9620244921027728,1.9161880429699432,1.9039218828646925,1.9030799771389858,1.9541979289605936,1.9329512331503716,1.406623846881467,1.2014528173759745,1.2947287036891467,1.332044136732558,0.9724504331560462,1.0213705606589119,1.1794373126052754,1.3325941972256037,1.5223204119302612,1.1587400981733836,1.1791349010731312,1.3983538773497999,1.343705699613174,1.3348194287060693,1.2496573233279925,1.497826055768032,1.1336901350997564,1.4067953463629029,1.170748726744217,1.2797659009823417,1.1948798598398407,1.4469764583965122,1.0522596321275384,1.4893027452084067,1.4237461550147606,1.5132189256152518,1.6710986289142618,1.4940741330098302,1.6081990734677195,1.1455320545167765,1.5767722783689649,1.4111679967010063,1.4920067444915156,1.3786668233689597,1.6682073557020929,1.487480489323057,1.3108180470193618,1.3456323589432918,1.5906225249899125,1.4141246055180952,1.6852671183708144,1.4278507578592004,1.5156963841982079,1.459364152834664,1.4041019781132725,1.5926623231507507,1.44007829981263,1.4625981278649283,1.6362338611708243,1.5366207380683106,1.4529972099423452,1.3679034932297778,1.7511315215231949,1.6671031752710557,1.456339952374968,1.365743130330471,1.5666951561452783,1.1797247971149374,1.5394070593206893,1.5764000587047669,1.7241122397373592,1.5834691383259006,1.1495050333821993,1.4989837109645015,1.4297376152903805,1.3990231167242378,1.3858817965028019,1.6370967511224948,1.2483117960077448],[1.9424648175465105,1.8558800429772083,1.924194375002108,1.9944584898698475,1.9951110964314989,1.9399343267824366,1.9743279343951277,1.9659874201819832,1.984471363657306,1.868477772331212,1.9839617203302334,1.9921999223797227,1.9519442878068226,1.9247381915759419,1.9730315569699178,1.928024195552776,1.9950021281079567,1.945251764840058,1.8360167412238762,1.9188196755453185,1.8404882179677167,1.9220987695762979,1.8665881247921459,1.2541254939374212,1.011664159243168,1.1456832080846593,1.177507490926081,0.8036497324145562,0.8576909256329668,0.9931440004894141,1.1656155312830053,1.379274034606426,0.9766299293775149,0.9860754427352876,1.2345411724496192,1.203217180536118,1.17850236768532,1.0912363519649549,1.3551148711028845,0.950054210459588,1.2496793790067318,1.0255790335656714,1.086477708575792,1.0635040510707695,1.2880648693423007,0.8874190504846611,1.3235499359047643,1.2320309572588629,1.3490337236466877,1.5095896719397875,1.3183849953705145,1.4716820426619469,0.9522242918443873,1.3980952628947839,1.2476464126791758,1.348277825332508,1.1980819962496368,1.5030096810004854,1.3023863436541952,1.1153511413322784,1.1509119448503045,1.4350415980431653,1.2448992471518015,1.5234092502651915,1.2396175618347503,1.3322222506408328,1.2794275124232464,1.2134274788913353,1.4165537242610245,1.316847961230415,1.3635843766563197,1.5859572493888677,1.4184969271775395,1.353319548190325,1.2271924041734599,1.6290156418486568,1.544346706679236,1.349983727028137,1.2500029410359124,1.411775086428845,1.0988922741551935,1.4360172133469769,1.454292167112201,1.6237175443846513,1.4848314466222488,1.0263277133523595,1.390781419638421,1.3149005569083257,1.3117084410655458,1.2633512686951552,1.5053615460527046,1.0857325114236405],[1.9202825449686983,1.8305396628083517,1.9933869355604213,1.942366077643678,1.9611037486137029,1.9555142360250158,1.9815272257214623,1.996551503254719,1.9612256856077038,1.9785171545430128,1.8962544057058444,1.9743532578073846,1.967089074378564,1.9602166723782697,1.9770667783059793,1.9620244921027728,1.945251764840058,1.9987166089238136,1.9537638429550953,1.9611367713929434,1.9088178891705264,1.9962077315558693,1.964558586696401,1.5054901665503376,1.2693318659323177,1.3958853545461969,1.4309065316204992,1.04490632177929,1.1028065768240914,1.2511110679113605,1.4246267297457629,1.6205625939914068,1.2341246362905949,1.239189659185946,1.4914400767807568,1.4479899905564047,1.4328246990931684,1.3459040713235438,1.5975076504614172,1.2057293846424165,1.5034243056599408,1.2708763438707219,1.3434077129068103,1.3001174741074602,1.5413586441165098,1.1353496418543872,1.5771324957665312,1.4761804069196303,1.6004821022295235,1.706386609949329,1.5727390685806063,1.702651887472134,1.2013911705603678,1.6319945947352444,1.5040878253630286,1.5915735336549493,1.4591096417267902,1.7218218742508873,1.552576105949615,1.3641187747963624,1.3965288272420927,1.6766408958180697,1.430870437702866,1.7298287347743362,1.4669496670850133,1.5786571678907935,1.4882424032915678,1.4678808911390627,1.6512100467457714,1.5471437504772577,1.5711498250908105,1.7344453384601848,1.641131496509465,1.5617388429086017,1.4719370159378853,1.8322953003071987,1.7605551449355166,1.5648840059264693,1.4749289495335168,1.6556429427440179,1.284392479105443,1.6455176039283628,1.6778644356718476,1.8165425050502835,1.6877967914266059,1.2552923740871514,1.6062543132978049,1.5381988685421884,1.5075197595415094,1.4940231060353473,1.7305979292845644,1.3422500971918888],[1.8436616734504488,1.7316089748754587,1.9546025063442934,1.8316506599169458,1.861148785739045,1.8790332243969297,1.9116443384913169,1.9365870640048407,1.8742204145334836,1.9690653823358043,1.7665966573841928,1.8848413490964356,1.890963269345423,1.8959457605904762,1.9063573761176154,1.9161880429699432,1.8360167412238762,1.9537638429550953,1.9612496891800966,1.9011770377876652,1.8947260392696442,1.964853095460958,1.9584209799481405,1.6268825454760195,1.427110960039017,1.523070722621445,1.5594357290231887,1.2011319561718448,1.2547136574593392,1.4087052990066616,1.5616602162644758,1.7252524152338227,1.3908076797937646,1.3984870643666226,1.6213337304807634,1.565282106213202,1.562417623700223,1.482811727122509,1.7041384043709112,1.3642359347403419,1.6280690292485727,1.4030568819174035,1.4973507713736916,1.420314746331932,1.6639123909097227,1.286843132286037,1.700389981637688,1.6149114634114419,1.7204677833789957,1.7964747987615804,1.7012439019306285,1.7943939939756069,1.3615690671562349,1.7495605326356834,1.632747005714258,1.699461546662107,1.600777724667932,1.8208729579871018,1.6852416013039129,1.514205846877708,1.542758144264117,1.7832344937470022,1.5394356095457356,1.822055051859548,1.5979968188195613,1.707204579638229,1.6067208366628767,1.6108889615308495,1.7664963050586396,1.6435734018962319,1.6458185198334577,1.7537552849891603,1.7255216695397838,1.6377014053552648,1.587606464847062,1.8977057219852609,1.8361641596786418,1.6462230431774892,1.5708887166426429,1.7643330003995146,1.3617125544555322,1.7177429748173115,1.7618501006125036,1.8692001505953569,1.7523914551031115,1.371661855643338,1.685756274267657,1.628623583685124,1.5766711672442915,1.5940567694052879,1.8159239635046072,1.4820993655110658],[1.859458106921183,1.8505976852069024,1.9677389363600322,1.9167770023723157,1.9319307416108014,1.9496265908149609,1.9360494232532948,1.9603409134169543,1.9152616117959163,1.9494779190278667,1.8744262681679607,1.940827743418502,1.9561998886842829,1.9542153697691958,1.929629185195437,1.9039218828646925,1.9188196755453185,1.9611367713929434,1.9011770377876652,1.955012453193497,1.8408746022507135,1.9586370675553034,1.910734619728835,1.501478808916112,1.2379682730027247,1.400156827243698,1.4295579193426758,1.032748417881244,1.0974399358748113,1.2244375826853625,1.413307095059973,1.6139978488173863,1.2123608600806697,1.202287646351161,1.4791022726960637,1.4559702503586985,1.4299971389413429,1.3446572942197397,1.5934554331166633,1.1820011587733302,1.4959059270390467,1.2811464258315555,1.3049955423578026,1.3191253398164982,1.5295359076078424,1.1296347595836598,1.5558681422971124,1.4255712557390364,1.578202704860303,1.6435315241650344,1.5411878647845677,1.691081058994735,1.1628520620288568,1.5802348011053,1.4911363834570786,1.5873297704935319,1.4323662916461922,1.6686788621304634,1.5090775720740484,1.3173201399324735,1.3472218272432793,1.6526355050737865,1.3701748412622033,1.6713632145191393,1.4099547355940856,1.5330354732952294,1.4274274715277684,1.42536809287243,1.6015230698198658,1.5599204014197526,1.594736031515163,1.7603934014288268,1.6488350772424605,1.5857099376725486,1.4784996326769835,1.8077291752569523,1.75011955592972,1.585449687465956,1.4964353931170203,1.635269190648223,1.3273282337682169,1.660699174379355,1.6792358553440972,1.8104455142838947,1.7009372619625596,1.280033431389854,1.622590218370756,1.5563066160740658,1.5401664817148194,1.5106918101413949,1.7185018675360109,1.3377035480207536],[1.8656320260290785,1.6998612790802926,1.8912589084557552,1.8368247183334399,1.8588163848674438,1.8338418548342038,1.9000181097218212,1.9034441359456556,1.8802278472138175,1.8849306534800965,1.789061251531264,1.8768160072376326,1.848770147800416,1.839484332390069,1.8984308143906033,1.9030799771389858,1.8404882179677167,1.9088178891705264,1.8947260392696442,1.8408746022507135,1.876527693863129,1.9081901058293123,1.9043808593914307,1.4443828429344375,1.2678592566742278,1.3367107554479257,1.3745905475216365,1.039059500243649,1.083273338982001,1.244995947634105,1.3808857775902315,1.5496613270874327,1.2231204917556449,1.248629413750322,1.441782890451653,1.3794158195743505,1.3780337812450714,1.298141194741192,1.5263380732722368,1.2000829999162488,1.4466582371589934,1.217137678268665,1.344510736572662,1.2341258144633006,1.4855832168136183,1.113277441219902,1.5290115212404434,1.4820518801686796,1.5509479956339348,1.7038179662874205,1.5386406980241532,1.627932808166642,1.216919134584317,1.6204827325192378,1.4537999511882316,1.5212871505154145,1.431399869175635,1.7005253748126153,1.5379377111512758,1.3761999950148248,1.409341830087471,1.6202282708021359,1.4686465742727777,1.7160698429198896,1.4862811344481069,1.564116620231813,1.5140677966906456,1.4615944844018055,1.6338914589315755,1.4633170826435225,1.4747204549397067,1.61861770613603,1.5523397735433827,1.4659275046683012,1.402451705183169,1.75657692238067,1.6774111506646188,1.4717517312671336,1.3898943367459449,1.5971959978622668,1.1997578821324365,1.5488626414578946,1.591556098674256,1.7213621599215213,1.5883900295464808,1.187439910101636,1.5127316976892192,1.4500681416174984,1.4101795065075469,1.4117532312076305,1.6530892103226132,1.2987838546191504],[1.9007380762491156,1.8164077421996164,1.9951784785736482,1.9188115139926064,1.9408875076697448,1.9473171853490077,1.9686868438954804,1.9892001686919448,1.9421263695830902,1.989299708237926,1.8660976997665558,1.9571032324306988,1.9583730350814946,1.9562509571152663,1.9634607020200293,1.9541979289605936,1.9220987695762979,1.9962077315558693,1.964853095460958,1.9586370675553034,1.9081901058293123,1.9982424913149877,1.9710236725537938,1.5566671492626865,1.3229393651416713,1.448755126944009,1.4837254857333556,1.0986321907774868,1.1573498967726393,1.3054010373837864,1.4781960228928409,1.6676407665668523,1.2889000518578425,1.2915507714111363,1.5435631884247945,1.4991052077319356,1.485742717812969,1.400129750499651,1.6453178593565459,1.2602370470425295,1.554965170768646,1.324536516894717,1.3953413199661907,1.3518413807611439,1.5919986745665709,1.1901819062463553,1.626704105794448,1.5223161907545154,1.6491647911160886,1.7374420558549789,1.6217774009442168,1.7458667877621124,1.2530651873880126,1.6737192531761152,1.5558928825979533,1.6396655761106363,1.5115775172562365,1.7587743580669455,1.5998915479636862,1.4130466600323966,1.4440710493069107,1.7218585120979522,1.4622720158927996,1.763295303899953,1.5084756992588675,1.6245671233691408,1.524642788726811,1.5173485883560916,1.693067118836555,1.593761317440128,1.6126138994456483,1.7600824183592734,1.6843839343633707,1.6035493281904719,1.5226428354999784,1.8664503838346112,1.7996042860079487,1.6080212467393023,1.5217026371297569,1.7019335588395462,1.3251150791468347,1.6860213356127845,1.7204759910914767,1.849672740841461,1.7260915430866347,1.3060604046967952,1.6487548045541785,1.583561456248442,1.547446491259472,1.5416563342412855,1.772056425514773,1.3967435346921414],[1.87197032403827,1.7513316516064539,1.9606006396463407,1.862566339770222,1.8890419004224269,1.8942625100405187,1.9329946305044295,1.9521929272192103,1.9016615818899925,1.9658744945429066,1.803494330585665,1.9100558758602456,1.9069248850680692,1.9069693859769866,1.9285219582620677,1.9329512331503716,1.8665881247921459,1.964558586696401,1.9584209799481405,1.910734619728835,1.9043808593914307,1.9710236725537938,1.9604827492336457,1.5763987243291407,1.3726057001089618,1.4695954807201646,1.50644135261523,1.1441109851273242,1.197081591403689,1.3531544052392147,1.5080093123904775,1.6802860069451429,1.334439420341138,1.3452834275441506,1.5698790351713837,1.51411784529792,1.509363051761032,1.4275201144563104,1.6581245369807243,1.307978925876793,1.5772461546915493,1.3474914229885169,1.4455390311090493,1.3669774718435824,1.6145033591153624,1.2291695430240899,1.652687270805753,1.5710251634185133,1.6739608900958039,1.7713316487581912,1.654363173037086,1.7544150761129285,1.308873670320886,1.7118087435769823,1.5817655992519116,1.6530943287326117,1.5490268437464,1.7890558223329623,1.6404406786211535,1.4661757659203055,1.4966197727855102,1.7411833091376257,1.5120097651137737,1.7942779854960254,1.5593859462787834,1.664230126304824,1.5741201715027098,1.5629810572668328,1.7286771564539286,1.5980953775193099,1.605967689963504,1.7320928768829092,1.6845824750958723,1.5973912050323503,1.5371279575438275,1.868818403069754,1.8011147882409129,1.6045500654009602,1.5244740489775846,1.7208473501765594,1.3200485733101278,1.6796753012888107,1.7220328418243245,1.8408142832760939,1.7170803649414382,1.3188859850236799,1.6451870626180588,1.5843448541941144,1.5378466263827469,1.546946682438002,1.7780812171174927,1.4265532559526817],[1.2521351945424802,1.2993326749036505,1.5602600546247155,1.248642875754725,1.2930895031834189,1.4330103839549973,1