{"name":"DynamicObjectArray","generic":13,"parameters":{"array":[{"name":"MatrixSerializable","generic":11,"parameters":{"name":"K_train_train","value":[[1.0,0.8469300759320056,0.9435723483882978,0.9649233602306723,0.971274686052479,0.9200619244160765,0.9888861123380937,0.9730784927520234,0.9922075841669293,0.927766615210668,0.9533120037411391,0.9771926542260804,0.9316358436105895,0.9153365821744088,0.9912128587866034,0.9917578098534839,0.9664647583288832,0.9678656022996934,0.9488408798826861,0.9135366935512634,0.9764698177348555,0.9595456405478705,0.9624728509386701,0.6415191072055643,0.5556338599155642,0.5826870988604161,0.604028016378874,0.4355823427142221,0.45733686917734786,0.5426292292826395,0.6102240353377101,0.699372255797583,0.5304204689446992,0.546556820470235,0.6426777026521232,0.603539341683434,0.6062670990964013,0.5646123451466948,0.6857587464241444,0.5186641649992047,0.6438009988078919,0.5201493221274911,0.599086944146643,0.5251506650443065,0.6659857080649493,0.4723550834177989,0.6927810308409078,0.6838609223325148,0.7052610876674748,0.8318260667031067,0.7022407467678962,0.7451407366212306,0.5297197071232369,0.7633851375512269,0.649275828266913,0.6830456644071646,0.641724376941591,0.8121507180786337,0.7086540366956667,0.6213838564618588,0.6420943652898218,0.744920433111467,0.7167938059068344,0.8295392853556506,0.6973504412463607,0.7250598900271191,0.7258286476424359,0.665457929990739,0.7688266514412034,0.6464341979193889,0.6495964153976385,0.7379371919192884,0.6970523374175834,0.6445759982104954,0.6160538437441665,0.8272736585770002,0.7740810580279555,0.6487389057914511,0.6040946577004747,0.7304443469964195,0.4912440859352431,0.6935102446963917,0.7208698722259376,0.8008152877866678,0.7169305217237074,0.49907522800206596,0.6726955149862274,0.6375810773827391,0.610992216239437,0.6174879551361933,0.7599843899556509,0.5658492485625669],[0.8469300759320056,1.0,0.9354294424702082,0.9499295247158013,0.9450497190399178,0.9800561061346298,0.9046093025801629,0.9256953509784766,0.9031519369340626,0.9073566671456872,0.9474899641790054,0.9364044622002703,0.9740855156384779,0.9752862397382,0.8988851834552347,0.8567038553597064,0.9486465976572581,0.9163671191966658,0.83964667033171,0.9730995176226392,0.7934723523857186,0.9085917350149958,0.848235835803056,0.6741793142489514,0.5003491878588344,0.6323296309490943,0.6397913153269083,0.42733123765873295,0.4663745988500491,0.5008166860990815,0.6171601855864505,0.7316944950087764,0.5018950001882233,0.47357424947182527,0.6499997243527751,0.6679863643092416,0.6378929058878011,0.5955397073660811,0.7243293670244358,0.4843234651119784,0.6659556385324632,0.5778369248007482,0.5220764831236309,0.6104683690158957,0.6774881556517435,0.4817368946221505,0.6774404559938093,0.5615651584867151,0.687863810559574,0.6606754028658389,0.654214861353671,0.7670383086745235,0.4511357867000318,0.6429587805225306,0.6554402726466596,0.7206222850166941,0.6048590069899366,0.6901473519899765,0.6184957740591945,0.5125225115750357,0.5227868335111181,0.7257506046337516,0.49966549214780089,0.6835974921462324,0.5386604615608396,0.6276980532250199,0.5380296525123498,0.5763901064585797,0.6580804174836249,0.7344734875542414,0.7783884203400532,0.8964940626031639,0.7766272252283598,0.7737742592084952,0.6780579640461907,0.814551943699798,0.8034702556253039,0.7655472842331833,0.7147645943658575,0.7217603431075249,0.670415765851803,0.7992597491054765,0.7826163468265199,0.84862556619773,0.8196210048535224,0.5978492871818616,0.7785962481788216,0.7428560993624939,0.7692867899676468,0.7135078363197378,0.7820000261118468,0.5875254535023256],[0.9435723483882978,0.9354294424702082,1.0,0.9664500741872758,0.9750905113608088,0.9860328043926652,0.9810849000686639,0.9937803072465862,0.9690935013176235,0.9954797763753586,0.9438038162492193,0.9807189970033646,0.9892721363551306,0.9898813365438139,0.9779428115954378,0.9687736683531191,0.9676321365806732,0.9961497453776864,0.9747246689047819,0.9908528541885631,0.9422277271690278,0.9967981322270685,0.9773713115190212,0.7997139599695252,0.6724824981209633,0.7498618086837189,0.7653134603178289,0.5701141066417745,0.6028579622717704,0.66672387742399,0.759333348862172,0.8519794759187797,0.6613388778118039,0.6521296110568955,0.790565047108802,0.775257272830419,0.7658474144984375,0.7246553315302898,0.8421714259557938,0.6457504038392461,0.7977505037231082,0.6901972392934406,0.7040949044235838,0.7049240191701449,0.8140291555970585,0.6192564875869665,0.8270073124321468,0.7592810103425841,0.837336258249911,0.8597844915125992,0.8200568857479945,0.8873501549613344,0.6305819950764301,0.8344763488300375,0.7962755093878675,0.8394108613830698,0.7689128034719392,0.875383600499412,0.8029890771153156,0.7062136695249818,0.7200385369723713,0.8712560199975679,0.7175392210285946,0.8748430081999113,0.7466028148366749,0.8138806487750336,0.7516588455311543,0.762651445329652,0.8451720313578696,0.8223544551976174,0.8345515719057226,0.9082229991718249,0.8645417298927154,0.8302059663245934,0.7863216341543013,0.9392591455549577,0.9131330257688656,0.8314096962396277,0.7892850647095352,0.8632444210341344,0.6922023552436332,0.8676968026602581,0.8797480956113876,0.938326144983489,0.8863499378386327,0.6824237715947333,0.8500099848136192,0.8187929086133661,0.8049438472162169,0.79798859286058,0.8995353140986154,0.7219949480628367],[0.9649233602306723,0.9499295247158013,0.9664500741872758,1.0,0.9990447302832193,0.9797978931928374,0.984314074898321,0.9830326306117964,0.9890838199605488,0.9394703056004934,0.9967391244184998,0.9962734199167743,0.9839067294099607,0.9724501678638914,0.9831471866044739,0.9587478542550265,0.9999743257675745,0.9729279330498165,0.9172669384983442,0.9695785346719466,0.913893838423473,0.9621193291847344,0.9312328204451849,0.6496489885901209,0.5182768466041312,0.5959303522653389,0.6117129232228207,0.4179311160962731,0.44796954174767159,0.511330586124497,0.6045332920526504,0.710958798604685,0.5050928918516042,0.5004311603418684,0.6387527559043723,0.6247443809622449,0.6121008793081961,0.5683344636926551,0.699440069174134,0.490284604351544,0.6470340233531876,0.5347059734834071,0.552710181168431,0.5525938067103344,0.6653581866683928,0.46341753382944347,0.6807875478533685,0.6191338434988087,0.6930599232640115,0.7535034875603293,0.6749261452767545,0.7551189922996734,0.48044982164215618,0.7045396256486486,0.6451463437595565,0.6960638656651564,0.6165331543322898,0.7564428270944035,0.6611154592706465,0.5603475318128127,0.5768091485045022,0.7346482881099116,0.6069463941612997,0.7635134652664383,0.6153678549158477,0.6749916468715912,0.6310885295465523,0.6160897525986739,0.7151728743492485,0.6813536357616161,0.7044093532130548,0.816447051363482,0.7315110504577953,0.6992101962137678,0.6367591105577963,0.8278023828381688,0.7903646832662387,0.697676522736801,0.6471648816169759,0.7242383322128603,0.5601678669154903,0.7405392073031087,0.7484932493802491,0.8292136128281639,0.7644997106197307,0.5317144339272845,0.7181236110560654,0.6801864112616652,0.6772494616342192,0.654405931793567,0.7712933757997859,0.5652823398086483],[0.971274686052479,0.9450497190399178,0.9750905113608088,0.9990447302832193,1.0,0.9817821920778339,0.9906694297512873,0.9899717615016537,0.9931324495060243,0.9517152291447362,0.992408283688474,0.9990741648298822,0.9864711709677118,0.9760620464586636,0.9895284706778779,0.9690279971776424,0.9993170612706721,0.9818245501221876,0.9331891712446462,0.9737587975782972,0.9286311606311266,0.9726171756511901,0.9458047839265548,0.6710623292826515,0.5427642684974728,0.6168198935192002,0.6332051374033871,0.4394922467924334,0.4694360463166595,0.5353727579694326,0.6272524395553728,0.731596750982464,0.5286631373611054,0.5251860657210585,0.6613083107893251,0.6448232753985264,0.6337748954765807,0.5900548246040736,0.7199879874991689,0.5138740456261701,0.6689233438559605,0.5550476675454661,0.5779744804346559,0.5716175441136734,0.6875200852926232,0.4851137579244608,0.7037882842446275,0.6452619360476014,0.7159668464242107,0.7779415862532682,0.6990484866815571,0.7752669194962402,0.5050853503102952,0.7297821287299625,0.6677021488313895,0.7167100300068654,0.6407580841885568,0.7805834548917294,0.6864237736765415,0.5862660461165115,0.6029328378363152,0.7568742864532148,0.6330958960811991,0.7876488000058918,0.6418209639969338,0.700290790958977,0.6574541504882528,0.6416669380314228,0.7400912559950683,0.6996572513531087,0.7198734259715521,0.8261721659550133,0.7493881775613739,0.7147423284172806,0.6568888171631457,0.8469259332753472,0.8091542627097942,0.7140293216691864,0.6645452739316828,0.7463025658490605,0.5731845317875766,0.7566846182468912,0.7669206506474906,0.8456428221201836,0.7801843188302838,0.549881329913696,0.734764528182684,0.6975135972879318,0.6911317444661044,0.6725758383856545,0.7909982400554264,0.5873892117337517],[0.9200619244160765,0.9800561061346298,0.9860328043926652,0.9797978931928374,0.9817821920778339,1.0,0.9654300469643672,0.9805954828070633,0.959609482587655,0.9686185489808522,0.9673660946897665,0.9804545010488752,0.9994769506230811,0.9990433310259493,0.9612900788439905,0.9355628776828328,0.9798190342920289,0.9765259700968859,0.9261607127145493,0.9982690617851014,0.8897445295453227,0.9722296853592742,0.9327825639709507,0.7414533224922737,0.5886887327950523,0.6937000110569455,0.7058809101294916,0.4979636679261378,0.5342810724273903,0.5856590150160582,0.6919315529860319,0.7982897384746002,0.5831515801827168,0.564891866809147,0.7249814930187977,0.724706367706226,0.7052934161063538,0.6623245754274018,0.7891813880941553,0.5662727849161028,0.7365021786122018,0.6348798723453825,0.6166847472661114,0.6584178999718646,0.7512001264804908,0.5504968079624019,0.7587297577988753,0.6669979963618447,0.769562055367671,0.7732501106405866,0.7441211306472433,0.835407688402971,0.5424383117982493,0.7483667898704937,0.7307770432447146,0.7858618435127648,0.6917422311525974,0.7945260986307494,0.718115684380283,0.613746427958814,0.6265104743595731,0.806957521220428,0.6171500831371273,0.791932391196038,0.6498796625321925,0.7288109881677339,0.6534096624127515,0.6753322786768428,0.761454604077694,0.7825768975643002,0.8101974243132456,0.9087538868338456,0.8265359942440345,0.8055495198094792,0.7356715421551424,0.8887643337312139,0.8676027029471088,0.8023524839655555,0.7546021588855993,0.8003478871439452,0.6795635732747395,0.8390023093050939,0.8381639022226722,0.903748276396789,0.8593843586464077,0.6400543486072071,0.8191117247094564,0.7844977540024751,0.7891302254169063,0.758915496334826,0.849558254695399,0.6570754727079194],[0.9888861123380937,0.9046093025801629,0.9810849000686639,0.984314074898321,0.9906694297512873,0.9654300469643672,1.0,0.9963936840555774,0.9978366332930962,0.9675727198529464,0.9694749259151855,0.9954415115154526,0.973236004493006,0.9633488103824384,0.9998613491954093,0.993450207075135,0.9855438131476867,0.9932221313428453,0.9680911825180826,0.9623659425477751,0.9696765874975616,0.9876995971422399,0.9779758498198852,0.706686500624403,0.5990658995102759,0.65021216612801,0.6693488532326971,0.48502089896356939,0.511943578712873,0.589055064650493,0.6698524497337995,0.7643489142642236,0.5796784261069579,0.5848046804972746,0.7028169640289225,0.674082685322212,0.6708264284401607,0.6281244435615739,0.7520087337206378,0.5659911621265841,0.7069482097886779,0.5873421510797198,0.6381193087293804,0.5973052023909826,0.7271037554083949,0.5278094206559201,0.7482526827801327,0.711699763461463,0.7602219498420382,0.8434333760999164,0.7502313498195471,0.8073183594880102,0.5656147874255437,0.7919372048525382,0.7092276823040123,0.7491343741381912,0.6920113044737704,0.83921332845213,0.7459089093163264,0.6518777232839529,0.6699843239836996,0.7989595346988353,0.7120704224066488,0.8490736320840866,0.7137822921769839,0.760350322352734,0.7325508349315555,0.7026500336189572,0.8000436702751291,0.7211398644846492,0.7299696596411566,0.8184945128870423,0.770006861352754,0.7250322954697338,0.6863349583940438,0.8793825619985597,0.8366010311953351,0.727569131377297,0.6819474060542147,0.7869568153627454,0.5747063141105669,0.7702800237033791,0.7905372775694985,0.8649476558944697,0.7926882529380575,0.5724145499616732,0.7498339679321855,0.7148438135249082,0.6949015358220465,0.6933078994051303,0.8217309541288407,0.6275351289914852],[0.9730784927520234,0.9256953509784766,0.9937803072465862,0.9830326306117964,0.9899717615016537,0.9805954828070633,0.9963936840555774,1.0,0.9903489626936284,0.9831490561660787,0.9653906139779013,0.9946758821034367,0.9862592053587845,0.9807027884058222,0.9948766599371813,0.9860766507051879,0.9841713718843332,0.9987612531805176,0.973093443372354,0.9804272196085652,0.959585676274591,0.9955225095614624,0.9801896433440168,0.7455254430391759,0.6274203056716328,0.6914207187356976,0.7090131887375656,0.5180033930096467,0.5477114532932197,0.6192582487789139,0.7063747018306054,0.801716487183811,0.6116279431170963,0.6103209639886477,0.7390006990163506,0.7164569221895892,0.7100482150891679,0.6675028004819708,0.7903649117724262,0.5969784871464785,0.744690307654866,0.6293656923270902,0.6634416983102699,0.6418681322434615,0.7633121345046099,0.5639113964387438,0.7809045906320762,0.729505036154976,0.7923163559959647,0.8491888323259376,0.7786991757781804,0.841991437191916,0.5899619960523509,0.8085657487700333,0.7451789354349877,0.7874792729444813,0.7229088720016068,0.8538106155987901,0.768436347123204,0.6721071458380462,0.6884675226849881,0.8295645275800017,0.7112880283850025,0.8591590024060752,0.7250412420895553,0.781473349698081,0.7379530327326285,0.7259397364651319,0.817983949315173,0.7645937728923347,0.7758275704472446,0.8605924273077644,0.8112460384948431,0.771069147329297,0.7283224589829964,0.9062840805105636,0.8704571738022084,0.7728128120460444,0.7278667472872232,0.8192213506618477,0.6250457843746256,0.8132865998934661,0.8295288232800406,0.8984135926773572,0.8344499567688383,0.6179604589239721,0.7936591113944436,0.759697470823536,0.7431913427316542,0.7379782940185773,0.8557165547429384,0.665906662259979],[0.9922075841669293,0.9031519369340626,0.9690935013176235,0.9890838199605488,0.9931324495060243,0.959609482587655,0.9978366332930962,0.9903489626936284,1.0,0.9502051413374936,0.9790748098105365,0.9959367358924013,0.9677616456897717,0.9548074863479529,0.9982867569196767,0.9884623749420115,0.990038807194748,0.9841089515849835,0.9509579788378139,0.9528971401946212,0.9605329841935225,0.9757476458542237,0.963688588794562,0.6680058101592092,0.5597076090361167,0.6110699073923533,0.6301062796323067,0.4471486049288619,0.47339492526695828,0.5495506034913033,0.6302380170724483,0.7274145259140215,0.5401097630267292,0.5459989467358418,0.6636965555059543,0.635589695079455,0.6315280027962462,0.5885257714584589,0.7147542056078066,0.5266464770122472,0.6680924271107327,0.548352940367114,0.5991325221339495,0.5590557699764621,0.6885802228790025,0.48892854071887667,0.7101405882343843,0.6749894945858711,0.7225028000907068,0.814742181110423,0.71231563018659,0.7721999576252379,0.5272276746324458,0.7574640632388582,0.670225362711517,0.7117534440094585,0.6526913965954473,0.8072871144604203,0.7087224916394376,0.6140197271595519,0.6326655065528186,0.7628591830703071,0.6826419429813808,0.8190444658919169,0.6791865549847074,0.7238204604855102,0.7005522827251628,0.6645059691901097,0.76552742245043,0.6845220039273782,0.6957670087579179,0.7924254472079167,0.7348951545184229,0.6906710032499087,0.6479668955312393,0.8488975416185601,0.8035480895727916,0.6925711502632582,0.6453794317219892,0.7503512819094257,0.5413597293792916,0.7365014074603564,0.7557198286247869,0.8349320550575644,0.7599925809159721,0.5347900074416412,0.715106538027778,0.6788260246752488,0.6614955043913714,0.6563074941755412,0.7874747278893912,0.5878123090137521],[0.927766615210668,0.9073566671456872,0.9954797763753586,0.9394703056004934,0.9517152291447362,0.9686185489808522,0.9675727198529464,0.9831490561660787,0.9502051413374936,1.0,0.9104316481603315,0.9608080434182416,0.9723636322486617,0.9763198656968178,0.9641900550503409,0.9627256881007538,0.9411683201696897,0.9901585566423413,0.9848828937327563,0.9786523042506247,0.9458193101649717,0.9949459867252463,0.9834332214654071,0.8441183681415837,0.7285675473129293,0.7964241787067088,0.8121375355433853,0.6260885997484993,0.657651129826929,0.7227190176301669,0.8087239037014473,0.8909780174484557,0.7170744223186424,0.7089113349368632,0.8376072186044825,0.8185788206717887,0.8129843166678499,0.7743196778756426,0.8817960151251065,0.7020827185452009,0.8431589238033882,0.7388535691457127,0.7590767670154843,0.7498350340732229,0.8587108399030692,0.6738522219446147,0.8718752861650004,0.8099662245617557,0.8811747329615813,0.8955433611373387,0.8666366839825456,0.9222894978132316,0.6877939996869046,0.8782273109801218,0.8429107405773419,0.879438393598924,0.8196537337316965,0.9133557840828652,0.851169864679445,0.7605003401901959,0.7732543751663972,0.9109224283603631,0.7615864052250122,0.9109474080914372,0.7957730545875624,0.8608298070714755,0.7975330212435773,0.8141566440386745,0.888085907275567,0.8587415848817768,0.8635607949641613,0.9184870412266765,0.896967223924564,0.859653247604542,0.8290539476810831,0.9662979902545359,0.943032027713592,0.8627226682628476,0.8256362861648957,0.903536959971696,0.7224485095827843,0.8960363259859986,0.9121080508299695,0.9610014228283236,0.9122396881876637,0.7264073237864748,0.8807417908218869,0.8531928161245241,0.8318743120099746,0.8356490296520396,0.9324798061271036,0.7725294219629045],[0.9533120037411391,0.9474899641790054,0.9438038162492193,0.9967391244184998,0.992408283688474,0.9673660946897665,0.9694749259151855,0.9653906139779013,0.9790748098105365,0.9104316481603315,1.0,0.9865701378818386,0.9710551817581929,0.9568016772049409,0.9686236866270942,0.938495088658346,0.9962335004479593,0.9516330184948123,0.8850371197894085,0.9528287396048769,0.8872413626862061,0.9376980333876235,0.9017667008435064,0.6031166065683892,0.47097767213657268,0.5501968558436284,0.5652714798064441,0.3751963083354815,0.40436867529307088,0.46437740300861549,0.5570625600129022,0.6653296611807579,0.4585341876417155,0.45355394464128859,0.5912339302418267,0.5796378120948881,0.5654867527912961,0.5220989858476501,0.6538260197890109,0.44408908243330638,0.6000690286083059,0.4902727005013369,0.5044954668426368,0.5092985895901209,0.6181477301624089,0.41921148014458278,0.632968563597631,0.5704869457549406,0.6453866833885178,0.7088125429918498,0.6264140230433529,0.7104591783711991,0.4342390681324807,0.6566487234048173,0.5976127711985891,0.6503366437206878,0.567941954112906,0.710226806204245,0.6122599506259683,0.5121420436290849,0.5284785093003501,0.6879490316858522,0.5622673491503644,0.7182504501550668,0.5676461391775494,0.626317087651695,0.5845722043295174,0.5671339060626733,0.667390573651086,0.6380894114224045,0.6646412493942282,0.7855884494827176,0.688964268311301,0.659340186569864,0.5915439969823231,0.7859362603009124,0.7476750079496979,0.6567727856609034,0.6050168211308905,0.6775020129364061,0.5242257343608244,0.7001230954281982,0.7054964489550144,0.7899536704570283,0.7248915212776634,0.4896687630240796,0.6769481535784546,0.6380659344245758,0.6395050207973181,0.6113078010145134,0.7273304743765707,0.5187401202732307],[0.9771926542260804,0.9364044622002703,0.9807189970033646,0.9962734199167743,0.9990741648298822,0.9804545010488752,0.9954415115154526,0.9946758821034367,0.9959367358924013,0.9608080434182416,0.9865701378818386,1.0,0.9859140170930567,0.9761779987752479,0.9944546893052553,0.9781552853726735,0.9968497303156083,0.9883507992730868,0.9470532859225203,0.9743863869403603,0.9426355941771168,0.9805829768591518,0.9585008410003741,0.6883946996549952,0.5648378729635595,0.6335682745490506,0.6506802394358431,0.45843616112192089,0.4878881099475593,0.5568326888623665,0.6463478531754142,0.7480379025119557,0.5494853263398406,0.5478773880919857,0.680133704825226,0.6605014636507159,0.6514826299975395,0.6079599809946076,0.7362815701757663,0.5348680244131546,0.6868698615591405,0.5713601657330113,0.6010022932619052,0.5862195138498804,0.7058305584389659,0.5037167195614156,0.7232544836142851,0.6695955978093745,0.7353408491243716,0.8010448977696161,0.72009912614518,0.791298029491356,0.5278410806842688,0.7529558122708129,0.686525747326278,0.7331193078436553,0.6619203256077567,0.8025942306036324,0.709310164773647,0.6104075539307731,0.6273758138569084,0.7755223949604736,0.6590812799946915,0.8100251394810156,0.6670791831555895,0.7232388312253911,0.6830563946362663,0.6649471101490032,0.7627699225310831,0.7131754350767866,0.7301212244275053,0.8305404179619337,0.7625106171345842,0.725059300802856,0.6726157154264019,0.8623730323683877,0.823732232117316,0.7252837238109696,0.6769676408850585,0.7646653933485856,0.5808459896984435,0.767807024778337,0.7807751894015664,0.8576911817133468,0.7908746642438267,0.5635491702140052,0.7463930676337148,0.7098785072047036,0.6995740938579896,0.6859245274132456,0.806577967790347,0.6058116775677046],[0.9316358436105895,0.9740855156384779,0.9892721363551306,0.9839067294099607,0.9864711709677118,0.9994769506230811,0.973236004493006,0.9862592053587845,0.9677616456897717,0.9723636322486617,0.9710551817581929,0.9859140170930567,1.0,0.998419756941546,0.9695482391286214,0.9460535940996502,0.9840807093249532,0.9823330423127676,0.9349299393615919,0.9976317612753082,0.9026622161968336,0.9779179561346536,0.9419174814064985,0.7404998285332033,0.5927906965570119,0.6914524036562546,0.7045775408034684,0.49885135387503878,0.5341325928868754,0.5889078263874371,0.6924185264007917,0.7976240709186984,0.5855529080643799,0.5700348752393247,0.7255713331543923,0.721639714579867,0.7042531830825818,0.6611619782073412,0.7880749995391647,0.5689994512291855,0.7361967064660444,0.6318743340275315,0.6222063249436185,0.6537006787833998,0.7516334553626712,0.5503701063560148,0.7608856377647109,0.6754013408927142,0.7718918704974344,0.7848776250803936,0.7482564203415842,0.835590761651124,0.5478750345856803,0.7569217109730042,0.7314635887657954,0.784802060699603,0.694996231766673,0.8033498398109147,0.724744396530197,0.6211975175356607,0.634621362308138,0.8095632530667652,0.6308441429776177,0.8021624284079275,0.6603732026160996,0.7359124898831186,0.6655824530222925,0.6817583715400379,0.7694780111552124,0.7782875069308229,0.8034786229574517,0.9009531562318817,0.8230354938709711,0.7987751991715842,0.732812881775673,0.8914048402909867,0.8675016039231892,0.7963446247477831,0.7487098277788774,0.8022692477748594,0.6688370059846575,0.8339265270623727,0.8358578896506695,0.9027388339543825,0.8546378460743218,0.6343742764222433,0.8138994647988292,0.7791185469229093,0.7804063854468005,0.7539873421149081,0.8498121148570577,0.6564904373362819],[0.9153365821744088,0.9752862397382,0.9898813365438139,0.9724501678638914,0.9760620464586636,0.9990433310259493,0.9633488103824384,0.9807027884058222,0.9548074863479529,0.9763198656968178,0.9568016772049409,0.9761779987752479,0.998419756941546,1.0,0.9589153753243606,0.9358364533811674,0.9726824199634011,0.9787292670798574,0.9342239021379525,0.9998856823095609,0.893161452796539,0.976356138808522,0.9389600427959963,0.7662193329438337,0.6140023438203202,0.7194502311414546,0.7314269566703027,0.5236307829966431,0.5604852138472015,0.6113027726256531,0.7175391439091562,0.8212559071326283,0.6090694497177145,0.5896694313894229,0.7499549647414425,0.7498164485629015,0.7308392113216463,0.6884874408097347,0.8125119917138253,0.5920473210206768,0.7613365189187206,0.6612249558291538,0.6412796549656364,0.6843009808466654,0.7755600832825615,0.5768124945463148,0.7824850317969655,0.6893028846450581,0.7929367146605189,0.7895784969699846,0.7675466279201475,0.8566624370831182,0.5669364070820284,0.7688421601767317,0.7556040071644065,0.8093078770265749,0.7166243344996598,0.8130728236321319,0.7408092745812268,0.6371734918845889,0.6494052055134371,0.8288866891666228,0.6341619444300788,0.8091392147077946,0.6705156069744486,0.7509396748946249,0.6721478926922117,0.6989104144722238,0.7819595577318054,0.8058750276310163,0.8316064917476546,0.9229320474807471,0.8481963255196795,0.8271349752186313,0.7605508451735481,0.9061468986248443,0.8871280429908227,0.8243941437139453,0.7783425271769879,0.8227599026829378,0.7022138658317149,0.8596665847706032,0.8593947210558806,0.9208236267432274,0.8790103830529588,0.6658393308697067,0.8407046280408121,0.8074424278639735,0.8103080476583611,0.7828209133649552,0.8700713266093324,0.6832556454168169],[0.9912128587866034,0.8988851834552347,0.9779428115954378,0.9831471866044739,0.9895284706778779,0.9612900788439905,0.9998613491954093,0.9948766599371813,0.9982867569196767,0.9641900550503409,0.9686236866270942,0.9944546893052553,0.9695482391286214,0.9589153753243606,1.0,0.9944038302349545,0.9844166081368998,0.9914903849326411,0.9671063977817176,0.9578419672117189,0.9716001133404447,0.9856600202108136,0.9774103894538077,0.7000813778456965,0.5949726258249701,0.6432243941425363,0.6626692973115846,0.48000205370098089,0.5063297284802875,0.5845842690474111,0.6638822623368902,0.7578412769051592,0.5748473488740404,0.5813145756555048,0.6968299945519975,0.666752494695761,0.6642444697921829,0.6216047382404883,0.7453283246804051,0.561374804453632,0.7005947052099605,0.5802822032725553,0.6346065111231942,0.5896280084125017,0.7210278921838018,0.5221198540984153,0.7428938786166204,0.7095881173198777,0.7549385360227681,0.8432888871160675,0.7457789238600238,0.801200829224042,0.5623791156396603,0.7898166346715239,0.7032723853194421,0.7424705106571962,0.6872144339408531,0.8373002033495713,0.7427290921679308,0.6493910154896372,0.6678225101973734,0.7938268841669295,0.7136484229885514,0.8480318556456321,0.7129869077509616,0.7574155879245169,0.7328724073315776,0.6994322877202275,0.7976199087902308,0.7133534981085395,0.721466313863332,0.8100516541926037,0.7625071523664865,0.7165108792462298,0.6790575832170407,0.8745402477177423,0.8304656855314209,0.7192625539049207,0.6736944013589156,0.7815125689511525,0.5654794062135674,0.7622947472713969,0.7834739452519515,0.8586301118846085,0.7848565531784849,0.564530113991927,0.741776188406608,0.706720445067589,0.6858773164687961,0.6853359898898256,0.8156790477925766,0.6212432384752225],[0.9917578098534839,0.8567038553597064,0.9687736683531191,0.9587478542550265,0.9690279971776424,0.9355628776828328,0.993450207075135,0.9860766507051879,0.9884623749420115,0.9627256881007538,0.938495088658346,0.9781552853726735,0.9460535940996502,0.9358364533811674,0.9944038302349545,1.0,0.9607090460566687,0.9865055399007918,0.9810644151646578,0.9357330605850958,0.9910481688215974,0.9835406844776103,0.9891131571310071,0.7173904978357896,0.6322413067164499,0.659476392540227,0.6809501863743918,0.5097225123215103,0.5327597021529275,0.6196346876500972,0.6876584854745682,0.7719908842724466,0.6076409196670032,0.6220010159261413,0.7191715545790949,0.6792365949257725,0.683269610517497,0.6421437109880999,0.7590342805568494,0.5954526990059439,0.7199179156805958,0.596562882554923,0.6746605957803041,0.6002777525376161,0.7413835513448505,0.5484130185927364,0.7671120089166945,0.7541173723065155,0.7788102327348501,0.8849277769087157,0.775802815334416,0.8142397916806989,0.604375038721994,0.8290469046473906,0.7255344922722276,0.7565466546746936,0.7182075207878356,0.8727104390030407,0.7802343266660143,0.6943240748241816,0.7137538226043266,0.8153361867486775,0.7705158383318975,0.8858564245930841,0.7627686028956346,0.7952139598490383,0.7853769409812904,0.7390404217286352,0.8347325716156773,0.7189082295738477,0.7179686854457802,0.792088305560736,0.766760274706225,0.7132247293513938,0.6915254251551173,0.887106339749722,0.8394116355905904,0.7184667225266482,0.6765164641358843,0.8019655235873325,0.557496372264313,0.7610156205269523,0.7898720275827924,0.8607558961842783,0.7824609022560152,0.5729722327738019,0.7418981694663048,0.7090590510890924,0.6779855870706741,0.690653523870037,0.8274672696723561,0.6435717302442964],[0.9664647583288832,0.9486465976572581,0.9676321365806732,0.9999743257675745,0.9993170612706721,0.9798190342920289,0.9855438131476867,0.9841713718843332,0.990038807194748,0.9411683201696897,0.9962335004479593,0.9968497303156083,0.9840807093249532,0.9726824199634011,0.9844166081368998,0.9607090460566687,1.0,0.9743362056049338,0.9198281252194343,0.9698860611818334,0.9166376395552442,0.9637300957535639,0.9336456935641065,0.6522675268050969,0.5216399470461236,0.5984067541716446,0.614325166831833,0.42071378324932337,0.45067278487348247,0.5145795398688637,0.6074215052724166,0.713485170408067,0.5082255000462739,0.5039002340405253,0.6416221791727909,0.6270580749359224,0.6147535733687922,0.5709919168019157,0.7019276026592027,0.4934419181668783,0.6497570695147231,0.5370746832693764,0.5562691567484637,0.5546823905624801,0.6681626065885538,0.466150213850767,0.683814143315866,0.6230082374724125,0.6960847372144444,0.757401987549033,0.6782341149839519,0.7576308193046326,0.4839243243343951,0.7083076313883565,0.6480213480151461,0.698567853872151,0.6197988654787465,0.7600859851025575,0.6647533068304375,0.5641272084751244,0.5806627856003047,0.737598635654929,0.6112420787505325,0.7672628778325696,0.6194422085661214,0.6786616618647263,0.63528394703308,0.6197500136838606,0.7188590587432339,0.6833455989998591,0.7058682412185849,0.8170427022220705,0.7334865282223058,0.7006760166003062,0.6390902820011389,0.8303386041034662,0.792673790084478,0.6992992331677673,0.6489431311476149,0.7271220993323798,0.5611054089585156,0.7421830337207652,0.7506154115303985,0.8311442692377513,0.7660981506702466,0.5336377809168504,0.7198295371407509,0.6819814623745206,0.6783822598594687,0.656346263007086,0.7737494707741404,0.5680270787055067],[0.9678656022996934,0.9163671191966658,0.9961497453776864,0.9729279330498165,0.9818245501221876,0.9765259700968859,0.9932221313428453,0.9987612531805176,0.9841089515849835,0.9901585566423413,0.9516330184948123,0.9883507992730868,0.9823330423127676,0.9787292670798574,0.9914903849326411,0.9865055399007918,0.9743362056049338,1.0,0.9823504504036349,0.9791845006091717,0.9647231842260505,0.9989748062512912,0.9872821312817415,0.7713065584874358,0.6574319538820359,0.7178689794534638,0.735665246061504,0.5470598274749935,0.5765521837940689,0.6491850148833478,0.7340939133790451,0.8253249147707426,0.6413965242926655,0.6404839085719459,0.7658708926707729,0.7416511973814749,0.7368378090315548,0.6951233384514719,0.8142254220993379,0.6268812442139895,0.7708938023751638,0.656301369411826,0.6931907844223642,0.6673018205815068,0.7892640072530383,0.5928155222602642,0.8069580839392678,0.757604562310789,0.8179494734408865,0.8705454226881332,0.8054232725978403,0.8638538778114375,0.6201473547490628,0.8338455658095255,0.7718989908593955,0.8115074218355394,0.7512381532919623,0.8765232414477358,0.7957028182803995,0.7015349215407585,0.7174890896054438,0.8534335047398126,0.7358074202530351,0.8808633433588856,0.7522897839744069,0.8082117537404837,0.7636043112261584,0.7544947129108446,0.8429534189664998,0.7869799781396945,0.7949865110237561,0.8712331352954886,0.8320027084168262,0.7904096543302427,0.7533188775265015,0.9244555292858963,0.8900755829906012,0.7929886611891296,0.7500942447535226,0.8433737286551776,0.644042621555951,0.8322287061115838,0.8502737558452591,0.9147330040440276,0.8523134075302333,0.6428288493355161,0.8136317645799984,0.7811951314224386,0.7613135997865157,0.7608209832822718,0.876694834398077,0.6938834110786396],[0.9488408798826861,0.83964667033171,0.9747246689047819,0.9172669384983442,0.9331891712446462,0.9261607127145493,0.9680911825180826,0.973093443372354,0.9509579788378139,0.9848828937327563,0.8850371197894085,0.9470532859225203,0.9349299393615919,0.9342239021379525,0.9671063977817176,0.9810644151646578,0.9198281252194343,0.9823504504036349,1.0,0.9368023499143623,0.9832678211574246,0.9879156757716535,0.9988624027415581,0.8223863162152738,0.74661969354693,0.7696477893071104,0.7902791378723136,0.6274644477096518,0.6507836594876829,0.7353925665526888,0.7982684959588379,0.867518931769271,0.7243909545889024,0.7352236526870287,0.8258852245962074,0.7855626543243514,0.7927051703839777,0.755476705423888,0.8564002900233709,0.7123953257486142,0.8254880193096614,0.710288418705955,0.7845898757741887,0.7104100274642148,0.8445000551917576,0.666453231042554,0.8673104653942464,0.8500250584641952,0.876899083196142,0.9443952485690972,0.874841462430272,0.9011380352372342,0.7174276880814836,0.9123109757931087,0.8314200719625995,0.8545088064384673,0.8260621102300467,0.9446542407825149,0.8763317896028454,0.7986302781475115,0.8146460837751788,0.9055789185653768,0.83762647188197,0.9502746235216852,0.8500661353183612,0.887985105421903,0.8614726039289214,0.8413188555842234,0.9179076173093541,0.815943643527158,0.8063353948828906,0.8501548872963627,0.8560197570169837,0.8023742680763283,0.7966715771699326,0.95448658212085,0.9179600097257911,0.8096368644360443,0.7755139315539176,0.894737779299238,0.6505314575730917,0.845895867010264,0.8769693512609297,0.9282020022522834,0.8626306067927615,0.6822892679929048,0.8309940630477143,0.8043758590900183,0.7653800024716087,0.790554992651866,0.9107062520044876,0.75742102006822],[0.9135366935512634,0.9730995176226392,0.9908528541885631,0.9695785346719466,0.9737587975782972,0.9982690617851014,0.9623659425477751,0.9804272196085652,0.9528971401946212,0.9786523042506247,0.9528287396048769,0.9743863869403603,0.9976317612753082,0.9998856823095609,0.9578419672117189,0.9357330605850958,0.9698860611818334,0.9791845006091717,0.9368023499143623,1.0,0.8942165979492742,0.9774790600279115,0.9408835814091778,0.774632849889903,0.6228371110822873,0.7282271642712824,0.7401406024225644,0.5326135798899446,0.5696074010000105,0.6202431324060538,0.7263227874658574,0.8289901654553314,0.6180946341322916,0.59835055564172,0.7584870265587383,0.7583219276319527,0.7395586901226615,0.6974610944828279,0.8203737645491707,0.6010420034947211,0.7697916126169752,0.6702483373110116,0.6498582722544829,0.6931011896804462,0.7838491887617867,0.5859604895379266,0.7905867536154013,0.6970721519357179,0.8008978874713991,0.7952050970685991,0.7755800342416581,0.8637786808643545,0.5755413806685465,0.775902622615575,0.7640810330258298,0.8172142126829075,0.7252025682080551,0.8194216135448125,0.7486474702675293,0.6453692813452504,0.6574114462969549,0.8363110150073162,0.640164479037181,0.8150402124420861,0.6777366147536855,0.7585769547252687,0.6787172271124979,0.7070937790204542,0.7890118152342884,0.8136633039893215,0.8386501742680063,0.92733302145383,0.855386922983987,0.8342433642180974,0.7689695955916275,0.9119047286253019,0.8936031081804208,0.8316837119689787,0.7862744782063735,0.8303473396099238,0.7097012584951886,0.8664614666108091,0.8664495905531059,0.9263903698175757,0.885430436320971,0.6745979706899418,0.8478400656932592,0.8150798721930389,0.8172397230328923,0.7908295897149605,0.8769159316497598,0.6922518673552711],[0.9764698177348555,0.7934723523857186,0.9422277271690278,0.913893838423473,0.9286311606311266,0.8897445295453227,0.9696765874975616,0.959585676274591,0.9605329841935225,0.9458193101649717,0.8872413626862061,0.9426355941771168,0.9026622161968336,0.893161452796539,0.9716001133404447,0.9910481688215974,0.9166376395552442,0.9647231842260505,0.9832678211574246,0.8942165979492742,1.0,0.9653855809033256,0.9882464550839724,0.7287569935890557,0.6724913433360685,0.670448646005189,0.6942308946427656,0.5418518967662622,0.55978665882504,0.6570068345133262,0.70815558959251,0.7782869020958457,0.64207829393217,0.6673789267035246,0.7371761790671086,0.6849466143516241,0.6974959308789995,0.6591098710058412,0.7649774030341033,0.6319594452428404,0.7338971089481082,0.6086477054783126,0.7179471449130227,0.6049169743970112,0.756350741026941,0.57494445443951,0.7867554120363827,0.8019968287101751,0.7977774159979472,0.9258784141157183,0.8031032278084879,0.8183663597608758,0.652066739956757,0.8678871278463187,0.7433188442667338,0.7630130357681328,0.7479406369806024,0.905410683768972,0.817705278840441,0.7441485050405277,0.764560502000527,0.8305042732407517,0.8357379511897377,0.9215671007934513,0.8179457995328873,0.8327812194643404,0.8439117076650035,0.7803052352449413,0.870539736694572,0.7150665406214734,0.7028148405412164,0.758167335934066,0.7604757282712994,0.6984100398541464,0.6970079788339439,0.8893349373957114,0.8378470054545689,0.7066532147346114,0.6699163915843677,0.815981063296111,0.5394599651473189,0.7478970576135698,0.7859137872663738,0.8501936910024434,0.767598003983382,0.5752017564030498,0.7308418994825477,0.7013191977833849,0.658103730737405,0.6869761501276757,0.8297517381740889,0.6629158532524612],[0.9595456405478705,0.9085917350149958,0.9967981322270685,0.9621193291847344,0.9726171756511901,0.9722296853592742,0.9876995971422399,0.9955225095614624,0.9757476458542237,0.9949459867252463,0.9376980333876235,0.9805829768591518,0.9779179561346536,0.976356138808522,0.9856600202108136,0.9835406844776103,0.9637300957535639,0.9989748062512912,0.9879156757716535,0.9774790600279115,0.9653855809033256,1.0,0.9907543992576222,0.7952759709380479,0.6844348222175686,0.7429229125415031,0.7606429649255767,0.5743352631815339,0.6037973811373432,0.676368144978323,0.759656743888756,0.8470257904429264,0.6686814631191144,0.6673744906228925,0.7905134355235036,0.7656340568776648,0.7618805798118588,0.7211039763299805,0.8362979705081308,0.6542472904933483,0.7951094165002625,0.6821656514328237,0.7194412957696685,0.6920772837412685,0.8130108321688252,0.6200682420990771,0.8303213264027776,0.7812757425969067,0.8408418618525714,0.886679219506667,0.8289050130098705,0.8836071325936226,0.6470231524893033,0.8546505378127743,0.7963585636822945,0.8337345485772686,0.7766195320411946,0.8947527253395429,0.8190274344586833,0.7268807555600277,0.7422098283051709,0.8744999093790521,0.7543941869216445,0.897727512892903,0.7745076070495258,0.8308722076897371,0.7837463773160474,0.7791956398488446,0.8636030034036927,0.808453227278622,0.8139089124287985,0.8822293699654789,0.851649863149242,0.8095255369097572,0.7770352640523762,0.9399987998243192,0.9077248338718017,0.8127269711305939,0.7718542729182937,0.8649066072467797,0.6639221097780377,0.850511809147445,0.8695945934386654,0.9294510398520108,0.8694639935027886,0.6673328016639103,0.8329594910867547,0.8020780534812811,0.7797392466617084,0.7829319384796136,0.8955679017848215,0.7200685298375785],[0.9624728509386701,0.848235835803056,0.9773713115190212,0.9312328204451849,0.9458047839265548,0.9327825639709507,0.9779758498198852,0.9801896433440168,0.963688588794562,0.9834332214654071,0.9017667008435064,0.9585008410003741,0.9419174814064985,0.9389600427959963,0.9774103894538077,0.9891131571310071,0.9336456935641065,0.9872821312817415,0.9988624027415581,0.9408835814091778,0.9882464550839724,0.9907543992576222,1.0,0.798729377035083,0.7192161616809356,0.7443451776574988,0.7652497901024603,0.5985532747570018,0.622117731381391,0.7076266794433977,0.7727359911807143,0.846699707624582,0.6963684734765111,0.7079187935733223,0.8016046165629356,0.7615228629087349,0.7676336894454795,0.7290716663018071,0.8350618654554509,0.6841832410845995,0.8016213235319486,0.6836421067533802,0.7585206959073976,0.6849546398967383,0.8213466556132437,0.6379108989114455,0.8448999156218348,0.8278693048561783,0.8551023116162058,0.9321124708649811,0.8525552195412177,0.8827532173656406,0.6899927960126965,0.8939458448311818,0.8073927707738668,0.8329914880739429,0.8011499204685892,0.9294626582826461,0.8545362919019366,0.7739539243141892,0.7909287196547745,0.8860465747329731,0.8223632172132372,0.9369158439996955,0.8299493199623036,0.8671030457678712,0.844195670879929,0.8176342999362652,0.8996714024562313,0.7947772409230901,0.7877015266140782,0.8399251343079479,0.8371252469798003,0.7835099233744719,0.7730097268335819,0.9413123969752609,0.9019328014810566,0.7901959300565264,0.7537126841994916,0.8745381134169865,0.62998191826416,0.8282775564833206,0.8586568327062042,0.9152655418715328,0.8463379565706627,0.656951385775448,0.8121658448582528,0.7837141966402067,0.7469462001392493,0.7685077776438939,0.893348707399194,0.7308201971957201],[0.6415191072055643,0.6741793142489514,0.7997139599695252,0.6496489885901209,0.6710623292826515,0.7414533224922737,0.706686500624403,0.7455254430391759,0.6680058101592092,0.