{"name":"DynamicObjectArray","generic":13,"parameters":{"array":[{"name":"MatrixSerializable","generic":11,"parameters":{"name":"K_train_train","value":[[1.083576323292264,0.6447064984470512,0.5358403863444343,0.8582766631244251,0.8378995835077922,0.7581069545062162,0.8533179688213882,0.7190033764145754,0.9270396820678299,0.40337082290056205,0.7995506292876355,0.815223604282908,0.7698104544515665,0.6161271678752867,0.8896695378498623,0.7974470796977433,0.8533693600497467,0.6583099315701818,0.5276770884496648,0.5667191807604357,0.3604218662680142,0.5991569313254453,0.5381423040641065,0.00006204652176284779,0.000656482354743385,0.000002114552892114476,0.000011483050382699632,1.8256151058979422e-7,8.296003906944633e-8,0.00017830980736814375,0.00006666928650290354,0.0005385061436416473,0.000045104757718599538,0.001954695531103168,0.00020379903546902163,0.0000029985600101648357,0.000015600574775154613,0.000002623838270906376,0.0002670361048676615,0.000050306672895984618,0.00010766323351263088,4.845950885424907e-8,0.006118398861532522,7.706226532040509e-8,0.0003719255017656706,1.701176296560127e-7,0.002453724138701786,0.12684053626600087,0.0036886880649888238,0.4999061900813591,0.010760137622226048,0.0033040877064184927,0.0022560324582096317,0.22335995011191524,0.0002684786364607463,0.00024984843469671596,0.0016873764559914983,0.3245988031401508,0.05523813216933568,0.04369431385571095,0.08249675521688263,0.010547994782659266,0.39298443677464986,0.45540576830146969,0.3533025318672164,0.08526359068967057,0.49875275511133718,0.029886528303253124,0.1896319214755614,0.00002601512628617428,0.0006884919428305483,0.0632887239464008,0.000188103029780895,0.0006053993472756907,0.0000059866602332014899,0.05926629029308911,0.006708111594167526,0.0002498328518062667,0.000028858982057472647,0.005305724739475289,0.001258566354089195,0.0005525219407016773,0.0005466201292166683,0.011581261646911652,0.0011156687178743492,1.323325960116271e-7,0.0002524462084326009,0.00006241295383860646,0.0024139144142159968,0.000012719760092942568,0.0051685999052962839,0.0000049104558361560189],[0.6447064984470512,1.0002432897794514,0.21640604453997076,0.13743245975977348,0.1268707666891091,0.31067134032768886,0.2753664743494157,0.19140259923636517,0.29229697034649618,0.39750764243138,0.1790050284917986,0.135508741505375,0.227417309360372,0.2484177994653787,0.3088667884640952,0.5870966387953135,0.1363406475819674,0.2660750617167463,0.5021761146430542,0.2274806271565318,0.7424566322453351,0.3381548730151391,0.5372374002121636,0.04693805168162723,0.000005486139259459029,0.02786670482031032,0.022853771224043429,7.148575091860414e-7,0.000017736123012320398,0.000008985130317196636,0.005764537902971692,0.14202131798295218,0.00001591992628497352,6.018217518104024e-7,0.015234299862856772,0.08183417013056856,0.019614543806714337,0.006168212025125408,0.13614716006675108,0.0000048154081080108499,0.031406676343029637,0.010172012029965757,0.000010565093239852506,0.053745513291844498,0.03385706725942525,0.0000371025405224289,0.021663817812979798,0.00007818836459340205,0.027998817662071235,0.01849431545692476,0.0066175686637295698,0.22243243884117074,1.1138492185351076e-7,0.0027518659971599169,0.0172697899608037,0.12612162257914168,0.00131269731670984,0.01671134666095174,0.0010499395215184944,0.0000052722516686718279,0.000014157945029034084,0.07088906264544773,0.05561316181735747,0.017333692566171137,0.0007195299923275878,0.001481546692763204,0.008377956364173847,0.00015289512744897588,0.0049296071394338129,0.2971155820904005,0.49678474022124488,0.16804975786968635,0.39047259415213328,0.4945076983216872,0.09235392607309105,0.3488781228616536,0.3624918867789878,0.4640885585988757,0.3322900423482913,0.0719776322016239,0.49915958696185699,0.4900072840652047,0.3617300182751455,0.49569850124801237,0.4998456306175875,0.06942518449154135,0.4615429095047355,0.38152352230657568,0.484416371663418,0.269796090710718,0.2731176114990334,0.0035615816885132556],[0.5358403863444343,0.21640604453997076,1.8807700969535218,0.5422303423361654,0.7055041011287855,0.9119036071858142,1.0153312535694009,1.552056654362415,0.6393773299454464,1.6134466741858582,0.31543355221089167,0.8756461115004732,1.0864313839616689,1.0180474115376864,0.9296848514707146,0.8427994931681644,0.5572880982978097,1.7566287605413749,0.969717224896876,1.0532570539066706,0.41757889974500808,1.8212268425863219,1.0458908430494683,0.004976927071483521,0.0004918770813506404,0.0024060106795711448,0.0018464891615437372,1.243021540636001e-7,2.975022189696165e-7,0.00013016010588214755,0.0003479000232756568,0.025275913082921435,0.00003226857852705229,0.0015007902537433963,0.0012185590534196554,0.010883734666338087,0.0015080882449232045,0.00032929492909440595,0.023477238733002335,0.00003587390902231658,0.002909267645845671,0.0006276755101380417,0.004833175865617832,0.0059633789400496939,0.0034163013711312735,7.000952484519692e-7,0.0036147825504368178,0.11104765936952303,0.00531719875108262,0.4997095312697291,0.008996435448255756,0.05424701596192569,0.0017380457838817093,0.20169758352283294,0.0014613177698020819,0.0208941558494441,0.0013371421508788378,0.302319270619972,0.046745954047554338,0.03663406371671104,0.07086647208060573,0.017532726169840114,0.41369423424221388,0.4401660988025169,0.329931699127279,0.07340030783034606,0.49447286592210978,0.024736933481249353,0.16976752943555746,0.0847022676151262,0.3100199822519633,0.41625659289076569,0.1466174588297882,0.2993902005052105,0.012990615171594757,0.18790915032955658,0.13408241143643033,0.22885204527653439,0.104729143135419,0.013346906396514546,0.36127415621191058,0.283759144290863,0.12502506475108003,0.33417524210418977,0.3374262106755285,0.008581096469391489,0.2249108434060904,0.13910790866102186,0.41447274698318189,0.0711174312798088,0.07836172017795497,0.0001652583846266187],[0.8582766631244251,0.13743245975977348,0.5422303423361654,1.7823513221726497,1.7846976545809466,0.7801077311349822,1.2177406093943355,1.0047849815848263,1.483368168818499,0.21487229113183799,1.503362091835953,1.6697705388613356,0.9115155777336447,0.6983696201199546,1.2090789320493918,0.7300692070010684,1.7975382320830962,0.688532393646837,0.2239412670045724,0.6710715348030653,0.5245132263868009,0.4594138539333924,0.329079084509699,0.00003467528530177395,5.035268609499365e-7,0.000012462578596064317,0.000008550231399083978,8.360490291526255e-12,7.669796440113964e-11,7.885326611081163e-8,7.318728941736943e-7,0.00038351280638804745,1.1753100550831202e-8,0.000002483106597662694,0.000004117548536018174,0.00011011328170422772,0.000006420689883579942,8.010489952181036e-7,0.00034668727669066906,1.3593450461649842e-8,0.00001572873419869014,0.000001936145446587796,0.00001394099873029083,0.00004560467116967362,0.000018377415568236427,2.299192373523773e-10,0.000011213724463488938,0.002393702963308029,0.000019008497116797589,0.1409219101016001,0.00003457543156093237,0.0012027559438437589,0.0000030733081807526214,0.007864365570594195,0.000005207249101950659,0.0002897659007154525,0.0000020560435800144319,0.019775597580276227,0.0005106183465701108,0.00033886067633395555,0.0010538488417621124,0.00011367588924672889,0.32800670815911989,0.0618392658457869,0.025127566109929768,0.0011203572592685598,0.12132464008111455,0.00017741275120685313,0.005476263986923666,0.0027881428274424047,0.0343047646762488,0.38605459453454218,0.0073638670509893569,0.031612786288746117,0.00014327753494583018,0.005367377310294992,0.005516416018298887,0.017590547962749209,0.004027918220317426,0.00009489667457840954,0.05028915278432248,0.027917450761515425,0.005457210186052963,0.032900516025926748,0.04191981828438073,0.00007755097799842214,0.01696338753439155,0.006702250325804866,0.07474440365744575,0.002074368240357507,0.0021625614871543187,3.118450297949715e-7],[0.8378995835077922,0.1268707666891091,0.7055041011287855,1.7846976545809466,1.9119070535593182,0.8440321666093879,1.4725719192331739,1.3100337651832242,1.6346165816496419,0.29216920117488157,1.3353940874306072,1.8985824679688884,1.0189874571156015,0.7653194683006983,1.4345126307613317,0.8208431362785793,1.8171471069835146,0.943976607386654,0.33448981741814867,0.7369196662861377,0.49904919448127335,0.6530232566038281,0.456289013237898,0.00004576720738465231,0.000002762514843297466,0.000016654093246671,0.000011495289450233455,7.795655088625295e-11,1.4211714095876438e-10,4.849040735973858e-7,0.0000011205585892755764,0.0004882469344781929,8.042872410722342e-8,0.000012269088828184396,0.000006035561215739414,0.00014254360113788683,0.000008673739811777293,0.0000011109657566663684,0.0004412732467939775,9.256514630389501e-8,0.000021147920230748943,0.000002651553857564313,0.00006101754138960252,0.00005982426752188221,0.00002541943916981619,4.076703276899476e-10,0.000027217372701578379,0.006756117392865555,0.000046564028239510868,0.2269442636784568,0.0001392317682399324,0.001514861558035539,0.000014966699914615558,0.019502164434120275,0.000007687016037923037,0.00036996727793243457,0.000010097928410562022,0.04376421841634772,0.0016712154702736603,0.0011502574518804372,0.003225325677538364,0.000239470717847865,0.4216941139542392,0.11588686109675944,0.0538526402697692,0.0034087918059274009,0.20145510246599108,0.0006365713776216978,0.014150104221948979,0.0034129465609539736,0.03964676758250445,0.4032565647613021,0.008834928567570892,0.03661682295393078,0.00018471889282708397,0.007698522317766163,0.006711426324419311,0.02068398740331684,0.004894323342848507,0.00015860969327039507,0.05749151079747324,0.03244407816548223,0.006591008909352826,0.03819483496668756,0.04817786250081896,0.00010092924554859838,0.019964261449712283,0.008057359890612773,0.08440676923280569,0.0025538260125924857,0.0026956496489451838,4.406344429683509e-7],[0.7581069545062162,0.31067134032768886,0.9119036071858142,0.7801077311349822,0.8440321666093879,1.132837894368445,0.9384324098344878,0.9600116642587302,0.8124103904281507,0.6997815227839346,0.6356284430937527,0.8808502832849618,1.1550564321622723,1.0949232306711179,0.9334611707173406,1.0162381919890869,0.7870607242751422,0.9292550152989947,0.6043558650158342,1.0643861472275274,0.7931861247074906,0.8630666519364564,0.7640317318146512,0.009320622259683397,0.00000197857062364656,0.004775313930389508,0.003715961672568289,2.025298050618451e-8,7.691070119111847e-7,6.565607891468753e-7,0.0006768129146393839,0.041275050039250058,7.284459381063069e-7,0.000008129202455389,0.0022363941358997648,0.019384478186078227,0.00306628959126665,0.0007348549583763481,0.03889641140099815,2.3046727476742963e-7,0.005560093356676828,0.001356084828341787,0.00004209206270168613,0.011117571153158876,0.006120555297370333,0.00000179142800466196,0.0034852046582926645,0.005186856142172658,0.004824216425608978,0.20310501582305344,0.0008965173276572528,0.07922692590748196,0.000009937002634264785,0.015749133233009868,0.002615095481587906,0.03495873455528377,0.00012104216720573214,0.03823595782993149,0.0013203276141546645,0.0008405000085575032,0.0024224092237904164,0.016101880780685676,0.3987879150459617,0.1012557612221535,0.04446035922965439,0.0026950630692035017,0.17798949890100566,0.00046740239285644855,0.011663659237619563,0.12455319330625507,0.37442078451213187,0.35582484791905,0.2009696906281673,0.36435014186321426,0.022810953874098207,0.1656142779130496,0.1752348064228818,0.293241781832213,0.15018300665477508,0.016369028293074515,0.42038144741912028,0.3490394127005799,0.1743676378713927,0.3713523506039985,0.3989667872770878,0.015569638494532823,0.2890087507441585,0.19230256283397732,0.4624166861897772,0.10666681878503635,0.10883904983601178,0.00037772114520027696],[0.8533179688213882,0.2753664743494157,1.0153312535694009,1.2177406093943355,1.4725719192331739,0.9384324098344878,1.69699973760161,1.647939921076661,1.5577545436460499,0.5693067269888514,0.74637824762564,1.668502820228462,1.086611189857565,0.8780463962192529,1.6417758823038158,1.0425144204577597,1.2581834743156666,1.413440743553324,0.6550761216895163,0.8492859436177453,0.3475269952062088,1.1353490813106307,0.7696727652565722,0.00003766014271904943,0.0002675709624841238,0.000006064340865340192,0.0000073818423570323829,4.8410744771502619e-8,2.1283305486213844e-8,0.00006698599445313147,0.000023934073644721339,0.0004095026118578196,0.000015657359037730909,0.0008584569147017373,0.0000788618585368541,0.00005335421241487951,0.00000784572171160167,0.0000011029614142559667,0.0002763936745640934,0.000017569088888018079,0.00004616629882650402,8.01135469931762e-7,0.002929691465329327,0.000020962736838127149,0.00015420308979437932,4.504048073986746e-8,0.001098836234609862,0.08304206875189067,0.0017032802839305794,0.48831517646056379,0.005400305621677899,0.002146025901712082,0.0010010936256666275,0.16036954312057978,0.00010553297922385099,0.00023970330059375558,0.0007333624143611475,0.25276875451382688,0.03253955777359558,0.025079461586606456,0.050980144592376087,0.005323686175144165,0.45073605387224188,0.3992957181292958,0.28147742333693939,0.052909934782760657,0.47665573891263576,0.016488881000277745,0.13221734267400149,0.0015568709436188432,0.02244110721275893,0.33486359601820289,0.004384908432489558,0.0205523276326546,0.00007088903930958847,0.03832088652635989,0.006418541668915194,0.010967349023179493,0.0022916436323363478,0.0025517092286925326,0.03390823957151907,0.01800192005143147,0.0033614502660992428,0.027069168379998004,0.02791875808791602,0.00003643779284243638,0.010555612652091434,0.003929217184601005,0.05215106037748625,0.0011382605717068038,0.0036251051000592475,0.0000016369978262428384],[0.7190033764145754,0.19140259923636517,1.552056654362415,1.0047849815848263,1.3100337651832242,0.9600116642587302,1.647939921076661,1.9855045898034663,1.2912515368947418,0.9606588189413466,0.5484286960066485,1.581112859891703,1.189874437791405,0.973836179164379,1.5362606046590326,0.9793607610239515,1.0451128137033626,1.8664170234982203,0.7614600374041689,0.972162161948726,0.3295582872420954,1.6150025873826808,0.8936531785513516,0.0002779311491788842,0.00025052345405869695,0.00010402980774831815,0.00007722762833301779,4.398708831328441e-8,2.098224809634606e-8,0.00006235705694299612,0.000029778430977704526,0.0023440294930332959,0.000014495229255860077,0.0008080300888531292,0.0001094016980814164,0.0007178224063497222,0.00006179375825508004,0.000009452078466802785,0.0020569978636041095,0.000016270690983742378,0.00016359334318403318,0.00001941433084301142,0.0027745627847853349,0.0003287488409448389,0.00028137004229476196,4.561821611814301e-8,0.0011001045234120585,0.08040975368364234,0.001708361376092908,0.48647769495682488,0.005141062440193799,0.007194012533511135,0.0009429794909268264,0.1563099731913704,0.00014259462180905903,0.0017659814993209293,0.0006905657129757837,0.24787001031581303,0.03127356280154806,0.024058834348448536,0.04916234940353952,0.005579580275851905,0.45415887703889937,0.39481632736217,0.27637732699789016,0.05103960596436668,0.4740997691375386,0.015773568749487354,0.12860868995210737,0.011835686061894103,0.09376986672806426,0.48672308232567237,0.026839588250811898,0.08789299554763297,0.0009058259029006439,0.055030166394818159,0.02426116659268827,0.054880672753873999,0.016156752537043945,0.002945291794702079,0.1264781070165133,0.07963541130281266,0.021058195972976674,0.09734775580050163,0.1098565776030465,0.0005261605423581546,0.05329018755417767,0.024773547517380247,0.1711242416797123,0.009199403973608784,0.011873940229578663,0.000005096815597710514],[0.9270396820678299,0.29229697034649618,0.6393773299454464,1.483368168818499,1.6346165816496419,0.8124103904281507,1.5577545436460499,1.2912515368947418,1.6899521336632777,0.3139985141407011,1.0814862618046042,1.7037884490727387,0.9172596706727774,0.7041555465628863,1.5434073406110696,0.9122302921130245,1.516811687571533,1.0003116252749978,0.521983205698407,0.6624532305257281,0.3724693049941965,0.7450986916296682,0.6154513542172337,0.000006913998450375569,0.00006293970393671128,9.649271702349384e-7,0.000001187755122691446,5.990507912218958e-9,2.50181956929371e-9,0.000013949570172863667,0.000004558702523908561,0.00009179582676924005,0.0000028974842465511137,0.00022576391054338432,0.0000165136063244703,0.000010265524926388643,0.0000012852661451981083,1.5820023094871377e-7,0.00005948566931843846,0.000003280794244693764,0.000008949779610265781,1.1121200757324566e-7,0.0008767199058571454,0.0000037469869579781516,0.000033888972525918406,5.544694195811922e-9,0.0002957904125017184,0.039659420766174787,0.0004797641418452785,0.4239980599473272,0.0017334057590240782,0.0005748969955439111,0.00026737454658979227,0.08791267979371882,0.00002266507803082847,0.00005094391244948694,0.0001898693728289398,0.1564043956175112,0.013271477261616769,0.009839479246633944,0.022334613585346588,0.001699153468239113,0.4975562135968511,0.2949796242624301,0.18025639429834088,0.023324737931892979,0.4006225050264653,0.006097848412580472,0.06937047663269465,0.00041576349891993107,0.008375116585270171,0.2248951956010556,0.0013126132789213446,0.0075718977342170939,0.000013946396414631632,0.01534402337557526,0.0018958015522946327,0.0037020158809834104,0.0006392191032831638,0.0007464564621470393,0.013480802745483398,0.006502413191302499,0.000960356250918631,0.00972623937950665,0.010752185825271007,0.000006820075448287183,0.003543862918469239,0.0011660825030152928,0.022266486937842775,0.0002941666995344908,0.0010216785892417887,2.5072784537417808e-7],[0.40337082290056205,0.39750764243138,1.6134466741858582,0.21487229113183799,0.29216920117488157,0.6997815227839346,0.5693067269888514,0.9606588189413466,0.3139985141407011,1.9916220267514576,0.11115090398233855,0.38858217536910447,0.7507427353965128,0.8108997867978518,0.5285981928504226,0.6605141508198531,0.220248223606476,1.3072791464856955,1.104589909460596,0.8546196807265365,0.412721384883294,1.615857812648359,1.0578276767953244,0.012508641742550026,0.004855309330759771,0.0062095262538610289,0.004993553036467492,0.000004001836612419596,0.0000031567386582131408,0.0016184670475784098,0.0016205180170447815,0.054782165721686888,0.0005000231646600726,0.011987132549384852,0.004784405287377587,0.024063039162808707,0.004215356665964414,0.0010389260544745529,0.0497628092126324,0.0005484051817959424,0.008242044322042723,0.0018135751894837766,0.03020700888452503,0.014021420851547614,0.010967383089445886,0.000006464707876622499,0.019213932714161019,0.28572795756302868,0.026786142507436746,0.41531810959160606,0.048475110333904686,0.11872624789292076,0.013480878695596312,0.3999212634716371,0.005756529567105569,0.044977233136650227,0.010790578222610701,0.48060019946466805,0.1623533060445743,0.13691610563009425,0.21479363244945735,0.06992730429044476,0.2168991361668855,0.49943125212617636,0.48638291907550498,0.21998751902727504,0.4350111647740776,0.1034343666201411,0.3662805850280984,0.14331649185407936,0.3982876439904484,0.33567866060192749,0.2272297650911895,0.38869712433328215,0.028196693948554259,0.4804223755413011,0.2581656759300425,0.31932337507753347,0.17085197422245636,0.049425830827868739,0.44046269595086298,0.3757469812264427,0.2042933822193007,0.5304306053783214,0.42630162977968585,0.019427493308308495,0.3155926059071676,0.2157363318533703,0.47657505963373655,0.12354218949334355,0.1665342006498941,0.0005931237100643932],[0.7995506292876355,0.1790050284917986,0.31543355221089167,1.503362091835953,1.3353940874306072,0.6356284430937527,0.74637824762564,0.5484286960066485,1.0814862618046042,0.11115090398233855,1.617729350490562,1.1314195893660393,0.6846539207670385,0.5715796642363697,0.7675593471556962,0.4986048898135229,1.490493012373163,0.34721598558238739,0.08879516464664385,0.5487927534349203,0.450509454181411,0.218766446297315,0.14929494644858394,0.000009697407410735708,2.231949606888329e-8,0.0000032700021472619234,0.0000021923160006217026,2.0642307839060556e-13,1.069952861740661e-11,2.886259870699255e-9,1.5903686893491405e-7,0.00012656710225449974,3.638026514093367e-10,1.3125984944228888e-7,9.901019578803928e-7,0.0000332704870534001,0.0000016180079092269657,1.793413638748453e-7,0.00011362273274156895,4.1959267281457428e-10,0.0000041769582710085299,4.553719672249264e-7,9.036742488873451e-7,0.000012989202011875546,0.000004884624114552444,3.3790608216378117e-11,0.0000021618575901747368,0.0003245758046772671,0.0000036813947606137349,0.04910966856926113,0.0000026422427207043117,0.00043236794668230185,1.664699535523815e-7,0.0013257478019128612,0.0000012650618536311622,0.00009372106552442532,1.1450927667696003e-7,0.004036861784062873,0.00005397008459147451,0.000033685182130538437,0.00012469869407813616,0.0000263342461990677,0.16697121898599827,0.01669935791724191,0.005414334112401175,0.00013388299495861023,0.040159126457396557,0.000016064930278693395,0.0008614539777508191,0.0010803712102984626,0.01716470017828497,0.3029095039606405,0.003120231720556731,0.015662250129066137,0.00004408738606592153,0.002006489213201783,0.0022674781163536416,0.008150683356256796,0.0016127926437270433,0.00002552755930378465,0.0264099902649244,0.013628888976304557,0.0022470341218306297,0.016356150358570064,0.021503544418716524,0.00002287990195670653,0.007829131735381192,0.0028142170936831698,0.0414557070800921,0.0007835372630078839,0.0008159649033387237,6.627459731511122e-8],[0.815223604282908,0.135508741505375,0.8756461115004732,1.6697705388613356,1.8985824679688884,0.8808502832849618,1.668502820228462,1.581112859891703,1.7037884490727387,0.38858217536910447,1.1314195893660393,1.9953208115139134,1.0819787034715585,0.814462878423343,1.6036782393737013,0.886442640941597,1.7139024850337253,1.2062048232310075,0.4553377973650644,0.7877259104438813,0.4366666107044905,0.8725780895058835,0.5818994752603779,0.0000468945200064765,0.000013591745574606485,0.000016864058410167329,0.000011715686021596535,6.928605964923789e-10,3.897260341099301e-10,0.000002675179311934332,0.0000017984113880403606,0.0005014871922811954,4.953598285774587e-7,0.000054353034508932328,0.000008681909232086022,0.00014407468402261424,0.000008896697037439564,0.0000011398837755565426,0.0004491961920178001,5.657612361808298e-7,0.000022581523548582435,0.0000026861259066153376,0.0002393910304190145,0.0000604937387641857,0.00003108316228569548,9.797847375339518e-10,0.00008333928985298575,0.01707831272989856,0.0001404472821341587,0.3269691559452866,0.0005080547388177553,0.0016100322090807798,0.00006534738686827561,0.04330267295212993,0.00001138161785095334,0.0003769548987506024,0.000045104683235392,0.08670333383609293,0.004900316987889588,0.0034982099993550728,0.00884215571253387,0.000600179041558072,0.4848060392412895,0.19434849289108095,0.10331217940492574,0.009290421525198902,0.2992813256537488,0.0020466080416195206,0.032740709891192539,0.003441345801368092,0.039881147013369287,0.4039563229122407,0.008902292021811708,0.036836665680802928,0.0001866868593137009,0.011379411691828592,0.006966844793103893,0.020821136505128285,0.004933458807117878,0.0003085374439610184,0.05780536291021343,0.032643924649689109,0.006649957196331387,0.03885020886401573,0.048453956929089238,0.00010202528516420681,0.020097517167519859,0.008118219153028763,0.0848245216850443,0.002575648265941865,0.0028630813487435229,4.7609917933013839e-7],[0.7698104544515665,0.227417309360372,1.0864313839616689,0.9115155777336447,1.0189874571156015,1.1550564321622723,1.086611189857565,1.189874437791405,0.9172596706727774,0.7507427353965128,0.6846539207670385,1.0819787034715585,1.2527737546598159,1.119256520499295,1.059366149857408,1.019084518058319,0.9238235359858629,1.117442568698198,0.5928441175018674,1.0920198127533699,0.7070730027887484,0.9988950738785495,0.7587898153677257,0.005093610171260891,0.0000036862374375717725,0.002489657323019802,0.0019051608967722469,6.039012871386007e-9,2.5861485854244368e-7,7.632810547982354e-7,0.0003128684246386301,0.025474167609434187,3.3674273493609118e-7,0.0000158139011348447,0.0011103097914523936,0.011206769221506709,0.0015524717096039385,0.00034114507071926416,0.0238743192682258,1.8107143544312263e-7,0.002929336488672422,0.0006525493367414653,0.00007720091743433211,0.0061552709547355159,0.0032470996305112656,6.233964728100201e-7,0.0017948604664647555,0.007936181698506757,0.0025437474810632158,0.2433738545246639,0.0005458981156712207,0.05219472185738509,0.000019239486240015314,0.022534831779978508,0.001311379228208581,0.021251234970409016,0.00006102350781403341,0.050575197580116349,0.002047785305905049,0.0013929258680508985,0.003839386080821449,0.009283685914809284,0.43487291569256089,0.1282358791677522,0.06043519969000624,0.0041091803851413658,0.21673335123044994,0.0007813558925209076,0.01662853930677047,0.08640291550566781,0.3132327244058784,0.41216917197079908,0.14884998201467407,0.3026099992733472,0.01336504312270324,0.12066480621796001,0.12726794482388588,0.23189378546172027,0.10671514743522341,0.009379258960610676,0.36437191309876118,0.2867753185532223,0.12647355064939604,0.30978844682266429,0.33989679140489317,0.00884544746349041,0.22788634322983754,0.14148494753809105,0.41716278623297806,0.07262439129833091,0.07432840416370294,0.00016896299564420463],[0.6161271678752867,0.2484177994653787,1.0180474115376864,0.6983696201199546,0.7653194683006983,1.0949232306711179,0.8780463962192529,0.973836179164379,0.7041555465628863,0.8108997867978518,0.5715796642363697,0.814462878423343,1.119256520499295,1.146724190993528,0.8586503404596426,0.9760011828845551,0.7051149267340303,0.9867740540545296,0.7529185403880726,1.1447619078709917,0.8048821197531935,0.9540361577476627,0.8949449028559999,0.01669104765637991,0.000007093153404147818,0.008979724377184013,0.007110462465106191,6.933745133048759e-8,0.0000022814764956143964,0.0000022883137503503218,0.0014430075299334273,0.06514915161664484,0.0000022382582534204045,0.00002721384859974418,0.0044278374427545309,0.032739865834183489,0.0059443725968827639,0.001558945464708404,0.06174009307760554,7.91452928246048e-7,0.010343612095203915,0.0027715026344961549,0.00012801292070833604,0.019640547903920937,0.011309260192973063,0.000005128017239735733,0.00671514388889447,0.011150137912800566,0.009094377124345096,0.2807243992844248,0.001966714652616393,0.11698169437730524,0.00003288530296356436,0.030637128647802507,0.0051248717302625318,0.056048993486071719,0.0002916220046784283,0.06827623511903822,0.0031880222167078775,0.0020906113178291868,0.005551276951476137,0.027748138448188566,0.46009486566992738,0.1583174321487843,0.0768565595909057,0.006154673408953898,0.2514285789638847,0.0012152889365997318,0.023462889719795968,0.17408017261604936,0.430780903207481,0.29592252950978067,0.2624372794271592,0.4223555905486687,0.03799618708335048,0.2260140985863592,0.2342418624015285,0.3576978678296037,0.20472611969879762,0.0280942014625712,0.4661612329801644,0.40924448170555058,0.23275378844927395,0.43333806926537846,0.4506820877470336,0.02677820822359216,0.3536086072919671,0.25283135423015576,0.4919037476636214,0.15200482501258104,0.15492950394623593,0.0008328367308818489],[0.8896695378498623,0.3088667884640952,0.9296848514707146,1.2090789320493918,1.4345126307613317,0.9334611707173406,1.6417758823038158,1.5362606046590326,1.5434073406110696,0.5285981928504226,0.7675593471556962,1.6036782393737013,1.059366149857408,0.8586503404596426,1.6029594443025209,1.0498594809281628,1.2457828255722268,1.310410969371466,0.6420659125275126,0.8249665033866509,0.3557094711867671,1.0523067016468697,0.7489335071630714,0.00003385007356843258,0.00030052292036143453,0.000003681588116661477,0.000006259228195415418,5.7396466978223249e-8,2.532525859670287e-8,0.00007601176076701979,0.00002717613812286869,0.00035951303557007753,0.000017944667946994353,0.0009551566873398163,0.00008837514708258825,0.000031336162670136979,0.000007359004230829951,0.000001078114107419604,0.00022017185821418696,0.00002012035092542304,0.00004848578775330977,4.2201876999991278e-7,0.0032244130427397357,0.000011803482311539994,0.0001693240413085509,5.336905669532849e-8,0.001218167089916666,0.08786603576168274,0.001880870572990077,0.49129759383578938,0.005908320744159658,0.0020679190928394564,0.0011124115060039209,0.1677252453342474,0.00011809216229372073,0.0001940387603428702,0.0008170333671103212,0.2616720842129706,0.03489069811489017,0.026979665174844307,0.05433520309818885,0.005805557797794902,0.4444109154076171,0.40723463113891275,0.29055716463681138,0.05636239936983579,0.48088688843925628,0.017826758629912885,0.13879332993396219,0.0010074468631864975,0.016258040172263633,0.296729089649349,0.0029694753562882687,0.014823903626417739,0.00004234030535969982,0.03977422622640236,0.0056616458340257359,0.007677439825479812,0.0015026709305436353,0.0027913439733076286,0.025102668687889606,0.012906954005694685,0.0023247943773334917,0.021592729715378214,0.020478809575761086,0.00002083997673888202,0.0073785989645946069,0.002632236086763184,0.03956303415376815,0.0007273662062943243,0.0034462484202409748,0.0000018240336407555976],[0.7974470796977433,0.5870966387953135,0.8427994931681644,0.7300692070010684,0.8208431362785793,1.0162381919890869,1.0425144204577597,0.9793607610239515,0.9122302921130245,0.6605141508198531,0.4986048898135229,0.886442640941597,1.019084518058319,0.9760011828845551,1.0498594809281628,1.1327402526712898,0.7431710353958221,0.9545214164822833,0.6739588556717113,0.949681762358469,0.6236368692147419,0.883466674221602,0.799763840265961,0.000641758659366024,0.004745993762085343,0.000034471386609486827,0.00014867344678721212,0.0000038278708142578529,0.0000018928346549388747,0.0015775666190809566,0.0006796387540982051,0.004061878841029935,0.0004853253516518078,0.011745349413937278,0.0017678372412575574,0.00005494790304989425,0.00019381855054512496,0.00004065630740447558,0.002260781730933244,0.0005332446079103893,0.0010265929415106046,0.000001280523928587651,0.029677088906185573,0.0000048211876424444,0.002944339313420447,0.000003594362308732872,0.01415554861052999,0.2834706455127616,0.019735863543522346,0.41528163478521726,0.046462911627915107,0.018207308052818184,0.013213257751227319,0.39718945283432507,0.0022340157123212406,0.0021320881306286464,0.010405400828981638,0.472402315400289,0.16036537356580317,0.1352804997447946,0.212717482924416,0.04575241080789758,0.21899103776707327,0.49438934111140706,0.4855169484965391,0.21759620306936457,0.43671032372782306,0.10205564073556008,0.36264078772079619,0.0005999359249212529,0.009379315542247817,0.2382694380913667,0.0026133615561787437,0.008484198829283018,0.00009640277947109568,0.17015540100322364,0.032853091901543177,0.004230064162905854,0.0007419279457545791,0.026479875073356666,0.014914955440942889,0.00784284464472835,0.004839315875586966,0.056031779531754,0.013475349387095659,0.000008184663007608035,0.004229841839769884,0.0013802080071394186,0.02445932247256497,0.00036601050019305435,0.026235878956906885,0.00007044853475589903],[0.8533693600497467,0.1363406475819674,0.5572880982978097,1.7975382320830962,1.8171471069835146,0.7870607242751422,1.2581834743156666,1.0451128137033626,1.516811687571533,0.220248223606476,1.490493012373163,1.7139024850337253,0.9238235359858629,0.7051149267340303,1.2457828255722268,0.7431710353958221,1.8156690676866206,0.7188567149775087,0.239580514672834,0.6773368162792911,0.5226732523677399,0.48044499393184816,0.34737939619443178,0.00003364911871927763,6.72597468156267e-7,0.00001207216744138448,0.000008278480174507641,1.19742258996939e-11,7.468715640519058e-11,1.0733242961331819e-7,7.143883503449587e-7,0.000373735594448305,1.6268540930563537e-8,0.000003259896364924362,0.000004019198137833723,0.00010703255289696137,0.000006214610610461098,7.73061135486121e-7,0.0003377149757029632,1.881626519573682e-8,0.00001525682590762384,0.0000018704577866820285,0.00001793848466732273,0.00004426459739416363,0.0000178959939273224,2.2336961631777016e-10,0.000012038622067556035,0.0028643250557250225,0.000020535530842731517,0.1536709156315349,0.00004372894609781087,0.0011759774945873895,0.000004025058370188096,0.009211074773482238,0.000005091613480655117,0.0002821797451972432,0.0000026849309642422728,0.022729271052204085,0.000626166161325807,0.0004180616486141636,0.001278062091015794,0.00012028694403129185,0.3445899959982518,0.06914685204755523,0.028728267224772006,0.001357389785249346,0.13297262742536512,0.00022089751325563345,0.006457782931539177,0.002726705266366438,0.033759664181156699,0.3841320996813431,0.007217413018158757,0.031102930752851467,0.000139331329251366,0.005399186615606763,0.0054079921311211719,0.01727847458751155,0.003942327210609052,0.000095766633856824,0.049548770532140618,0.027457275455519054,0.0053450446142679869,0.032385488787801449,0.0412789275050806,0.00007533715823177675,0.01666083137345423,0.0065674750234791579,0.0737425736405886,0.002027390158642921,0.002117140190716247,3.007974313740831e-7],[0.6583099315701818,0.2660750617167463,1.7566287605413749,0.688532393646837,0.943976607386654,0.9292550152989947,1.413440743553324,1.8664170234982203,1.0003116252749978,1.3072791464856955,0.34721598558238739,1.2062048232310075,1.117442568698198,0.9867740540545296,1.310410969371466,0.9545214164822833,0.7188567149775087,1.9491179139228683,0.9142914797880773,1.0017000035719677,0.312075525863586,1.855014841005465,1.0318980503113205,0.0006130291091146718,0.0008886547398685503,0.00022306434783853746,0.0001761596475051584,2.876384025881705e-7,1.3769600123185235e-7,0.00024841040304781985,0.0001133854537153351,0.004643315004882015,0.00006461603483521503,0.0025772651271229048,0.0003665709299383407,0.0013918204913858318,0.00014737991489930513,0.000024574331715070119,0.003965609337634844,0.00007191033848587349,0.000419301392912379,0.000044422927299976997,0.00782497877270175,0.0006616436576023822,0.0008135553334134923,2.8292538342610359e-7,0.0033648663047385976,0.14528253904802805,0.005010474117542148,0.49750950470455626,0.013560513632765215,0.0143085043918256,0.002963756836684812,0.24766945895091883,0.00047259555436825386,0.003447638967046098,0.0022351555782981777,0.35017714445734868,0.06567183336914158,0.05242333824179071,0.09643427600468228,0.014416690298732394,0.3693965257957459,0.47111960417690826,0.3776142690109458,0.09952726724873916,0.4999550838191042,0.03636068647843451,0.21248357297775465,0.019424696734096186,0.12980167240032176,0.5001190929962602,0.04160440976264055,0.12246670556504816,0.0017371923971225036,0.10836684360754945,0.04241850591991239,0.0799493038727777,0.025933069763083358,0.007948021200911208,0.16953509434448758,0.11211373700984521,0.03359897898155341,0.14411260855094697,0.14977036604583597,0.0010344525833041474,0.07785357656744596,0.03853123073591872,0.22121048947656397,0.015350463422557972,0.02277013415122723,0.000016371273889602435],[0.5276770884496648,0.5021761146430542,0.969717224896876,0.2239412670045724,0.33448981741814867,0.6043558650158342,0.6550761216895163,0.7614600374041689,0.521983205698407,1.104589909460596,0.08879516464664385,0.4553377973650644,0.5928441175018674,0.7529185403880726,0.6420659125275126,0.6739588556717113,0.239580514672834,0.9142914797880773,1.2004654996736056,0.8021313376274237,0.4533988731987591,1.0414967294014755,1.1455753295340155,0.014038413520602781,0.05641456628190379,0.0016537077229331846,0.004676516113771978,0.00025800983695190276,0.00014642223513944036,0.026060602668853646,0.01416109839490548,0.05435248877444426,0.011029246266554124,0.10328613548077297,0.02835969858304633,0.0031296817676027047,0.005657741733416365,0.0016894702931010632,0.03687974468526032,0.011825801548654187,0.019373833360960627,0.00014188526891050572,0.18409281908972403,0.000696712820793724,0.040862526750409678,0.00024532526829370665,0.11679662488891377,0.49744085371957438,0.14418937556592119,0.17583092421021516,0.23878889839866802,0.14741035639841733,0.11144504002875463,0.4840002414769527,0.03349528198459582,0.035085263753966648,0.09546312256609022,0.44314798752180786,0.4313151088946952,0.4037530498503252,0.4712176064995068,0.23989644646610248,0.03998087963342978,0.31193755451095508,0.3857310436720045,0.4747267504464807,0.16654087233572682,0.35734974537565769,0.4990747042332991,0.023307823296699848,0.1318974230640299,0.5360757585107093,0.06199801107908523,0.12419397749839334,0.004555854771304323,0.5275739857216287,0.23032447202388924,0.08238180523590717,0.02643368145584319,0.1741827474184158,0.1695916886975898,0.12471536130968675,0.08158289082627149,0.37701228285280999,0.17545681832640784,0.0010403283218589526,0.0844158024091923,0.04053610320318786,0.22154375230009863,0.016532354960384488,0.1887928859234072,0.0025659900203009674],[0.5667191807604357,0.2274806271565318,1.0532570539066706,0.6710715348030653,0.7369196662861377,1.0643861472275274,0.8492859436177453,0.972162161948726,0.6624532305257281,0.8546196807265365,0.5487927534349203,0.7877259104438813,1.0920198127533699,1.1447619078709917,0.8249665033866509,0.949681762358469,0.6773368162792911,1.0017000035719677,0.8021313376274237,1.1538414258577797,0.8003408115523066,0.9833430230470874,0.9331751465327722,0.019995905588947556,0.000010982996148896468,0.010931063370158936,0.008705091431414496,1.0272785739098538e-7,0.000003224010410072098,0.0000034871494231934564,0.001830325098316701,0.07489373716316394,0.0000032202321210387765,0.00004119221145828816,0.005481942009421618,0.03847827521037012,0.007308629106367371,0.001974086974022264,0.07110378813605094,0.0000011930771371230265,0.012547248303679927,0.0034669623241300399,0.00018719830687242585,0.02342500379721642,0.013688630821537563,0.000007162506698192081,0.0082439155651359,0.01440854035733774,0.01108667080639191,0.30986619031458337,0.002533843348698958,0.13160170525193003,0.000049575394217413089,0.038193225053982638,0.006323746756228372,0.06476153835464947,0.0003867018199646675,0.08250729808123045,0.004288984743202273,0.00284606954815376,0.007339284542416839,0.03285641307318659,0.47605182635359646,0.1825881412207673,0.09187770302581935,0.008119547149404064,0.2796555074297068,0.001680107971112264,0.029586695318912446,0.1923018166862855,0.44652376014143899,0.2773637853086483,0.28354932678649077,0.4388668337730513,0.04445360798743017,0.24846403550614705,0.25520223074091205,0.37793088962295875,0.22431481646755895,0.03320659234586028,0.4774001373071806,0.42686134040113718,0.2533093621444655,0.45257291826614917,0.4644667732761285,0.03165910024458466,0.37398884656500505,0.27376472803930265,0.49696134910758008,0.1689855370924243,0.17224610640718275,0.0010680215487322155],[0.3604218662680142,0.7424566322453351,0.41757889974500808,0.5245132263868009,0.49904919448127335,0.7931861247074906,0.3475269952062088,0.3295582872420954,0.3724693049941965,0.412721384883294,0.450509454181411,0.4366666107044905,0.7070730027887484,0.8048821197531935,0.3557094711867671,0.6236368692147419,0.5226732523677399,0.312075525863586,0.4533988731987591,0.8003408115523066,1.004705239415331,0.3157074528990596,0.5475299028948882,0.015475937451242112,0.0626898012268467,0.0017055605229512686,0.005276633303074046,0.00031437090731393174,0.0001797095396290067,0.02946976513703999,0.016188370882186485,0.05602960460968841,0.012684988288288653,0.11295371588766519,0.03191008088847544,0.0020681967798467767,0.00644130366567866,0.00198064607065583,0.03736358564170484,0.013583509093464929,0.02173383045063608,0.00012030650926703387,0.1976286151162408,0.00004445391503061608,0.0453852002847284,0.0002990955440377075,0.1269268788225342,0.4993459747949679,0.1554963158972391,0.14269394114762935,0.25344002846234955,0.14727330680350665,0.12160661887042666,0.47280998017379946,0.03754635358797894,0.03594123522883965,0.10462045881342669,0.40040287944478777,0.44258369258126037,0.41693055154456268,0.4789557147195036,0.2513340393834914,0.035593984557688088,0.25841331392543029,0.3712514907206801,0.4813557490980923,0.1541038244157161,0.3721254524943481,0.48905098148030115,0.004728649795083012,0.006890719599202232,0.20917554607821704,0.023883111294147494,0.006003699801164403,0.0033304990542339866,0.4508648298490751,0.20592743413547033,0.004697654816937175,0.0008762389161778514,0.18500228767410163,0.007451178974146051,0.017869786338747849,0.05435662248479095,0.25947475391173149,0.03502614106752798,0.000008892645112839937,0.009378418527954664,0.0028985887549868194,0.013151379085882752,0.00152819