{"name":"DynamicObjectArray","generic":13,"parameters":{"array":[{"name":"MatrixSerializable","generic":11,"parameters":{"name":"km_train","value":[[1.0,0.22856583834330664,0.3690472777169726,0.4517987354588844,0.4889621245599818,0.31469556879339535,0.6710971582963619,0.5012531445576554,0.7343744233367764,0.32992341272742617,0.40093102217744505,0.5330534542351347,0.3383993669652327,0.3062836775597418,0.7136008582778967,0.7247620952481573,0.4600566416070504,0.4679557023938219,0.38534708141836995,0.30324185297541469,0.5270374267322647,0.426041207062286,0.43951500335010038,0.1421711269478389,0.12387405110896986,0.1291236990782257,0.1335714289054985,0.10439919307834454,0.10756538625934253,0.12148698501349595,0.13491943620974015,0.15802392797658869,0.11931869114496534,0.12219923015157211,0.1424550770717648,0.13346624629954188,0.1340554716795604,0.12557192764311318,0.15395176239288356,0.11729269037807506,0.14273151409577937,0.11754542095428332,0.13251536371628984,0.1184032646097328,0.1484344873498494,0.10983052470460428,0.15602247021576297,0.15340261412588733,0.1598620387864999,0.21766652518570263,0.15891324501398858,0.1737525570039892,0.11919626567938328,0.1811243709074,0.14409517326243019,0.15316804791759393,0.14222134826194264,0.20532364909149593,0.16094344345306434,0.1374172494672308,0.1423119635661184,0.17366793145747523,0.16360768913068747,0.21613284922643187,0.15740385069080949,0.16642017310268368,0.166687490159285,0.14829312940434484,0.1834736111108501,0.1433839726577639,0.1441758782959745,0.1710354536452152,0.15731288937857283,0.14292289508724075,0.13621276858504553,0.2146408444962411,0.1858144100016846,0.14396022174486776,0.13358578549291504,0.16831391318133163,0.11278159772065857,0.1562410861823023,0.16498060568993087,0.1989868554285027,0.1636533089729956,0.11404113136713373,0.15025751326952503,0.1412147731878205,0.13508844835826279,0.13653474818217604,0.1796930512909937,0.12580917160918635],[0.22856583834330664,1.0,0.34733939520443388,0.3889802571255749,0.3734170532413454,0.5590336385618018,0.28931277644603878,0.32562656418287236,0.287204292110641,0.29340747533546648,0.3809715383119146,0.3497477189454426,0.5085205937551478,0.5176029268843034,0.28126839098833508,0.23643486478466878,0.38470890845304087,0.30806426078136986,0.22313488817440767,0.5014017802676014,0.19513876531263769,0.29530155580459657,0.22957687581581139,0.15066728154767,0.11424813583913173,0.13996007782855597,0.14174987114530059,0.1032309857590773,0.10892028949462202,0.11432424958508697,0.13646102381661227,0.168760872644761,0.11450012033658025,0.11001745908331093,0.14427754397896484,0.14897300116507129,0.1412900115815328,0.13176723566176713,0.16616707836125947,0.11168649189928914,0.14842642579955227,0.12815227477757594,0.11787473011285094,0.13497314778039253,0.1515899526339517,0.11128139110529935,0.15157656325344663,0.12499095358545096,0.15456602399924578,0.1470253435428509,0.1453492767924804,0.1826933331758502,0.1066495586076062,0.14252414333200187,0.1456640375289334,0.16489644871259916,0.13375066793860453,0.15523858865222446,0.1367619387452805,0.11625708954118151,0.11799650447177034,0.16666030674836078,0.11413696839958898,0.15332673273390724,0.12077465709425311,0.13887243628050006,0.1206621097617386,0.1278651646677278,0.14634716720220318,0.16976453650576935,0.18778917869573304,0.27808713064351,0.18697548185614655,0.1856757079330875,0.15175010064182677,0.20673327714321458,0.2004261552491504,0.18204896545211395,0.16293401672933606,0.16528411254144596,0.14963266242501667,0.1981556776223721,0.1897789541523975,0.22988094500428625,0.20979261897760693,0.13225339662154579,0.18788577800070753,0.17287971627449939,0.1836757016930408,0.16251999213517913,0.18948563311377557,0.1301068024022825],[0.3690472777169726,0.34733939520443388,1.0,0.45997588774093969,0.5160899720620336,0.6279606687318664,0.5693185220807926,0.7712210933592522,0.47521474415675049,0.8179399805877642,0.36972223508119297,0.565597092794869,0.6776318475279052,0.6883388849514863,0.5395150089944887,0.4732923812230687,0.4666117664392947,0.8388137103835927,0.5132964793354085,0.7065010799397986,0.3651950088544704,0.8606014351210024,0.5345717047633183,0.19839746744442206,0.15019888642595609,0.17559014897157214,0.18194841919583547,0.12663357480101126,0.13331985812787779,0.14863268663370558,0.179422170191976,0.2325426354373208,0.14719982348264452,0.14481697666684976,0.19366636086993919,0.18634855116924385,0.18217822349360053,0.1662798997719606,0.22497866401503478,0.14321393797865837,0.19735759132443757,0.1552533549442934,0.1594941732703411,0.1597555137347213,0.20642426125151396,0.1369339313570584,0.21446720244193866,0.17940043661265687,0.22148206998873375,0.2390684782230503,0.21006116647126603,0.2667789740284111,0.13954762370658053,0.21948004736105357,0.19658542671208613,0.22296470837440678,0.1835114070981029,0.25372806966508157,0.2001633386884414,0.16016396597897807,0.1646984225031589,0.24961519218898696,0.16385678024063383,0.253178936863838,0.17431670003751108,0.20633669640348233,0.17630196681536074,0.18081322264402828,0.22722305764015655,0.21149154370491125,0.21953209907303704,0.29473250231744416,0.24329428042251623,0.21657705497517225,0.1915665597133358,0.35708225426616477,0.3025712015977072,0.21738516265922748,0.19302691523018063,0.24212205935816456,0.1558494737538407,0.24621008893969277,0.2582833307399977,0.35463704416637217,0.2656174363557001,0.15298965123196804,0.23096977787736343,0.20928486088436455,0.2012365156299517,0.1974829518401342,0.28215090246318538,0.1653642915670149],[0.4517987354588844,0.3889802571255749,0.45997588774093969,1.0,0.9515778344659667,0.556536980435855,0.6056246556206286,0.5904179089513337,0.6744205738135226,0.35764237435778237,0.8585486513390571,0.8428429553092657,0.6006661770459916,0.4968698564151206,0.5917317075072955,0.4225722043774493,0.9986011570375539,0.5001925152925608,0.3096429730989651,0.4781740301439094,0.3038386952786301,0.4378218695497707,0.3374875947766915,0.14418912228279413,0.11722692921229643,0.13184922067017489,0.13524740021288068,0.10192039924437381,0.10618612992398828,0.1160578569450589,0.13368035686500555,0.16168764140792778,0.11502425247830683,0.11426147598792938,0.14149791059731024,0.13818783026283114,0.1353331187323478,0.12628835508179715,0.15804482182924138,0.11262878023787176,0.1435334783529813,0.12007210712625784,0.12333012835659008,0.12330856692916512,0.14826644733135126,0.10847428742938742,0.1525224747443679,0.13690617271936759,0.1561059999992428,0.17703991945846626,0.1508744560589094,0.17769236606508827,0.11108064679704681,0.15963422990544377,0.14306408327501322,0.15701212184624425,0.1363202106768878,0.17823137355592617,0.14714101932685642,0.12476017535543159,0.12794819576561898,0.1698281395447094,0.13420300812775327,0.1811789272244438,0.13605929374510038,0.15089265634470939,0.13966691120081904,0.13622081199265649,0.16306904474235113,0.15268374698548954,0.15959317399498428,0.20786351456409658,0.16869511158773119,0.1579740214489155,0.1410168468971213,0.21498662842968309,0.19356591332980087,0.15750348518858679,0.1435661383311651,0.16613560173613868,0.12472618906444658,0.17200516740305389,0.17505267213215035,0.21591671782112729,0.18159955627414046,0.11954531851931542,0.16405267815892439,0.15235162959482038,0.15152297687736528,0.14539825983226205,0.18456342241958419,0.1257003334844626],[0.4889621245599818,0.3734170532413454,0.5160899720620336,0.9515778344659667,1.0,0.5766145125192906,0.7029632822181612,0.689971233505987,0.7553900097047847,0.3951593465321122,0.7387873975129399,0.9529669137745725,0.6340576404794296,0.5237303212930418,0.6820766329766308,0.47481917459234027,0.9646651969629003,0.5770666354948022,0.341980105142405,0.5061290390331971,0.33176498417221236,0.4980239713413519,0.3757084470606888,0.14980930004356603,0.12151135192704066,0.1363845676747723,0.14016765094219914,0.10495882755389759,0.10938485428245788,0.12019006956959397,0.13876870703544987,0.16872582592632358,0.11901208507494127,0.11840937424914196,0.14719177519860864,0.14298407216812354,0.14030307664668655,0.13062647109570045,0.16468130049670497,0.116483682589357,0.14922666987060163,0.1237646494345904,0.12817963485703333,0.1269265840997668,0.15446535097879883,0.11181071501141801,0.15939777202976264,0.14309273375731958,0.16333237254521155,0.1875819047427612,0.15792425830670146,0.18635294759801197,0.11502301187978377,0.16807828013225313,0.1488962407349674,0.16357974902549833,0.1419852584668509,0.18881571122103764,0.15414522968944048,0.1298495296872648,0.1333359289878813,0.17840790220317657,0.14014171627081069,0.19221714428759963,0.14224499211759918,0.15830746938296676,0.14618450238466317,0.1422072915092974,0.17183729457978035,0.15811177959060974,0.1646425117783054,0.21392509646529238,0.17540369039448129,0.16292666027165307,0.14603799666597518,0.22856264948480668,0.2035987300799604,0.16269149446902812,0.14804937430585136,0.1742004910467858,0.12723332611008965,0.17833024857046987,0.18264228246672793,0.22758059474586335,0.18862801434690805,0.12280791654931328,0.16987046593824146,0.1574536853481418,0.15553054486410657,0.1502245695205587,0.19388397988686074,0.13007892371770753],[0.31469556879339535,0.5590336385618018,0.6279606687318664,0.556536980435855,0.5766145125192906,1.0,0.4544654565419619,0.5643569580279101,0.4263223901511336,0.47236816962860719,0.4650939426428296,0.5629511734828799,0.9726034401546836,0.9515119506543239,0.43392349595106219,0.3476661944795662,0.5567401619375507,0.5274976489521609,0.3265781574378656,0.9170161086163673,0.26961710339683916,0.495358119063796,0.3410324019958217,0.17234895316715705,0.13034530799989639,0.15629809056397873,0.1600583476812343,0.11386100238860152,0.11999704129502723,0.12972587246541343,0.15576866465896145,0.19764180228698473,0.12921746142275246,0.12562546919130805,0.1663929687482039,0.16629758040436527,0.15987226419093307,0.14745986677266038,0.19297535285132659,0.12589059773441128,0.17050618523792569,0.14056649199408945,0.1363542272329549,0.14643498501139882,0.17611960507953823,0.12292119785820409,0.1791719168513072,0.14870643422063196,0.18379685862150184,0.18543933348955808,0.1733617200360479,0.2201267895004564,0.12145254990610559,0.17500320686638899,0.16843258811428067,0.19134244967730106,0.15571222568345598,0.1956794282784431,0.16405001736266448,0.13569791301912335,0.13859634524983376,0.20235749156131353,0.13645875277393239,0.19435535927541179,0.1442472630444979,0.16773412422768603,0.1451432410605384,0.15098738214509048,0.18030844705915537,0.1897601454677976,0.2041950072891026,0.2955527695121795,0.21416082426712458,0.20157201546866714,0.1702015954276164,0.26844526284811395,0.24612175948334709,0.1998169787279566,0.17748300302451953,0.1987361789713524,0.15217506248855876,0.2226706692680228,0.22207044016424017,0.2880618864912421,0.23872196838925476,0.14181383327587847,0.20947997109073683,0.1906814052493272,0.19294992040692439,0.17924883504695497,0.2306129928363251,0.14608633352626047],[0.6710971582963619,0.28931277644603878,0.5693185220807926,0.6056246556206286,0.7029632822181612,0.4544654565419619,1.0,0.8468168130614348,0.8993011076746926,0.4662715294271532,0.47753737458342318,0.8167939274365857,0.5023698240794341,0.44379361552404786,0.9925142981740046,0.7630330039040876,0.6213597761831055,0.7575240701719941,0.46926502677216128,0.4390009785545087,0.47877883378264649,0.6521217095092362,0.5398048997369179,0.1603143176071108,0.1325109008498962,0.14433115720738208,0.14934217891235913,0.11179610788166945,0.11616024971056338,0.13042059051612385,0.14947913752219375,0.1815350878105374,0.12851946911980825,0.1295522183458062,0.15909326379245346,0.1506405218051912,0.14974480049354375,0.13897183969412614,0.17644136968405683,0.12583644409626208,0.1603976752094043,0.13006929651962843,0.14134469068714207,0.1321385534902028,0.16713310264762569,0.11886362026777045,0.1749586021152059,0.16192857938966447,0.17979214166403954,0.22591541531419499,0.17573596109544885,0.20256005092984723,0.12576413748571939,0.194357795746855,0.16112793553989428,0.17530396912109484,0.1557924532284508,0.22282241442365495,0.1740484103360967,0.1447529581870524,0.1495150474275014,0.19799627393524789,0.16204941611807395,0.2302318515855666,0.1626102011672674,0.17984574344153374,0.16906865408178804,0.1590410645349625,0.19857345103720978,0.16507249234327713,0.1681449293138054,0.2091026720929188,0.18399305393533298,0.16641059639650497,0.15411936052864184,0.2578932616055924,0.2209628198588183,0.1672964342547914,0.15285331193165797,0.19187724064446935,0.12753254754009547,0.18411379604744097,0.19365243147217924,0.24366421271826523,0.19473888863165174,0.12708242747772029,0.17557917546475253,0.1629601962090335,0.15666010923457034,0.1561803546852163,0.21110088708877618,0.13883449260960485],[0.5012531445576554,0.32562656418287236,0.7712210933592522,0.5904179089513337,0.689971233505987,0.5643569580279101,0.8468168130614348,1.0,0.6969062587558298,0.5917532203083574,0.45425627259103448,0.7948213731442414,0.6310878063538249,0.5654338944036632,0.8004130381488532,0.628562717295502,0.6038738695450719,0.9385016439091102,0.5013588249918446,0.5626803274379894,0.4262174757724123,0.8192255297126415,0.560337799526616,0.17390057184016784,0.13880776399667064,0.1556164842818118,0.1610588947858189,0.11718053768643126,0.12241002315382706,0.13693433005919537,0.16021513508574937,0.19947246013688919,0.1352286384299226,0.13494073881389527,0.17143022549820317,0.16349540208993344,0.1613926751535255,0.14884245235613828,0.19356602781130634,0.13206968527084218,0.17357963822918494,0.1392620423755208,0.1477557833381849,0.14225654157683363,0.1810933528156322,0.12543784727717242,0.18896706533996708,0.16797991403042837,0.194549947867713,0.23032230159002435,0.18793366487519815,0.2248458913575131,0.13060732856240368,0.20326429222639848,0.17376724041746004,0.19213373302611537,0.16567750242639277,0.23403084919496537,0.18330261883792607,0.1500957030656962,0.15474319930547793,0.21614962470354119,0.16179459448813228,0.23852740416497143,0.16641370118459776,0.18923586853794104,0.1710413178902731,0.16672620177045456,0.2087918891619088,0.18163979813373169,0.18660890346517565,0.23977226747426226,0.20479892897873204,0.18446369903197119,0.16756162266135289,0.2917897704900224,0.24883987317313337,0.18524269288296325,0.16740108405444818,0.2095471689678593,0.13825737369669395,0.20598737644992019,0.21612589733558394,0.2806329983504093,0.2194617926474438,0.13664116878934455,0.19523431430852429,0.1795735492815443,0.17300713918542266,0.17105067056757865,0.2356071204614724,0.14841329744215374],[0.7343744233367764,0.287204292110641,0.47521474415675049,0.6744205738135226,0.7553900097047847,0.4263223901511336,0.8993011076746926,0.6969062587558298,1.0,0.38991582709161795,0.5497162519678136,0.8320062791737481,0.46735588796414026,0.4065631136475805,0.9177633170932847,0.6641344576629401,0.6911889685510569,0.6031127307940626,0.39250470174061238,0.39940812108055048,0.4304509620670574,0.5212216266902094,0.44548614271542849,0.1489782562122575,0.12463920135704708,0.13510556519007489,0.13943578491051898,0.10606642667328675,0.10998993373502873,0.12274712195127315,0.13946673737775285,0.16724213133175826,0.12103393299638657,0.12209761377763144,0.14782347270999775,0.14073624801648786,0.13977057635823227,0.13031184569560445,0.16293058428698049,0.11866188654862119,0.14900166847845398,0.12252741424401523,0.13252503029770583,0.12451619408102857,0.15477632444665455,0.11241334748643459,0.16142254132605886,0.15089205823359098,0.16553816691717553,0.20684602042752826,0.16212946929925113,0.18496797336721566,0.11876263296382876,0.17864989245278307,0.1495807319166696,0.16194606668052007,0.14495997431086808,0.20254249081584903,0.16096543401741673,0.1357586903797682,0.1400396351657695,0.18090118877496123,0.15305218354995346,0.20943877071088888,0.15206840178733689,0.16599129496136198,0.15838840014196407,0.1480388961521691,0.18204041943353597,0.1535934075035345,0.15692204890728218,0.19460532340134849,0.1699180605748164,0.15539374277152233,0.14376665065836606,0.23009377537856755,0.20046875016465375,0.1559596760656476,0.1431218683926466,0.17578334610346409,0.12125833156459297,0.17050590186173854,0.177936510398434,0.21979587640694488,0.1796964656718706,0.12008696273922241,0.16304708813266839,0.15196655990483314,0.14724107807758875,0.145887674702412,0.1921314980005999,0.13016553814462379],[0.32992341272742617,0.29340747533546648,0.8179399805877642,0.35764237435778237,0.3951593465321122,0.47236816962860719,0.4662715294271532,0.5917532203083574,0.38991582709161795,1.0,0.2981875458623643,0.4317032167874241,0.49627491778623858,0.525814176929926,0.44801872613728169,0.44073765766961356,0.36223967303188867,0.6933798782072251,0.6127551740884197,0.5458428303794894,0.37575292618715697,0.8023711092842486,0.5950501253928053,0.22642821850532156,0.1676481122075582,0.19666290964339845,0.205315978367696,0.13849853718574219,0.1462356234440855,0.1656123236377356,0.20335402966241837,0.27111192393640057,0.16370135809661305,0.16102613404840267,0.2216742437969928,0.2091541056344317,0.2058102063980724,0.1859224657798738,0.2604988565789254,0.15886395560338044,0.22571081232088473,0.17137548215818367,0.17931568570904436,0.17557959565671756,0.23814173603843037,0.15057674092965854,0.25022073707873695,0.20406246674187915,0.25982125859129198,0.2768496418965337,0.24521989266764805,0.31889278297459897,0.15454556537405085,0.25667093946189969,0.22552621351427125,0.25795273689557215,0.20981275253072335,0.3029407767271949,0.23189263202211334,0.179908432503617,0.18544125366010984,0.2989707545999671,0.18036386672823186,0.2990107722561564,0.19632412874704179,0.23998010571436349,0.19724325655929929,0.2064995091561122,0.2676423373595194,0.23816814043065644,0.2424065272106671,0.31182036092032447,0.27870874655978519,0.2389546742609967,0.21581096229052305,0.45914193991767796,0.36748535060839396,0.24165487867447778,0.21357912021660373,0.28775717953326776,0.16551955891244933,0.2774894106700914,0.30088680102468198,0.43258996472430957,0.30110166017824438,0.16688937504175509,0.2593519068034212,0.23352591693224004,0.2176991885234417,0.2202951984458787,0.34033157631765617,0.18511553484884686],[0.40093102217744505,0.3809715383119146,0.36972223508119297,0.8585486513390571,0.7387873975129399,0.4650939426428296,0.47753737458342318,0.45425627259103448,0.5497162519678136,0.2981875458623643,1.0,0.6354584703048103,0.48752585223438035,0.4144415978864268,0.4723986957877408,0.35507626758382368,0.8415361170532653,0.39486863981108807,0.26411371067679675,0.3991586323448853,0.26665195986957726,0.3530175633816071,0.2852392496677546,0.13337538823179499,0.1096198921979014,0.1228659671042986,0.1256982502167258,0.09620465817042263,0.10006535632998337,0.10861877003352676,0.12414142431900598,0.14825881846627848,0.10774349234197262,0.10700538684824504,0.1308700905247645,0.12851134927914077,0.1257395577667914,0.11787858447898088,0.1452497015297764,0.10562193170867518,0.132723958955202,0.11262688632679098,0.11492604177930477,0.1157194925794975,0.13668339367697564,0.1020976783706298,0.14011149914644054,0.1267061211087162,0.1431236669503245,0.1609943727390444,0.13857397136783954,0.1615256456775316,0.10420783840074646,0.1459758716212194,0.13220344989232483,0.14436259084113874,0.12621244972212507,0.16145042885893766,0.13536829679808144,0.11619343259073384,0.11897995070993156,0.15459100692084244,0.12512439549224636,0.16409526864445998,0.12615529939360244,0.13855149263955644,0.12950504147310552,0.12605645097131253,0.1488121897705739,0.14133746758935937,0.148074966913446,0.1912095030012052,0.15488932326248656,0.14667555527158877,0.13093430022527559,0.1913786772636641,0.17473320579768468,0.14600796606953093,0.13378476107438048,0.15159384288731798,0.11824382396344863,0.15825561758599067,0.15993651713540475,0.19336027084879477,0.16636176068635417,0.11253086440707001,0.15143852507748419,0.14133179615754794,0.14168032098769516,0.1351580046020597,0.167212626791279,0.11730559372355791],[0.5330534542351347,0.3497477189454426,0.565597092794869,0.8428429553092657,0.9529669137745725,0.5629511734828799,0.8167939274365857,0.7948213731442414,0.8320062791737481,0.4317032167874241,0.6354584703048103,1.0,0.6263381328270173,0.5246645174634465,0.7887935321717444,0.5413873694368987,0.862408465533759,0.6623363598494404,0.37958742775118117,0.5107524799577486,0.3663513341266877,0.564231838634324,0.421514608550827,0.1547218033926877,0.1256151235584598,0.14025393368046874,0.14444943257429658,0.10772889475421917,0.11224849113135026,0.12409833475919263,0.1433624783888058,0.17487471797807009,0.12273512895968338,0.12244036976602338,0.1523366704143698,0.14697967483818528,0.14465266443417519,0.13442374933294544,0.17042516344802823,0.12010075750927414,0.15427530793951847,0.1268763334082067,0.13292278214394086,0.12984004270312958,0.1600423798464153,0.11479822643772464,0.16579630790508566,0.1494092496257064,0.17008069034182897,0.19911029409425988,0.16471895058861725,0.1940349424373405,0.11886912043720822,0.1768200435498774,0.154174943417609,0.16927370432561743,0.1473530992657808,0.19994832960615775,0.16115450291099207,0.1349597748896801,0.13879741001106078,0.18646947292162328,0.1466079361440103,0.2040962201515255,0.14872829156433943,0.16579092303129445,0.1531711300508598,0.14815659101189353,0.1808633787857947,0.16241089184830399,0.16819884144546475,0.21680079715245813,0.1807536485527476,0.16641996859861495,0.15023554484102984,0.24134316452714586,0.21236147795997424,0.16649790240116034,0.15144398392146886,0.18167045352612186,0.12875331253962739,0.1830277349292169,0.18890604111319327,0.23727044832739797,0.19382183766857448,0.1253686621369814,0.17423549949269249,0.1613378381031559,0.1580861343483626,0.15399994015568706,0.2021449833808929,0.13395673823515609],[0.3383993669652327,0.5085205937551478,0.6776318475279052,0.6006661770459916,0.6340576404794296,0.9726034401546836,0.5023698240794341,0.6310878063538249,0.46735588796414026,0.49627491778623858,0.48752585223438035,0.6263381328270173,1.0,0.9234381239100284,0.477987613622191,0.37647239428234749,0.60276927976956,0.5825769949717334,0.3461237730434437,0.8912565324987061,0.2865053061594432,0.5392972182775058,0.3643224089079629,0.1719903942875681,0.13119308683736517,0.15562591369095975,0.15964618355431677,0.11400481601061767,0.11997082903900114,0.13039032247736594,0.15591404819700065,0.19729110274910589,0.12970428072547023,0.1266181680522082,0.16659790339573189,0.16524292155502677,0.15954398804519483,0.14715325902148886,0.1924272456025822,0.1264171466310491,0.17039402025472068,0.13985238257997735,0.13760503547630099,0.14521763496455893,0.1762918611665244,0.12289786263843193,0.18006968369682192,0.1510066034830056,0.18483024839107993,0.1908649191474768,0.17496006270493015,0.2202545078520244,0.12243993925680348,0.17842733148342597,0.16867810738916018,0.19082837922486424,0.15668872139740257,0.200360302592126,0.16631075771426125,0.1373747768476616,0.14050477403834753,0.20383197969988066,0.13960933260913006,0.19971386757520782,0.1469460187443817,0.1702898168669638,0.14832645484075325,0.15279928347019096,0.18375984608391389,0.1877423181116716,0.20043073319801586,0.2841024430374331,0.21192039755209905,0.19789855881873345,0.16916310246242584,0.27163450626946319,0.2460269551159114,0.19662143840818467,0.17513746592268412,0.1997718038158343,0.14920325627769655,0.219100569360673,0.2204412148787492,0.28661435211610267,0.23471152990315229,0.1404458360035873,0.20634778571201968,0.18812909008495688,0.18873238564943513,0.17723472353925999,0.2308133160805903,0.14593494551506343],[0.3062836775597418,0.5176029268843034,0.6883388849514863,0.4968698564151206,0.5237303212930418,0.9515119506543239,0.44379361552404786,0.5654338944036632,0.4065631136475805,0.525814176929926,0.4144415978864268,0.5246645174634465,0.9234381239100284,1.0,0.4232938420185444,0.3483389628223142,0.4984769805928725,0.5465424316768677,0.3444259977324473,0.9938159491968579,0.27381477793799,0.5261093148101379,0.3562931300306631,0.18233871089136614,0.13575482297776626,0.1644994086029147,0.16866498589373703,0.11814145725016163,0.12478623139201164,0.1351568957627817,0.16385675442461243,0.21080449595693977,0.1346662002137403,0.1305470330092109,0.1756268786826242,0.17557227100415249,0.1684547857236906,0.15474905254088262,0.20553415553586958,0.13103865999901993,0.18025882990707224,0.14716983269012658,0.14211258943998723,0.15352955982269687,0.18648667825802965,0.12794885917524358,0.1897163635486219,0.15498910852413542,0.1948653762371581,0.19317303794240205,0.1829142907978913,0.2363999838455983,0.1260183767320797,0.18348041357851814,0.17788938423592833,0.20368625712215053,0.16355118014042023,0.20586204035148993,0.17210656578840298,0.1411165560643385,0.1441277313437965,0.21570032192267553,0.14039522880381814,0.20359016113691717,0.14965990879475014,0.17601626582583847,0.15010689676649445,0.15788179721535967,0.18946641277684746,0.20175291374120869,0.2175180288076685,0.3201330871020899,0.22954610927385478,0.21455038545549283,0.17992954936377979,0.2915846564998022,0.26651983616420157,0.21278272355033507,0.18776786395289303,0.21174658499981656,0.15890485832551216,0.23896623253296912,0.2387309251343689,0.3161132064680096,0.25749774583057569,0.14839525300498336,0.22390263066181793,0.20262981736723816,0.20425850266495067,0.18987656227393247,0.24846771554749867,0.1532283875369933],[0.7136008582778967,0.28126839098833508,0.5395150089944887,0.5917317075072955,0.6820766329766308,0.43392349595106219,0.9925142981740046,0.8004130381488532,0.9177633170932847,0.44801872613728169,0.4723986957877408,0.7887935321717444,0.477987613622191,0.4232938420185444,1.0,0.7874266456581658,0.606891894177506,0.7192207393082237,0.4636261170091078,0.4187306950998929,0.4911144250117855,0.6229098811610463,0.5349054889625621,0.1582427244095631,0.13164839801466172,0.14258947433047293,0.1475510441474614,0.11101093736005446,0.11522800775038708,0.12950748898490034,0.14787283817113337,0.17880508436727295,0.12756034530833339,0.1288473892459056,0.15724512253791959,0.14864038196882385,0.14796922451065945,0.13746763005304434,0.17382469335260548,0.12495482417443685,0.15840153860246973,0.12864029508574138,0.14050123009933319,0.13053850035174043,0.16503437027934224,0.11788215907474216,0.1728940646177688,0.16124410471242563,0.1776191975187215,0.2258076383829903,0.17399826307748654,0.19919423395370235,0.12514565925824668,0.19329182941827689,0.15923587293302519,0.17273343426766345,0.15437595222132084,0.22145653167129393,0.17283150050592764,0.14412415963092604,0.14892873722677345,0.19532025020823338,0.1625661861861314,0.22941815447747058,0.16234908867568913,0.17862997260291633,0.16918457435178195,0.15804242398198876,0.19728891492921386,0.16246931444367236,0.16518375233374947,0.2041114155682171,0.180752183466715,0.16351337456871585,0.1520319527957415,0.2528727993132187,0.21675075015524054,0.16443603805931066,0.1505330981291575,0.189254439161012,0.125738147660432,0.18066242271277717,0.19018899302741627,0.2380724425142435,0.19085472785893235,0.12555618449505805,0.17247077018745317,0.1603251237382276,0.15398621672065058,0.15382905652543797,0.20740356633865246,0.1373851956496745],[0.7247620952481573,0.23643486478466878,0.4732923812230687,0.4225722043774493,0.47481917459234027,0.3476661944795662,0.7630330039040876,0.628562717295502,0.6641344576629401,0.44073765766961356,0.35507626758382368,0.5413873694368987,0.37647239428234749,0.3483389628223142,0.7874266456581658,1.0,0.4312512975984326,0.6345430818259821,0.569108272512082,0.3480842669625854,0.710326822372863,0.5963111041287034,0.6749178861197034,0.16380701210773414,0.13993917236443807,0.14671115535252783,0.15256877006510556,0.1157899501293727,0.11972892925818461,0.137019602986216,0.1545058691253847,0.18487448320998604,0.1343541857596938,0.137558110508991,0.16440533190147303,0.15208254887956425,0.15323240238487099,0.14232405815955663,0.17929806814932004,0.13174898863951693,0.16465757276653876,0.13198218116256259,0.15080071976714999,0.13276837494882649,0.17232265551642376,0.12253841872004159,0.18272532883781893,0.1772871631886091,0.1879853679002647,0.2639895167920187,0.18659758357738777,0.20654862365402364,0.13364622155646634,0.21580630038811317,0.16658508607263296,0.17827381521126815,0.1640808507970693,0.2510437184503687,0.1886515055118056,0.15648588516622798,0.16260083832691045,0.20719907540781719,0.18421818674551658,0.26504941149333557,0.18086281994432849,0.19603440402405696,0.1911068084102246,0.17144501245073277,0.21965747713428036,0.1643165523695106,0.1640006914543869,0.19443431567716955,0.1825727531350681,0.16242706048217185,0.15564764971822446,0.2664945520155042,0.22296526654961119,0.1641679485445191,0.15131770986539196,0.19960718295057143,0.12422281671676538,0.18012416231317047,0.1933194876435728,0.2399153411308458,0.18970486792476325,0.1271916870143524,0.17251684698148038,0.16107365116183115,0.1517297379935677,0.1553885581499001,0.2147672974331317,0.1426750009139805],[0.4600566416070504,0.38470890845304087,0.4666117664392947,0.9986011570375539,0.9646651969629003,0.5567401619375507,0.6213597761831055,0.6038738695450719,0.6911889685510569,0.36223967303188867,0.8415361170532653,0.862408465533759,0.60276927976956,0.4984769805928725,0.606891894177506,0.4312512975984326,1.0,0.510378236656638,0.3142640130639357,0.48007841633111589,0.30853650426032899,0.4456941887868208,0.34305312272601859,0.14485205412753134,0.11780000018686071,0.13237126675164907,0.13582667992343587,0.10230617625882467,0.10658161660663286,0.11660225257343443,0.1343063892417869,0.16251254739052968,0.11554145333658098,0.11482832592594557,0.14219633990258277,0.1387235128566029,0.13592215660348676,0.12680450067860339,0.1588156083586309,0.11313287128779066,0.1442163576112786,0.12049207379647437,0.12399281460990984,0.12369656555945298,0.1490206436211503,0.1088863531775178,0.1533891332809632,0.13778863107373275,0.1570184591256588,0.17862438479970278,0.1517996843997591,0.17871845832088566,0.11162383283765093,0.16083226924118258,0.14378028583609246,0.15777656176128425,0.1370568270897965,0.1797354121337082,0.14810486002614266,0.12547910066379307,0.12871656655420458,0.17091023462016187,0.1351435132363816,0.18279086878381629,0.1369759881821509,0.1519201809633454,0.14066307543937374,0.1370457487634762,0.1642999868472165,0.15325425252169395,0.1600543296962982,0.20822205705956246,0.16940647449775643,0.1584267280727494,0.14157969382657299,0.21666571514862768,0.1947315322050035,0.15800143610990714,0.14401152074546223,0.16713953368148283,0.12490372519976523,0.1726245652500538,0.1758878119123779,0.21720629546221227,0.18228638123120767,0.11988354735361971,0.1646276573409108,0.15286305016069624,0.1518414125521045,0.14589768947227259,0.18566451237653876,0.12622890434717375],[0.4679557023938219,0.30806426078136986,0.8388137103835927,0.5001925152925608,0.5770666354948022,0.5274976489521609,0.7575240701719941,0.9385016439091102,0.6031127307940626,0.6933798782072251,0.39486863981108807,0.6623363598494404,0.5825769949717334,0.5465424316768677,0.7192207393082237,0.6345430818259821,0.510378236656638,1.0,0.5827683943171894,0.5507351478149166,0.4507576794270392,0.9483020109736691,0.6458133820220224,0.18456928942095048,0.1461787442117079,0.1639672543973685,0.1701992916048262,0.12229098123322585,0.12789726746703376,0.14407232916842678,0.16962661812997799,0.2133787585245884,0.14214115350537327,0.14191841967107372,0.18218834438778323,0.1724235868426064,0.17062962586137454,0.15672714491256435,0.2065401335367082,0.13868242188942435,0.1843858084663956,0.1458860926871398,0.15614522828854525,0.14878826648050687,0.1930164397484346,0.1311982501390912,0.20235780704538373,0.1787076578750973,0.2087709464406842,0.24892520302504324,0.20150196584679945,0.2426708560559196,0.13713590811104174,0.21904483625730623,0.1848334285723759,0.20495017962341909,0.1761347051910324,0.2548963906501195,0.19628767269890294,0.1586933650688021,0.16384000054712689,0.23372228814394098,0.1702513329952472,0.2594834480728942,0.1765535387572507,0.20306380108452502,0.18121757308625664,0.17743955282688898,0.22555792934232245,0.19188859389437308,0.19591684774019803,0.24959289049055492,0.21778617870743972,0.19358844709083687,0.176965730081593,0.3231290918569792,0.2700160689357657,0.1948918474740254,0.17568182871443226,0.22587090674993577,0.14279112342466053,0.2179395159460104,0.2311787884661189,0.3052541184323391,0.23281215078934285,0.14249220800128338,0.2061901593284217,0.1891042600622215,0.1802492035753035,0.18004260052967797,0.2550735708234074,0.1563532270370115],[0.38534708141836995,0.22313488817440767,0.5132964793354085,0.3096429730989651,0.341980105142405,0.3265781574378656,0.46926502677216128,0.5013588249918446,0.39250470174061238,0.6127551740884197,0.26411371067679675,0.37958742775118117,0.3461237730434437,0.3444259977324473,0.4636261170091078,0.569108272512082,0.3142640130639357,0.5827683943171894,1.0,0.3507442721923975,0.5931245766084397,0.6554592572888727,0.9431058010141608,0.21151155663926769,0.174323238325934,0.18383463418906866,0.1935230670654702,0.1388180381478557,0.14447559307409239,0.17009958540210164,0.19763058653089927,0.2460431970956808,0.1661883810715928,0.1700378907792048,0.2137396595552543,0.19119697118871549,0.19474749445678009,0.17783762175190755,0.23617953178916377,0.16215550718949998,0.21348365232190825,0.16147036444079194,0.19072586836801043,0.16150972924914723,0.22671529709659955,0.14855995113731164,0.24584798615323123,0.2309817086237101,0.255284907205941,0.37146304273506566,0.25317737129688158,0.2843596798916473,0.16381945401735588,0.3012181954904054,0.21739216251629624,0.23460500301187868,0.2138539231220199,0.3722327869231552,0.25469909927894349,0.19782182277802963,0.2067890490475442,0.2907396665784389,0.22168791551455475,0.3901527059748206,0.23101422913471199,0.2675235988826679,0.24054534230328396,0.22435156975016894,0.3107809768046595,0.20756173347852217,0.20200946718796318,0.23108453555699005,0.23586049845395619,0.1998288059401658,0.19679201906428132,0.40533532479256337,0.310874559252101,0.20387403334515134,0.1864656097776776,0.27581286966283238,0.14441181525827766,0.22777338311277876,0.2553577237573838,0.33084720278137566,0.24157269739196869,0.1529511280100405,0.21710524398628279,0.2009231798537996,0.1819770190486681,0.19366131719245015,0.2986250631547878,0.17863220455319829],[0.30324185297541469,0.5014017802676014,0.7065010799397986,0.4781740301439094,0.5061290390331971,0.9170161086163673,0.4390009785545087,0.5626803274379894,0.39940812108055048,0.5458428303794894,0.3991586323448853,0.5107524799577486,0.8912565324987061,0.9938159491968579,0.4187306950998929,0.3480842669625854,0.48007841633111589,0.5507351478149166,0.3507442721923975,1.0,0.2751477985659314,0.5354935240621856,0.36145696177941896,0.1860645172988772,0.13774941036144737,0.16752802225997,0.17185576837831405,0.11970323240301577,0.12653510461503948,0.13715765867786293,0.166859846831906,0.21576875333639804,0.13667141920041954,0.1323593749012235,0.1790715175646083,0.1790033068442943,0.17163821837360383,0.15743764491010776,0.21025695507444559,0.13293125499702,0.1838980476241987,0.14958699591764466,0.14424186959100408,0.1561183680530575,0.19036910197512983,0.12978725713529369,0.19367725076002074,0.15731893175569393,0.19903123877196927,0.19602981998826927,0.18649578778722188,0.2426029626912822,0.12769730374254668,0.18664323331238698,0.1814207010406559,0.20832559087678619,0.16646971021289704,0.20967006882736625,0.17511304187810945,0.1431193509770582,0.14617342463118306,0.2207588748524169,0.14184063174140383,0.2070229656059072,0.1516597377128001,0.17910869800672347,0.15193585654660797,0.1604440837455619,0.1928910921413452,0.2062087141846126,0.22241805105265023,0.3290106499260718,0.23533247903219507,0.21931903515656898,0.18353633298085196,0.3005557788235727,0.27437057408419415,0.2175702218969463,0.19154354486935297,0.2166715576208025,0.1612806100744476,0.24505726410576068,0.2450462518214234,0.3270506780789783,0.26456177365683838,0.15078334190800064,0.22926918376189735,0.20704654149424929,0.20834100176641794,0.19379918362084118,0.2553023615745448,0.15586425866057466],[0.5270374267322647,0.19513876531263769,0.3651950088544704,0.3038386952786301,0.33176498417221236,0.26961710339683916,0.47877883378264649,0.4262174757724123,0.4304509620670574,0.37575292618715697,0.26665195986957726,0.3663513341266877,0.2865053061594432,0.27381477793799,0.4911144250117855,0.710326822372863,0.30853650426032899,0.4507576794270392,0.5931245766084397,0.2751477985659314,1.0,0.4542295933242193,0.6606677675580348,0.1677150380305334,0.1502013198241249,0.14964163413367696,0.1564578129283305,0.12134688752315286,0.12465413372824696,0.14606855479812207,0.16078352899397159,0.1877420373353444,0.14230802495345216,0.14880904987253397,0.17075428877774435,0.15371623198181465,0.15744828756806659,0.14661540002404956,0.18180414942552176,0.13987250165795413,0.16955521337788063,0.134573934576745,0.16399346635679866,0.13376318884299777,0.17819375196834487,0.12757949129115374,0.1917785934765924,0.19962413463983418,0.19737175128912544,0.3259999637442381,0.20022560773354013,0.20902455237238538,0.14480099203925535,0.24638900498580433,0.17305566023581127,0.18096640474169604,0.17483676191199913,0.29049068769849697,0.2086227629076303,0.17337218577148567,0.18162556164026465,0.21677658790105479,0.2203573334996289,0.31751440628813146,0.20876871500733377,0.2183155825818073,0.22627318320296622,0.18868482726179049,0.24891970272363785,0.16303385272227084,0.15909259953145564,0.17893949436260524,0.1798981440922237,0.15772813432875833,0.1572993642643334,0.26912572280517579,0.2218446741934331,0.1603037227425479,0.1494965468044863,0.20758412693088225,0.12091756586461185,0.17481976228909816,0.19136773513220435,0.23111529245374899,0.182936659563575,0.1276302487290558,0.1684557457084139,0.15862630031600206,0.14635323001427523,0.1543063375769438,0.2162741471943146,0.14761633176233303],[0.426041207062286,0.29530155580459657,0.8606014351210024,0.4378218695497707,0.4980239713413519,0.495358119063796,0.6521217095092362,0.8192255297126415,0.5212216266902094,0.8023711092842486,0.3530175633816071,0.564231838634324,0.5392972182775058,0.5261093148101379,0.6229098811610463,0.5963111041287034,0.4456941887868208,0.9483020109736691,0.6554592572888727,0.5354935240621856,0.4542295933242193,1.0,0.7045955905152147,0.19606648516804868,0.15356821598052093,0.17290509346743838,0.17996808150123884,0.12745946806734768,0.13352176648364517,0.1512762493041371,0.17955660214882486,0.2286395485490815,0.14916109545979673,0.14880785398838529,0.19364047414034736,0.1820863130266497,0.1804877109560825,0.16506027163846186,0.22074971331440525,0.1453575878839045,0.19598034899319698,0.15291574190968466,0.16449639022534363,0.15581213993587579,0.205825731640073,0.1371179473431176,0.2166541607058748,0.1891423689649959,0.22400272947321576,0.26599829396785026,0.21571243580899386,0.26250201504690809,0.14353076587742295,0.23472201436316063,0.1966287031356593,0.21896847316264174,0.1869719466443947,0.2758320075264134,0.20942834117558543,0.16705496946504803,0.17263470558150174,0.2528320868285978,0.17739892429425764,0.2797156699637172,0.1860076763036296,0.21702335572407908,0.19031971235215726,0.18816506997800284,0.2424445469195432,0.20320050890844419,0.20635335429297409,0.26097435826614859,0.23227741856629087,0.20381044133055035,0.18716322342874218,0.3590553271781468,0.2939685416364054,0.20565968258128246,0.184813458345272,0.24362673507262704,0.14788343525020965,0.23136785255122595,0.24800996811195165,0.3335385867515602,0.247884966489801,0.1487966164469968,0.21843728521739728,0.19966813482358204,0.1884192615884417,0.18992958986819759,0.2768813944008735,0.1647085835769489],[0.43951500335010038,0.22957687581581139,0.5345717047633183,0.3374875947766915,0.3757084470606888,0.3410324019958217,0.5398048997369179,0.560337799526616,0.44548614271542849,0.5950501253928053,0.2852392496677546,0.421514608550827,0.3643224089079629,0.3562931300306631,0.5349054889625621,0.6749178861197034,0.34305312272601859,0.6458133820220224,0.9431058010141608,0.36145696177941896,0.6606677675580348,0.7045955905152147,1.0,0.1978742877365649,0.16442038213685673,0.1734474217764049,0.1819210639973155,0.13240228096052546,0.13758478274114836,0.16061423883388532,0.1852082018385815,0.22838868840341856,0.1571