{"name":"DynamicObjectArray","generic":13,"parameters":{"array":[{"name":"MatrixSerializable","generic":11,"parameters":{"name":"km_train","value":[[-60.0,-80.0,51.0,87.0,93.0,36.0,85.0,51.0,-47.0,73.0,83.0,103.0,-7.0,-48.0,59.0,-33.0,46.0,71.0,-107.0,-72.0,-80.0,-96.0,-64.0,63.0,-110.0,-44.0,-65.0,-128.0,-70.0,-88.0,-97.0,60.0,-55.0,53.0,19.0,48.0,56.0,-99.0,119.0,8.0,99.0,0.0,-60.0,-80.0,51.0,87.0,93.0,36.0,85.0,51.0,-47.0,73.0,83.0,103.0,-7.0,-48.0,59.0,-33.0,46.0,71.0,-107.0,-72.0,-80.0,-96.0,-64.0,63.0,-110.0,-44.0,-65.0,-128.0,-70.0,-88.0,-97.0,60.0,-55.0,53.0,19.0,48.0,56.0,-99.0,119.0,8.0,99.0,0.0,-65.0,-128.0,-70.0,-88.0,-97.0,60.0,-55.0,53.0],[-80.0,-79.0,86.0,91.0,38.0,-127.0,-115.0,49.0,92.0,0.0,34.0,-44.0,42.0,17.0,-23.0,30.0,-29.0,-69.0,108.0,35.0,45.0,32.0,-33.0,94.0,-58.0,51.0,-86.0,-18.0,-20.0,10.0,-60.0,53.0,-50.0,41.0,82.0,10.0,-63.0,55.0,38.0,86.0,-50.0,-62.0,-80.0,-79.0,86.0,91.0,38.0,-127.0,-115.0,49.0,92.0,0.0,34.0,-44.0,42.0,17.0,-23.0,30.0,-29.0,-69.0,108.0,35.0,45.0,32.0,-33.0,94.0,-58.0,51.0,-86.0,-18.0,-20.0,10.0,-60.0,53.0,-50.0,41.0,82.0,10.0,-63.0,55.0,38.0,86.0,-50.0,-62.0,-86.0,-18.0,-20.0,10.0,-60.0,53.0,-50.0,41.0],[51.0,86.0,-48.0,-109.0,-43.0,123.0,117.0,-26.0,-79.0,-48.0,-74.0,-13.0,42.0,-112.0,62.0,73.0,113.0,58.0,86.0,7.0,-81.0,54.0,19.0,-55.0,-56.0,-26.0,-74.0,-62.0,7.0,-43.0,117.0,16.0,-44.0,125.0,-115.0,-6.0,-26.0,-6.0,-87.0,22.0,-46.0,-2.0,51.0,86.0,-48.0,-109.0,-43.0,123.0,117.0,-26.0,-79.0,-48.0,-74.0,-13.0,42.0,-112.0,62.0,73.0,113.0,58.0,86.0,7.0,-81.0,54.0,19.0,-55.0,-56.0,-26.0,-74.0,-62.0,7.0,-43.0,117.0,16.0,-44.0,125.0,-115.0,-6.0,-26.0,-6.0,-87.0,22.0,-46.0,-2.0,-74.0,-62.0,7.0,-43.0,117.0,16.0,-44.0,125.0],[87.0,91.0,-109.0,14.0,-23.0,34.0,73.0,-88.0,-96.0,-26.0,-21.0,-119.0,-15.0,-67.0,39.0,59.0,125.0,-58.0,60.0,-32.0,126.0,-75.0,99.0,110.0,-68.0,-35.0,-56.0,28.0,-126.0,19.0,-107.0,95.0,-87.0,112.0,119.0,-115.0,38.0,96.0,-2.0,-116.0,97.0,-114.0,87.0,91.0,-109.0,14.0,-23.0,34.0,73.0,-88.0,-96.0,-26.0,-21.0,-119.0,-15.0,-67.0,39.0,59.0,125.0,-58.0,60.0,-32.0,126.0,-75.0,99.0,110.0,-68.0,-35.0,-56.0,28.0,-126.0,19.0,-107.0,95.0,-87.0,112.0,119.0,-115.0,38.0,96.0,-2.0,-116.0,97.0,-114.0,-56.0,28.0,-126.0,19.0,-107.0,95.0,-87.0,112.0],[93.0,38.0,-43.0,-23.0,51.0,-111.0,62.0,70.0,89.0,-62.0,58.0,-1.0,-31.0,-3.0,72.0,-118.0,-44.0,-126.0,103.0,56.0,-93.0,-101.0,55.0,-38.0,-89.0,-25.0,-97.0,68.0,31.0,68.0,-108.0,65.0,-74.0,117.0,16.0,62.0,86.0,48.0,-38.0,10.0,108.0,56.0,93.0,38.0,-43.0,-23.0,51.0,-111.0,62.0,70.0,89.0,-62.0,58.0,-1.0,-31.0,-3.0,72.0,-118.0,-44.0,-126.0,103.0,56.0,-93.0,-101.0,55.0,-38.0,-89.0,-25.0,-97.0,68.0,31.0,68.0,-108.0,65.0,-74.0,117.0,16.0,62.0,86.0,48.0,-38.0,10.0,108.0,56.0,-97.0,68.0,31.0,68.0,-108.0,65.0,-74.0,117.0],[36.0,-127.0,123.0,34.0,-111.0,-80.0,111.0,-113.0,95.0,47.0,-27.0,115.0,59.0,-81.0,-96.0,35.0,-106.0,89.0,11.0,103.0,-119.0,114.0,44.0,5.0,10.0,1.0,-57.0,3.0,-107.0,-27.0,118.0,121.0,118.0,-41.0,-127.0,-11.0,-94.0,-45.0,51.0,23.0,-108.0,-38.0,36.0,-127.0,123.0,34.0,-111.0,-80.0,111.0,-113.0,95.0,47.0,-27.0,115.0,59.0,-81.0,-96.0,35.0,-106.0,89.0,11.0,103.0,-119.0,114.0,44.0,5.0,10.0,1.0,-57.0,3.0,-107.0,-27.0,118.0,121.0,118.0,-41.0,-127.0,-11.0,-94.0,-45.0,51.0,23.0,-108.0,-38.0,-57.0,3.0,-107.0,-27.0,118.0,121.0,118.0,-41.0],[85.0,-115.0,117.0,73.0,62.0,111.0,10.0,-30.0,77.0,-105.0,-123.0,-73.0,34.0,122.0,17.0,2.0,10.0,117.0,-120.0,-46.0,-47.0,-26.0,-125.0,-126.0,-90.0,-37.0,-27.0,-11.0,-117.0,-124.0,-73.0,1.0,-31.0,11.0,-54.0,-20.0,35.0,11.0,-58.0,-86.0,-42.0,-91.0,85.0,-115.0,117.0,73.0,62.0,111.0,10.0,-30.0,77.0,-105.0,-123.0,-73.0,34.0,122.0,17.0,2.0,10.0,117.0,-120.0,-46.0,-47.0,-26.0,-125.0,-126.0,-90.0,-37.0,-27.0,-11.0,-117.0,-124.0,-73.0,1.0,-31.0,11.0,-54.0,-20.0,35.0,11.0,-58.0,-86.0,-42.0,-91.0,-27.0,-11.0,-117.0,-124.0,-73.0,1.0,-31.0,11.0],[51.0,49.0,-26.0,-88.0,70.0,-113.0,-30.0,90.0,33.0,-119.0,-93.0,102.0,120.0,-111.0,-110.0,23.0,77.0,-84.0,-121.0,12.0,85.0,-72.0,-58.0,27.0,27.0,-105.0,-51.0,32.0,3.0,-55.0,31.0,-126.0,-12.0,-24.0,-99.0,24.0,48.0,-33.0,-76.0,54.0,122.0,110.0,51.0,49.0,-26.0,-88.0,70.0,-113.0,-30.0,90.0,33.0,-119.0,-93.0,102.0,120.0,-111.0,-110.0,23.0,77.0,-84.0,-121.0,12.0,85.0,-72.0,-58.0,27.0,27.0,-105.0,-51.0,32.0,3.0,-55.0,31.0,-126.0,-12.0,-24.0,-99.0,24.0,48.0,-33.0,-76.0,54.0,122.0,110.0,-51.0,32.0,3.0,-55.0,31.0,-126.0,-12.0,-24.0],[-47.0,92.0,-79.0,-96.0,89.0,95.0,77.0,33.0,49.0,-39.0,18.0,-100.0,-51.0,-89.0,91.0,-122.0,30.0,-100.0,-32.0,-39.0,25.0,-9.0,9.0,-22.0,44.0,41.0,-67.0,-40.0,-100.0,-59.0,-92.0,13.0,4.0,111.0,-88.0,-81.0,-91.0,-17.0,-37.0,-23.0,41.0,22.0,-47.0,92.0,-79.0,-96.0,89.0,95.0,77.0,33.0,49.0,-39.0,18.0,-100.0,-51.0,-89.0,91.0,-122.0,30.0,-100.0,-32.0,-39.0,25.0,-9.0,9.0,-22.0,44.0,41.0,-67.0,-40.0,-100.0,-59.0,-92.0,13.0,4.0,111.0,-88.0,-81.0,-91.0,-17.0,-37.0,-23.0,41.0,22.0,-67.0,-40.0,-100.0,-59.0,-92.0,13.0,4.0,111.0],[73.0,0.0,-48.0,-26.0,-62.0,47.0,-105.0,-119.0,-39.0,33.0,74.0,-47.0,-58.0,87.0,126.0,-55.0,-81.0,-41.0,94.0,-45.0,84.0,5.0,-9.0,18.0,-123.0,123.0,69.0,-93.0,31.0,-52.0,-15.0,122.0,-114.0,38.0,82.0,-70.0,12.0,-52.0,-84.0,-119.0,2.0,-26.0,73.0,0.0,-48.0,-26.0,-62.0,47.0,-105.0,-119.0,-39.0,33.0,74.0,-47.0,-58.0,87.0,126.0,-55.0,-81.0,-41.0,94.0,-45.0,84.0,5.0,-9.0,18.0,-123.0,123.0,69.0,-93.0,31.0,-52.0,-15.0,122.0,-114.0,38.0,82.0,-70.0,12.0,-52.0,-84.0,-119.0,2.0,-26.0,69.0,-93.0,31.0,-52.0,-15.0,122.0,-114.0,38.0],[83.0,34.0,-74.0,-21.0,58.0,-27.0,-123.0,-93.0,18.0,74.0,24.0,-48.0,-77.0,-1.0,-47.0,42.0,14.0,-83.0,-51.0,-63.0,-72.0,-9.0,84.0,-55.0,-22.0,126.0,-60.0,-75.0,110.0,-45.0,-109.0,75.0,-83.0,-119.0,92.0,115.0,-7.0,76.0,-101.0,112.0,87.0,121.0,83.0,34.0,-74.0,-21.0,58.0,-27.0,-123.0,-93.0,18.0,74.0,24.0,-48.0,-77.0,-1.0,-47.0,42.0,14.0,-83.0,-51.0,-63.0,-72.0,-9.0,84.0,-55.0,-22.0,126.0,-60.0,-75.0,110.0,-45.0,-109.0,75.0,-83.0,-119.0,92.0,115.0,-7.0,76.0,-101.0,112.0,87.0,121.0,-60.0,-75.0,110.0,-45.0,-109.0,75.0,-83.0,-119.0],[103.0,-44.0,-13.0,-119.0,-1.0,115.0,-73.0,102.0,-100.0,-47.0,-48.0,57.0,-77.0,97.0,102.0,-49.0,94.0,113.0,-44.0,13.0,-32.0,115.0,-66.0,58.0,24.0,38.0,-6.0,-116.0,-27.0,85.0,-4.0,25.0,-83.0,-83.0,-73.0,-55.0,78.0,54.0,-38.0,64.0,-59.0,98.0,103.0,-44.0,-13.0,-119.0,-1.0,115.0,-73.0,102.0,-100.0,-47.0,-48.0,57.0,-77.0,97.0,102.0,-49.0,94.0,113.0,-44.0,13.0,-32.0,115.0,-66.0,58.0,24.0,38.0,-6.0,-116.0,-27.0,85.0,-4.0,25.0,-83.0,-83.0,-73.0,-55.0,78.0,54.0,-38.0,64.0,-59.0,98.0,-6.0,-116.0,-27.0,85.0,-4.0,25.0,-83.0,-83.0],[-7.0,42.0,42.0,-15.0,-31.0,59.0,34.0,120.0,-51.0,-58.0,-77.0,-77.0,-118.0,-105.0,8.0,-2.0,58.0,50.0,-65.0,-8.0,-54.0,-87.0,23.0,39.0,89.0,-101.0,-68.0,96.0,-52.0,-119.0,75.0,14.0,58.0,59.0,80.0,85.0,-80.0,-82.0,17.0,-103.0,65.0,-120.0,-7.0,42.0,42.0,-15.0,-31.0,59.0,34.0,120.0,-51.0,-58.0,-77.0,-77.0,-118.0,-105.0,8.0,-2.0,58.0,50.0,-65.0,-8.0,-54.0,-87.0,23.0,39.0,89.0,-101.0,-68.0,96.0,-52.0,-119.0,75.0,14.0,58.0,59.0,80.0,85.0,-80.0,-82.0,17.0,-103.0,65.0,-120.0,-68.0,96.0,-52.0,-119.0,75.0,14.0,58.0,59.0],[-48.0,17.0,-112.0,-67.0,-3.0,-81.0,122.0,-111.0,-89.0,87.0,-1.0,97.0,-105.0,27.0,38.0,-93.0,114.0,-110.0,91.0,92.0,-10.0,-124.0,-123.0,109.0,120.0,-98.0,-12.0,86.0,92.0,97.0,-55.0,73.0,-5.0,-10.0,-32.0,-72.0,13.0,-32.0,-127.0,-118.0,-8.0,85.0,-48.0,17.0,-112.0,-67.0,-3.0,-81.0,122.0,-111.0,-89.0,87.0,-1.0,97.0,-105.0,27.0,38.0,-93.0,114.0,-110.0,91.0,92.0,-10.0,-124.0,-123.0,109.0,120.0,-98.0,-12.0,86.0,92.0,97.0,-55.0,73.0,-5.0,-10.0,-32.0,-72.0,13.0,-32.0,-127.0,-118.0,-8.0,85.0,-12.0,86.0,92.0,97.0,-55.0,73.0,-5.0,-10.0],[59.0,-23.0,62.0,39.0,72.0,-96.0,17.0,-110.0,91.0,126.0,-47.0,102.0,8.0,38.0,-8.0,58.0,-125.0,45.0,-55.0,-102.0,-86.0,58.0,-122.0,121.0,-98.0,-24.0,57.0,106.0,96.0,56.0,-28.0,116.0,89.0,-63.0,16.0,-123.0,57.0,-76.0,21.0,87.0,-58.0,90.0,59.0,-23.0,62.0,39.0,72.0,-96.0,17.0,-110.0,91.0,126.0,-47.0,102.0,8.0,38.0,-8.0,58.0,-125.0,45.0,-55.0,-102.0,-86.0,58.0,-122.0,121.0,-98.0,-24.0,57.0,106.0,96.0,56.0,-28.0,116.0,89.0,-63.0,16.0,-123.0,57.0,-76.0,21.0,87.0,-58.0,90.0,57.0,106.0,96.0,56.0,-28.0,116.0,89.0,-63.0],[-33.0,30.0,73.0,59.0,-118.0,35.0,2.0,23.0,-122.0,-55.0,42.0,-49.0,-2.0,-93.0,58.0,113.0,-21.0,34.0,-87.0,-29.0,-55.0,-51.0,-80.0,50.0,12.0,-30.0,-96.0,23.0,-91.0,-126.0,-113.0,-56.0,-60.0,63.0,-124.0,75.0,-126.0,-75.0,74.0,-55.0,98.0,9.0,-33.0,30.0,73.0,59.0,-118.0,35.0,2.0,23.0,-122.0,-55.0,42.0,-49.0,-2.0,-93.0,58.0,113.0,-21.0,34.0,-87.0,-29.0,-55.0,-51.0,-80.0,50.0,12.0,-30.0,-96.0,23.0,-91.0,-126.0,-113.0,-56.0,-60.0,63.0,-124.0,75.0,-126.0,-75.0,74.0,-55.0,98.0,9.0,-96.0,23.0,-91.0,-126.0,-113.0,-56.0,-60.0,63.0],[46.0,-29.0,113.0,125.0,-44.0,-106.0,10.0,77.0,30.0,-81.0,14.0,94.0,58.0,114.0,-125.0,-21.0,16.0,-125.0,-126.0,91.0,14.0,78.0,87.0,6.0,-118.0,-90.0,11.0,-42.0,-13.0,-47.0,-5.0,-49.0,-11.0,-36.0,-24.0,119.0,105.0,-25.0,-39.0,-31.0,-35.0,-125.0,46.0,-29.0,113.0,125.0,-44.0,-106.0,10.0,77.0,30.0,-81.0,14.0,94.0,58.0,114.0,-125.0,-21.0,16.0,-125.0,-126.0,91.0,14.0,78.0,87.0,6.0,-118.0,-90.0,11.0,-42.0,-13.0,-47.0,-5.0,-49.0,-11.0,-36.0,-24.0,119.0,105.0,-25.0,-39.0,-31.0,-35.0,-125.0,11.0,-42.0,-13.0,-47.0,-5.0,-49.0,-11.0,-36.0],[71.0,-69.0,58.0,-58.0,-126.0,89.0,117.0,-84.0,-100.0,-41.0,-83.0,113.0,50.0,-110.0,45.0,34.0,-125.0,-92.0,-45.0,-103.0,-32.0,-72.0,100.0,106.0,-98.0,72.0,-11.0,-73.0,-95.0,-79.0,-69.0,48.0,-73.0,20.0,59.0,88.0,81.0,41.0,-6.0,78.0,-6.0,81.0,71.0,-69.0,58.0,-58.0,-126.0,89.0,117.0,-84.0,-100.0,-41.0,-83.0,113.0,50.0,-110.0,45.0,34.0,-125.0,-92.0,-45.0,-103.0,-32.0,-72.0,100.0,106.0,-98.0,72.0,-11.0,-73.0,-95.0,-79.0,-69.0,48.0,-73.0,20.0,59.0,88.0,81.0,41.0,-6.0,78.0,-6.0,81.0,-11.0,-73.0,-95.0,-79.0,-69.0,48.0,-73.0,20.0],[-107.0,108.0,86.0,60.0,103.0,11.0,-120.0,-121.0,-32.0,94.0,-51.0,-44.0,-65.0,91.0,-55.0,-87.0,-126.0,-45.0,103.0,-34.0,12.0,-14.0,-114.0,-57.0,33.0,-24.0,-7.0,-16.0,56.0,27.0,74.0,74.0,50.0,-109.0,104.0,-103.0,-37.0,78.0,106.0,-76.0,101.0,-107.0,-107.0,108.0,86.0,60.0,103.0,11.0,-120.0,-121.0,-32.0,94.0,-51.0,-44.0,-65.0,91.0,-55.0,-87.0,-126.0,-45.0,103.0,-34.0,12.0,-14.0,-114.0,-57.0,33.0,-24.0,-7.0,-16.0,56.0,27.0,74.0,74.0,50.0,-109.0,104.0,-103.0,-37.0,78.0,106.0,-76.0,101.0,-107.0,-7.0,-16.0,56.0,27.0,74.0,74.0,50.0,-109.0],[-72.0,35.0,7.0,-32.0,56.0,103.0,-46.0,12.0,-39.0,-45.0,-63.0,13.0,-8.0,92.0,-102.0,-29.0,91.0,-103.0,-34.0,10.0,-80.0,0.0,-127.0,12.0,31.0,-99.0,23.0,82.0,12.0,76.0,-45.0,-41.0,-4.0,66.0,-86.0,-118.0,-117.0,-87.0,50.0,-92.0,111.0,120.0,-72.0,35.0,7.0,-32.0,56.0,103.0,-46.0,12.0,-39.0,-45.0,-63.0,13.0,-8.0,92.0,-102.0,-29.0,91.0,-103.0,-34.0,10.0,-80.0,0.0,-127.0,12.0,31.0,-99.0,23.0,82.0,12.0,76.0,-45.0,-41.0,-4.0,66.0,-86.0,-118.0,-117.0,-87.0,50.0,-92.0,111.0,120.0,23.0,82.0,12.0,76.0,-45.0,-41.0,-4.0,66.0],[-80.0,45.0,-81.0,126.0,-93.0,-119.0,-47.0,85.0,25.0,84.0,-72.0,-32.0,-54.0,-10.0,-86.0,-55.0,14.0,-32.0,12.0,-80.0,-69.0,-97.0,-65.0,76.0,-104.0,-68.0,67.0,83.0,-15.0,-23.0,43.0,-119.0,107.0,99.0,65.0,-61.0,-32.0,39.0,17.0,99.0,77.0,44.0,-80.0,45.0,-81.0,126.0,-93.0,-119.0,-47.0,85.0,25.0,84.0,-72.0,-32.0,-54.0,-10.0,-86.0,-55.0,14.0,-32.0,12.0,-80.0,-69.0,-97.0,-65.0,76.0,-104.0,-68.0,67.0,83.0,-15.0,-23.0,43.0,-119.0,107.0,99.0,65.0,-61.0,-32.0,39.0,17.0,99.0,77.0,44.0,67.0,83.0,-15.0,-23.0,43.0,-119.0,107.0,99.0],[-96.0,32.0,54.0,-75.0,-101.0,114.0,-26.0,-72.0,-9.0,5.0,-9.0,115.0,-87.0,-124.0,58.0,-51.0,78.0,-72.0,-14.0,0.0,-97.0,43.0,-18.0,127.0,-10.0,60.0,115.0,125.0,-98.0,-45.0,-47.0,-103.0,-42.0,76.0,47.0,-46.0,-49.0,21.0,-17.0,113.0,109.0,22.0,-96.0,32.0,54.0,-75.0,-101.0,114.0,-26.0,-72.0,-9.0,5.0,-9.0,115.0,-87.0,-124.0,58.0,-51.0,78.0,-72.0,-14.0,0.0,-97.0,43.0,-18.0,127.0,-10.0,60.0,115.0,125.0,-98.0,-45.0,-47.0,-103.0,-42.0,76.0,47.0,-46.0,-49.0,21.0,-17.0,113.0,109.0,22.0,115.0,125.0,-98.0,-45.0,-47.0,-103.0,-42.0,76.0],[-64.0,-33.0,19.0,99.0,55.0,44.0,-125.0,-58.0,9.0,-9.0,84.0,-66.0,23.0,-123.0,-122.0,-80.0,87.0,100.0,-114.0,-127.0,-65.0,-18.0,-67.0,-82.0,-84.0,119.0,70.0,74.0,-49.0,17.0,-68.0,-82.0,29.0,-76.0,-23.0,100.0,9.0,-22.0,-11.0,-102.0,-15.0,-81.0,-64.0,-33.0,19.0,99.0,55.0,44.0,-125.0,-58.0,9.0,-9.0,84.0,-66.0,23.0,-123.0,-122.0,-80.0,87.0,100.0,-114.0,-127.0,-65.0,-18.0,-67.0,-82.0,-84.0,119.0,70.0,74.0,-49.0,17.0,-68.0,-82.0,29.0,-76.0,-23.0,100.0,9.0,-22.0,-11.0,-102.0,-15.0,-81.0,70.0,74.0,-49.0,17.0,-68.0,-82.0,29.0,-76.0],[63.0,94.0,-55.0,110.0,-38.0,5.0,-126.0,27.0,-22.0,18.0,-55.0,58.0,39.0,109.0,121.0,50.0,6.0,106.0,-57.0,12.0,76.0,127.0,-82.0,73.0,26.0,-2.0,91.0,43.0,51.0,6.0,-105.0,46.0,110.0,-68.0,123.0,-3.0,-8.0,66.0,-114.0,125.0,10.0,126.0,63.0,94.0,-55.0,110.0,-38.0,5.0,-126.0,27.0,-22.0,18.0,-55.0,58.0,39.0,109.0,121.0,50.0,6.0,106.0,-57.0,12.0,76.0,127.0,-82.0,73.0,26.0,-2.0,91.0,43.0,51.0,6.0,-105.0,46.0,110.0,-68.0,123.0,-3.0,-8.0,66.0,-114.0,125.0,10.0,126.0,91.0,43.0,51.0,6.0,-105.0,46.0,110.0,-68.0],[-110.0,-58.0,-56.0,-68.0,-89.0,10.0,-90.0,27.0,44.0,-123.0,-22.0,24.0,89.0,120.0,-98.0,12.0,-118.0,-98.0,33.0,31.0,-104.0,-10.0,-84.0,26.0,-85.0,59.0,110.0,-92.0,103.0,85.0,-28.0,-78.0,-86.0,-122.0,-102.0,88.0,65.0,117.0,99.0,47.0,110.0,-126.0,-110.0,-58.0,-56.0,-68.0,-89.0,10.0,-90.0,27.0,44.0,-123.0,-22.0,24.0,89.0,120.0,-98.0,12.0,-118.0,-98.0,33.0,31.0,-104.0,-10.0,-84.0,26.0,-85.0,59.0,110.0,-92.0,103.0,85.0,-28.0,-78.0,-86.0,-122.0,-102.0,88.0,65.0,117.0,99.0,47.0,110.0,-126.0,110.0,-92.0,103.0,85.0,-28.0,-78.0,-86.0,-122.0],[-44.0,51.0,-26.0,-35.0,-25.0,1.0,-37.0,-105.0,41.0,123.0,126.0,38.0,-101.0,-98.0,-24.0,-30.0,-90.0,72.0,-24.0,-99.0,-68.0,60.0,119.0,-2.0,59.0,-5.0,33.0,107.0,-1.0,-25.0,-8.0,111.0,43.0,-8.0,-25.0,-20.0,-29.0,16.0,-63.0,-52.0,119.0,-97.0,-44.0,51.0,-26.0,-35.0,-25.0,1.0,-37.0,-105.0,41.0,123.0,126.0,38.0,-101.0,-98.0,-24.0,-30.0,-90.0,72.0,-24.0,-99.0,-68.0,60.0,119.0,-2.0,59.0,-5.0,33.0,107.0,-1.0,-25.0,-8.0,111.0,43.0,-8.0,-25.0,-20.0,-29.0,16.0,-63.0,-52.0,119.0,-97.0,33.0,107.0,-1.0,-25.0,-8.0,111.0,43.0,-8.0],[-65.0,-86.0,-74.0,-56.0,-97.0,-57.0,-27.0,-51.0,-67.0,69.0,-60.0,-6.0,-68.0,-12.0,57.0,-96.0,11.0,-11.0,-7.0,23.0,67.0,115.0,70.0,91.0,110.0,33.0,22.0,-128.0,-57.0,77.0,94.0,-128.0,-125.0,-49.0,92.0,99.0,107.0,41.0,30.0,-80.0,4.0,89.0,-65.0,-86.0,-74.0,-56.0,-97.0,-57.0,-27.0,-51.0,-67.0,69.0,-60.0,-6.0,-68.0,-12.0,57.0,-96.0,11.0,-11.0,-7.0,23.0,67.0,115.0,70.0,91.0,110.0,33.0,22.0,-128.0,-57.0,77.0,94.0,-128.0,-125.0,-49.0,92.0,99.0,107.0,41.0,30.0,-80.0,4.0,89.0,22.0,-128.0,-57.0,77.0,94.0,-128.0,-125.0,-49.0],[-128.0,-18.0,-62.0,28.0,68.0,3.0,-11.0,32.0,-40.0,-93.0,-75.0,-116.0,96.0,86.0,106.0,23.0,-42.0,-73.0,-16.0,82.0,83.0,125.0,74.0,43.0,-92.0,107.0,-128.0,41.0,-57.0,-21.0,-97.0,18.0,56.0,81.0,-32.0,-6.0,-110.0,-4.0,-60.0,-17.0,25.0,-113.0,-128.0,-18.0,-62.0,28.0,68.0,3.0,-11.0,32.0,-40.0,-93.0,-75.0,-116.0,96.0,86.0,106.0,23.0,-42.0,-73.0,-16.0,82.0,83.0,125.0,74.0,43.0,-92.0,107.0,-128.0,41.0,-57.0,-21.0,-97.0,18.0,56.0,81.0,-32.0,-6.0,-110.0,-4.0,-60.0,-17.0,25.0,-113.0,-128.0,41.0,-57.0,-21.0,-97.0,18.0,56.0,81.0],[-70.0,-20.0,7.0,-126.0,31.0,-107.0,-117.0,3.0,-100.0,31.0,110.0,-27.0,-52.0,92.0,96.0,-91.0,-13.0,-95.0,56.0,12.0,-15.0,-98.0,-49.0,51.0,103.0,-1.0,-57.0,-57.0,61.0,58.0,112.0,-67.0,67.0,121.0,-122.0,-92.0,35.0,78.0,-29.0,103.0,-95.0,-17.0,-70.0,-20.0,7.0,-126.0,31.0,-107.0,-117.0,3.0,-100.0,31.0,110.0,-27.0,-52.0,92.0,96.0,-91.0,-13.0,-95.0,56.0,12.0,-15.0,-98.0,-49.0,51.0,103.0,-1.0,-57.0,-57.0,61.0,58.0,112.0,-67.0,67.0,121.0,-122.0,-92.0,35.0,78.0,-29.0,103.0,-95.0,-17.0,-57.0,-57.0,61.0,58.0,112.0,-67.0,67.0,121.0],[-88.0,10.0,-43.0,19.0,68.0,-27.0,-124.0,-55.0,-59.0,-52.0,-45.0,85.0,-119.0,97.0,56.0,-126.0,-47.0,-79.0,27.0,76.0,-23.0,-45.0,17.0,6.0,85.0,-25.0,77.0,-21.0,58.0,28.0,13.0,-31.0,76.0,-67.0,76.0,-4.0,54.0,-92.0,-82.0,-89.0,-18.0,84.0,-88.0,10.0,-43.0,19.0,68.0,-27.0,-124.0,-55.0,-59.0,-52.0,-45.0,85.0,-119.0,97.0,56.0,-126.0,-47.0,-79.0,27.0,76.0,-23.0,-45.0,17.0,6.0,85.0,-25.0,77.0,-21.0,58.0,28.0,13.0,-31.0,76.0,-67.0,76.0,-4.0,54.0,-92.0,-82.0,-89.0,-18.0,84.0,77.0,-21.0,58.0,28.0,13.0,-31.0,76.0,-67.0],[-97.0,-60.0,117.0,-107.0,-108.0,118.0,-73.0,31.0,-92.0,-15.0,-109.0,-4.0,75.0,-55.0,-28.0,-113.0,-5.0,-69.0,74.0,-45.0,43.0,-47.0,-68.0,-105.0,-28.0,-8.0,94.0,-97.0,112.0,13.0,52.0,-128.0,79.0,115.0,26.0,-120.0,-62.0,-89.0,-47.0,-4.0,-108.0,-42.0,-97.0,-60.0,117.0,-107.0,-108.0,118.0,-73.0,31.0,-92.0,-15.0,-109.0,-4.0,75.0,-55.0,-28.0,-113.0,-5.0,-69.0,74.0,-45.0,43.0,-47.0,-68.0,-105.0,-28.0,-8.0,94.0,-97.0,112.0,13.0,52.0,-128.0,79.0,115.0,26.0,-120.0,-62.0,-89.0,-47.0,-4.0,-108.0,-42.0,94.0,-97.0,112.0,13.0,52.0,-128.0,79.0,115.0],[60.0,53.0,16.0,95.0,65.0,121.0,1.0,-126.0,13.0,122.0,75.0,25.0,14.0,73.0,116.0,-56.0,-49.0,48.0,74.0,-41.0,-119.0,-103.0,-82.0,46.0,-78.0,111.0,-128.0,18.0,-67.0,-31.0,-128.0,-38.0,90.0,31.0,-60.0,63.0,-71.0,35.0,15.0,53.0,-6.0,31.0,60.0,53.0,16.0,95.0,65.0,121.0,1.0,-126.0,13.0,122.0,75.0,25.0,14.0,73.0,116.0,-56.0,-49.0,48.0,74.0,-41.0,-119.0,-103.0,-82.0,46.0,-78.0,111.0,-128.0,18.0,-67.0,-31.0,-128.0,-38.0,90.0,31.0,-60.0,63.0,-71.0,35.0,15.0,53.0,-6.0,31.0,-128.0,18.0,-67.0,-31.0,-128.0,-38.0,90.0,31.0],[-55.0,-50.0,-44.0,-87.0,-74.0,118.0,-31.0,-12.0,4.0,-114.0,-83.0,-83.0,58.0,-5.0,89.0,-60.0,-11.0,-73.0,50.0,-4.0,107.0,-42.0,29.0,110.0,-86.0,43.0,-125.0,56.0,67.0,76.0,79.0,90.0,42.0,0.0,43.0,48.0,-107.0,42.0,66.0,-17.0,-116.0,-49.0,-55.0,-50.0,-44.0,-87.0,-74.0,118.0,-31.0,-12.0,4.0,-114.0,-83.0,-83.0,58.0,-5.0,89.0,-60.0,-11.0,-73.0,50.0,-4.0,107.0,-42.0,29.0,110.0,-86.0,43.0,-125.0,56.0,67.0,76.0,79.0,90.0,42.0,0.0,43.0,48.0,-107.0,42.0,66.0,-17.0,-116.0,-49.0,-125.0,56.0,67.0,76.0,79.0,90.0,42.0,0.0],[53.0,41.0,125.0,112.0,117.0,-41.0,11.0,-24.0,111.0,38.0,-119.0,-83.0,59.0,-10.0,-63.0,63.0,-36.0,20.0,-109.0,66.0,99.0,76.0,-76.0,-68.0,-122.0,-8.0,-49.0,81.0,121.0,-67.0,115.0,31.0,0.0,-86.0,10.0,-50.0,120.0,-51.0,48.0,57.0,12.0,125.0,53.0,41.0,125.0,112.0,117.0,-41.0,11.0,-24.0,111.0,38.0,-119.0,-83.0,59.0,-10.0,-63.0,63.0,-36.0,20.0,-109.0,66.0,99.0,76.0,-76.0,-68.0,-122.0,-8.0,-49.0,81.0,121.0,-67.0,115.0,31.0,0.0,-86.0,10.0,-50.0,120.0,-51.0,48.0,57.0,12.0,125.0,-49.0,81.0,121.0,-67.0,115.0,31.0,0.0,-86.0],[19.0,82.0,-115.0,119.0,16.0,-127.0,-54.0,-99.0,-88.0,82.0,92.0,-73.0,80.0,-32.0,16.0,-124.0,-24.0,59.0,104.0,-86.0,65.0,47.0,-23.0,123.0,-102.0,-25.0,92.0,-32.0,-122.0,76.0,26.0,-60.0,43.0,10.0,-75.0,121.0,-67.0,123.0,-65.0,11.0,101.0,-35.0,19.0,82.0,-115.0,119.0,16.0,-127.0,-54.0,-99.0,-88.0,82.0,92.0,-73.0,80.0,-32.0,16.0,-124.0,-24.0,59.0,104.0,-86.0,65.0,47.0,-23.0,123.0,-102.0,-25.0,92.0,-32.0,-122.0,76.0,26.0,-60.0,43.0,10.0,-75.0,121.0,-67.0,123.0,-65.0,11.0,101.0,-35.0,92.0,-32.0,-122.0,76.0,26.0,-60.0,43.0,10.0],[48.0,10.0,-6.0,-115.0,62.0,-11.0,-20.0,24.0,-81.0,-70.0,115.0,-55.0,85.0,-72.0,-123.0,75.0,119.0,88.0,-103.0,-118.0,-61.0,-46.0,100.0,-3.0,88.0,-20.0,99.0,-6.0,-92.0,-4.0,-120.0,63.0,48.0,-50.0,121.0,-19.0,86.0,-12.0,39.0,-54.0,-32.0,-71.0,48.0,10.0,-6.0,-115.0,62.0,-11.0,-20.0,24.0,-81.0,-70.0,115.0,-55.0,85.0,-72.0,-123.0,75.0,119.0,88.0,-103.0,-118.0,-61.0,-46.0,100.0,-3.0,88.0,-20.0,99.0,-6.0,-92.0,-4.0,-120.0,63.0,48.0,-50.0,121.0,-19.0,86.0,-12.0,39.0,-54.0,-32.0,-71.0,99.0,-6.0,-92.0,-4.0,-120.0,63.0,48.0,-50.0],[56.0,-63.0,-26.0,38.0,86.0,-94.0,35.0,48.0,-91.0,12.0,-7.0,78.0,-80.0,13.0,57.0,-126.0,105.0,81.0,-37.0,-117.0,-32.0,-49.0,9.0,-8.0,65.0,-29.0,107.0,-110.0,35.0,54.0,-62.0,-71.0,-107.0,120.0,-67.0,86.0,17.0,76.0,112.0,-120.0,82.0,-116.0,56.0,-63.0,-26.0,38.0,86.0,-94.0,35.0,48.0,-91.0,12.0,-7.0,78.0,-80.0,13.0,57.0,-126.0,105.0,81.0,-37.0,-117.0,-32.0,-49.0,9.0,-8.0,65.0,-29.0,107.0,-110.0,35.0,54.0,-62.0,-71.0,-107.0,120.0,-67.0,86.0,17.0,76.0,112.0,-120.0,82.0,-116.0,107.0,-110.0,35.0,54.0,-62.0,-71.0,-107.0,120.0],[-99.0,55.0,-6.0,96.0,48.0,-45.0,11.0,-33.0,-17.0,-52.0,76.0,54.0,-82.0,-32.0,-76.0,-75.0,-25.0,41.0,78.0,-87.0,39.0,21.0,-22.0,66.0,117.0,16.0,41.0,-4.0,78.0,-92.0,-89.0,35.0,42.0,-51.0,123.0,-12.0,76.0,-118.0,42.0,-64.0,-50.0,86.0,-99.0,55.0,-6.0,96.0,48.0,-45.0,11.0,-33.0,-17.0,-52.0,76.0,54.0,-82.0,-32.0,-76.0,-75.0,-25.0,41.0,78.0,-87.0,39.0,21.0,-22.0,66.0,117.0,16.0,41.0,-4.0,78.0,-92.0,-89.0,35.0,42.0,-51.0,123.0,-12.0,76.0,-118.0,42.0,-64.0,-50.0,86.0,41.0,-4.0,78.0,-92.0,-89.0,35.0,42.0,-51.0],[119.0,38.0,-87.0,-2.0,-38.0,51.0,-58.0,-76.0,-37.0,-84.0,-101.0,-38.0,17.0,-127.0,21.0,74.0,-39.0,-6.0,106.0,50.0,17.0,-17.0,-11.0,-114.0,99.0,-63.0,30.0,-60.0,-29.0,-82.0,-47.0,15.0,66.0,48.0,-65.0,39.0,112.0,42.0,-30.0,124.0,-34.0,85.0,119.0,38.0,-87.0,-2.0,-38.0,51.0,-58.0,-76.0,-37.0,-84.0,-101.0,-38.0,17.0,-127.0,21.0,74.0,-39.0,-6.0,106.0,50.0,17.0,-17.0,-11.0,-114.0,99.0,-63.0,30.0,-60.0,-29.0,-82.0,-47.0,15.0,66.0,48.0,-65.0,39.0,112.0,42.0,-30.0,124.0,-34.0,85.0,30.0,-60.0,-29.0,-82.0,-47.0,15.0,66.0,48.0],[8.0,86.0,22.0,-116.0,10.0,23.0,-86.0,54.0,-23.0,-119.0,112.0,64.0,-103.0,-118.0,87.0,-55.0,-31.0,78.0,-76.0,-92.0,99.0,113.0,-102.0,125.0,47.0,-52.0,-80.0,-17.0,103.0,-89.0,-4.0,53.0,-17.0,57.0,11.0,-54.0,-120.0,-64.0,124.0,111.0,-42.0,-94.0,8.0,86.0,22.0,-116.0,10.0,23.0,-86.0,54.0,-23.0,-119.0,112.0,64.0,-103.0,-118.0,87.0,-55.0,-31.0,78.0,-76.0,-92.0,99.0,113.0,-102.0,125.0,47.0,-52.0,-80.0,-17.0,103.0,-89.0,-4.0,53.0,-17.0,57.0,11.0,-54.0,-120.0,-64.0,124.0,111.0,-42.0,-94.0,-80.0,-17.0,103.0,-89.0,-4.0,53.0,-17.0,57.0],[99.0,-50.0,-46.0,97.0,108.0,-108.0,-42.0,122.0,41.0,2.0,87.0,-59.0,65.0,-8.0,-58.0,98.0,-35.0,-6.0,101.0,111.0,77.0,109.0,-15.0,10.0,110.0,119.0,4.0,25.0,-95.0,-18.0,-108.0,-6.0,-116.0,12.0,101.0,-32.0,82.0,-50.0,-34.0,-42.0,-115.0,-69.0,99.0,-50.0,-46.0,97.0,108.0,-108.0,-42.0,122.0,41.0,2.0,87.0,-59.0,65.0,-8.0,-58.0,98.0,-35.0,-6.0,101.0,111.0,77.0,109.0,-15.0,10.0,110.0,119.0,4.0,25.0,-95.0,-18.0,-108.0,-6.0,-116.0,12.0,101.0,-32.0,82.0,-50.0,-34.0,-42.0,-115.0,-69.0,4.0,25.0,-95.0,-18.0,-108.0,-6.0,-116.0,12.0],[0.0,-62.0,-2.0,-114.0,56.0,-38.0,-91.0,110.0,22.0,-26.0,121.0,98.0,-120.0,85.0,90.0,9.0,-125.0,81.0,-107.0,120.0,44.0,22.0,-81.0,126.0,-126.0,-97.0,89.0,-113.0,-17.0,84.0,-42.0,31.0,-49.0,125.0,-35.0,-71.0,-116.0,86.0,85.0,-94.0,-69.0,42.0,0.0,-62.0,-2.0,-114.0,56.0,-38.0,-91.0,110.0,22.0,-26.0,121.0,98.0,-120.0,85.0,90.0,9.0,-125.0,81.0,-107.0,120.0,44.0,22.0,-81.0,126.0,-126.0,-97.0,89.0,-113.0,-17.0,84.0,-42.0,31.0,-49.0,125.0,-35.0,-71.0,-116.0,86.0,85.0,-94.0,-69.0,42.0,89.0,-113.0,-17.0,84.0,-42.0,31.0,-49.0,125.0],[-60.0,-80.0,51.0,87.0,93.0,36.0,85.0,51.0,-47.0,73.0,83.0,103.0,-7.0,-48.0,59.0,-33.0,46.0,71.0,-107.0,-72.0,-80.0,-96.0,-64.0,63.0,-110.0,-44.0,-65.0,-128.0,-70.0,-88.0,-97.0,60.0,-55.0,53.0,19.0,48.0,56.0,-99.0,119.0,8.0,99.0,0.0,-60.0,-80.0,51.0,87.0,93.0,36.0,85.0,51.0,-47.0,73.0,83.0,103.0,-7.0,-48.0,59.0,-33.0,46.0,71.0,-107.0,-72.0,-80.0,-96.0,-64.0,63.0,-110.0,-44.0,-65.0,-128.0,-70.0,-88.0,-97.0,60.0,-55.0,53.0,19.0,48.0,56.0,-99.0,119.0,8.0,99.0,0.0,-65.0,-128.0,-70.0,-88.0,-97.0,60.0,-55.0,53.0],[-80.0,-79.0,86.0,91.0,38.0,-127.0,-115.0,49.0,92.0,0.0,34.0,-44.0,42.0,17.0,-23.0,30.0,-29.0,-69.0,108.0,35.0,45.0,32.0,-33.0,94.0,-58.0,51.0,-86.0,-18.0,-20.0,10.0,-60.0,53.0,-50.0,41.0,82.0,10.0,-63.0,55.0,38.0,86.0,-50.0,-62.0,-80.0,-79.0,86.0,91.0,38.0,-127.0,-115.0,49.0,92.0,0.0,34.0,-44.0,42.0,17.0,-23.0,30.0,-29.0,-69.0,108.0,35.0,45.0,32.0,-33.0,94.0,-58.0,51.0,-86.0,-18.0,-20.0,10.0,-60.0,53.0,-50.0,41.0,82.0,10.0,-63.0,55.0,38.0,86.0,-50.0,-62.0,-86.0,-18.0,-20.0,10.0,-60.0,53.0,-50.0,41.0],[51.0,86.0,-48.0,-109.0,-43.0,123.0,117.0,-26.0,-79.0,-48.0,-74.0,-13.0,42.0,-112.0,62.0,73.0,113.0,58.0,86.0,7.0,-81.0,54.0,19.0,-55.0,-56.0,-26.0,-74.0,-62.0,7.0,-43.0,117.0,16.0,-44.0,125.0,-115.0,-6.0,-26.0,-6.0,-87.0,22.0,-46.0,-2.0,51.0,86.0,-48.0,-109.0,-43.0,123.0,117.0,-26.0,-79.0,-48.0,-74.0,-13.0,42.0,-112.0,62.0,73.0,113.0,58.0,86.0,7.0,-81.0,54.0,19.0,-55.0,-56.0,-26.0,-74.0,-62.0,7.0,-43.0,117.0,16.0,-44.0,125.0,-115.0,-6.0,-26.0,-6.0,-87.0,22.0,-46.0,-2.0,-74.0,-62.0,7.0,-43.0,117.0,16.0,-44.0,125.0],[87.0,91.0,-109.0,14.0,-23.0,34.0,73.0,-88.0,-96.0,-26.0,-21.0,-119.0,-15.0,-67.0,39.0,59.0,125.0,-58.0,60.0,-32.0,126.0,-75.0,99.0,110.0,-68.0,-35.0,-56.0,28.0,-126.0,19.0,-107.0,95.0,-87.0,112.0,119.0,-115.0,38.0,96.0,-2.0,-116.0,97.0,-114.0,87.0,91.0,-109.0,14.0,-23.0,34.0,73.0,-88.0,-96.0,-26.0,-21.0,-119.0,-15.0,-67.0,39.0,59.0,125.0,-58.0,60.0,-32.0,126.0,-75.0,99.0,110.0,-68.0,-35.0,-56.0,28.0,-126.0,19.0,-107.0,95.0,-87.0,112.0,119.0,-115.0,38.0,96.0,-2.0,-116.0,97.0,-114.0,-56.0,28.0,-126.0,19.0,-107.0,95.0,-87.0,112.0],[93.0,38.0,-43.0,-23.0,51.0,-111.0,62.0,70.0,89.0,-62.0,58.0,-1.0,-31.0,-3.0,72.0,-118.0,-44.0,-126.0,103.0,56.0,-93.0,-101.0,55.0,-38.0,-89.0,-25.0,-97.0,68.0,31.0,68.0,-108.0,65.0,-74.0,117.0,16.0,62.0,86.0,48.0,-38.0,10.0,108.0,56.0,93.0,38.0,-43.0,-23.0,51.0,-111.0,62.0,70.0,89.0,-62.0,58.0,-1.0,-31.0,-3.0,72.0,-118.0,-44.0,-126.0,103.0,56.0,-93.0,-101.0,55.0,-38.0,-89.0,-25.0,-97.0,68.0,31.0,68.0,-108.0,65.0,-74.0,117.0,16.0,62.0,86.0,48.0,-38.0,10.0,108.0,56.0,-97.0,68.0,31.0,68.0,-108.0,65.0,-74.0,117.0],[36.0,-127.0,123.0,34.0,-111.0,-80.0,111.0,-113.0,95.0,47.0,-27.0,115.0,59.0,-81.0,-96.0,35.0,-106.0,89.0,11.0,103.0,-119.0,114.0,44.0,5.0,10.0,1.0,-57.0,3.0,-107.0,-27.0,118.0,121.0,118.0,-41.0,-127.0,-11.0,-94.0,-45.0,51.0,23.0,-108.0,-38.0,36.0,-127.0,123.0,34.0,-111.0,-80.0,111.0,-113.0,95.0,47.0,-27.0,115.0,59.0,-81.0,-96.0,35.0,-106.0,89.0,11.0,103.0,-119.0,114.0,44.0,5.0,10.0,1.0,-57.0,3.0,-107.0,-27.0,118.0,121.0,118.0,-41.0,-127.0,-11.0,-94.0,-45.0,51.0,23.0,-108.0,-38.0,-57.0,3.0,-107.0,-27.0,118.0,121.0,118.0,-41.0],[85.0,-115.0,117.0,73.0,62.0,111.0,10.0,-30.0,77.0,-105.0,-123.0,-73.0,34.0,122.0,17.0,2.0,10.0,117.0,-120.0,-46.0,-47.0,-26.0,-125.0,-126.0,-90.0,-37.0,-27.0,-11.0,-117.0,-124.0,-73.0,1.0,-31.0,11.0,-54.0,-20.0,35.0,11.0,-58.0,-86.0,-42.0,-91.0,85.0,-115.0,117.0,73.0,62.0,111.0,10.0,-30.0,77.0,-105.0,-123.0,-73.0,34.0,122.0,17.0,2.0,10.0,117.0,-120.0,-46.0,-47.0,-26.0,-125.0,-126.0,-90.0,-37.0,-27.0,-11.0,-117.0,-124.0,-73.0,1.0,-31.0,11.0,-54.0,-20.0,35.0,11.0,-58.0,-86.0,-42.0,-91.0,-27.0,-11.0,-117.0,-124.0,-73.0,1.0,-31.0,11.0],[51.0,49.0,-26.0,-88.0,70.0,-113.0,-30.0,90.0,33.0,-119.0,-93.0,102.0,120.0,-111.0,-110.0,23.0,77.0,-84.0,-121.0,12.0,85.0,-72.0,-58.0,27.0,27.0,-105.0,-51.0,32.0,3.0,-55.0,31.0,-126.0,-12.0,-24.0,-99.0,24.0,48.0,-33.0,-76.0,54.0,122.0,110.0,51.0,49.0,-26.0,-88.0,70.0,-113.0,-30.0,90.0,33.0,-119.0,-93.0,102.0,120.0,-111.0,-110.0,23.0,77.0,-84.0,-121.0,12.0,85.0,-72.0,-58.0,27.0,27.0,-105.0,-51.0,32.0,3.0,-55.0,31.0,-126.0,-12.0,-24.0,-99.0,24.0,48.0,-33.0,-76.0,54.0,122.0,110.0,-51.0,32.0,3.0,-55.0,31.0,-126.0,-12.0,-24.0],[-47.0,92.0,-79.0,-96.0,89.0,95.0,77.0,33.0,49.0,-39.0,18.0,-100.0,-51.0,-89.0,91.0,-122.0,30.0,-100.0,-32.0,-39.0,25.0,-9.0,9.0,-22.0,44.0,41.0,-67.0,-40.0,-100.0,-59.0,-92.0,13.0,4.0,111.0,-88.0,-81.0,-91.0,-17.0,-37.0,-23.0,41.0,22.0,-47.0,92.0,-79.0,-96.0,89.0,95.0,77.0,33.0,49.0,-39.0,18.0,-100.0,-51.0,-89.0,91.0,-122.0,30.0,-100.0,-32.0,-39.0,25.0,-9.0,9.0,-22.0,44.0,41.0,-67.0,-40.0,-100.0,-59.0,-92.0,13.0,4.0,111.0,-88.0,-81.0,-91.0,-17.0,-37.0,-23.0,41.0,22.0,-67.0,-40.0,-100.0,-59.0,-92.0,13.0,4.0,111.0],[73.0,0.0,-48.0,-26.0,-62.0,47.0,-105.0,-119.0,-39.0,33.0,74.0,-47.0,-58.0,87.0,126.0,-55.0,-81.0,-41.0,94.0,-45.0,84.0,5.0,-9.0,18.0,-123.0,123.0,69.0,-93.0,31.0,-52.0,-15.0,122.0,-114.0,38.0,82.0,-70.0,12.0,-52.0,-84.0,-119.0,2.0,-26.0,73.0,0.0,-48.0,-26.0,-62.0,47.0,-105.0,-119.0,-39.0,33.0,74.0,-47.0,-58.0,87.0,126.0,-55.0,-81.0,-41.0,94.0,-45.0,84.0,5.0,-9.0,18.0,-123.0,123.0,69.0,-93.0,31.0,-52.0,-15.0,122.0,-114.0,38.0,82.0,-70.0,12.0,-52.0,-84.0,-119.0,2.0,-26.0,69.0,-93.0,31.0,-52.0,-15.0,122.0,-114.0,38.0],[83.0,34.0,-74.0,-21.0,58.0,-27.0,-123.0,-93.0,18.0,74.0,24.0,-48.0,-77.0,-1.0,-47.0,42.0,14.0,-83.0,-51.0,-63.0,-72.0,-9.0,84.0,-55.0,-22.0,126.0,-60.0,-75.0,110.0,-45.0,-109.0,75.0,-83.0,-119.0,92.0,115.0,-7.0,76.0,-101.0,112.0,87.0,121.0,83.0,34.0,-74.0,-21.0,58.0,-27.0,-123.0,-93.0,18.0,74.0,24.0,-48.0,-77.0,-1.0,-47.0,42.0,14.0,-83.0,-51.0,-63.0,-72.0,-9.0,84.0,-55.0,-22.0,126.0,-60.0,-75.0,110.0,-45.0,-109.0,75.0,-83.0,-119.0,92.0,115.0,-7.0,76.0,-101.0,112.0,87.0,121.0,-60.0,-75.0,110.0,-45.0,-109.0,75.0,-83.0,-119.0],[103.0,-44.0,-13.0,-119.0,-1.0,115.0,-73.0,102.0,-100.0,-47.0,-48.0,57.0,-77.0,97.0,102.0,-49.0,94.0,113.0,-44.0,13.0,-32.0,115.0,-66.0,58.0,24.0,38.0,-6.0,-116.0,-27.0,85.0,-4.0,25.0,-83.0,-83.0,-73.0,-55.0,78.0,54.0,-38.0,64.0,-59.0,98.0,103.0,-44.0,-13.0,-119.0,-1.0,115.0,-73.0,102.0,-100.0,-47.0,-48.0,57.0,-77.0,97.0,102.0,-49.0,94.0,113.0,-44.0,13.0,-32.0,115.0,-66.0,58.0,24.0,38.0,-6.0,-116.0,-27.0,85.0,-4.0,25.0,-83.0,-83.0,-73.0,-55.0,78.0,54.0,-38.0,64.0,-59.0,98.0,-6.0,-116.0,-27.0,85.0,-4.0,25.0,-83.0,-83.0],[-7.0,42.0,42.0,-15.0,-31.0,59.0,34.0,120.0,-51.0,-58.0,-77.0,-77.0,-118.0,-105.0,8.0,-2.0,58.0,50.0,-65.0,-8.0,-54.0,-87.0,23.0,39.0,89.0,-101.0,-68.0,96.0,-52.0,-119.0,75.0,14.0,58.0,59.0,80.0,85.0,-80.0,-82.0,17.0,-103.0,65.0,-120.0,-7.0,42.0,42.0,-15.0,-31.0,59.0,34.0,120.0,-51.0,-58.0,-77.0,-77.0,-118.0,-105.0,8.0,-2.0,58.0,50.0,-65.0,-8.0,-54.0,-87.0,23.0,39.0,89.0,-101.0,-68.0,96.0,-52.0,-119.0,75.0,14.0,58.0,59.0,80.0,85.0,-80.0,-82.0,17.0,-103.0,65.0,-120.0,-68.0,96.0,-52.0,-119.0,75.0,14.0,58.0,59.0],[-48.0,17.0,-112.0,-67.0,-3.0,-81.0,122.0,-111.0,-89.0,87.0,-1.0,97.0,-105.0,27.0,38.0,-93.0,114.0,-110.0,91.0,92.0,-10.0,-124.0,-123.0,109.0,120.0,-98.0,-12.0,86.0,92.0,97.0,-55.0,73.0,-5.0,-10.0,-32.0,-72.0,13.0,-32.0,-127.0,-118.0,-8.0,85.0,-48.0,17.0,-112.0,-67.0,-3.0,-81.0,122.0,-111.0,-89.0,87.0,-1.0,97.0,-105.0,27.0,38.0,-93.0,114.0,-110.0,91.0,92.0,-10.0,-124.0,-123.0,109.0,120.0,-98.0,-12.0,86.0,92.0,97.0,-55.0,73.0,-5.0,-10.0,-32.0,-72.0,13.0,-32.0,-127.0,-118.0,-8.0,85.0,-12.0,86.0,92.0,97.0,-55.0,73.0,-5.0,-10.0],[59.0,-23.0,62.0,39.0,72.0,-96.0,17.0,-110.0,91.0,126.0,-47.0,102.0,8.0,38.0,-8.0,58.0,-125.0,45.0,-55.0,-102.0,-86.0,58.0,-122.0,121.0,-98.0,-24.0,57.0,106.0,96.0,56.0,-28.0,116.0,89.0,-63.0,16.0,-123.0,57.0,-76.0,21.0,87.0,-58.0,90.0,59.0,-23.0,62.0,39.0,72.0,-96.0,17.0,-110.0,91.0,126.0,-47.0,102.0,8.0,38.0,-8.0,58.0,-125.0,45.0,-55.0,-102.0,-86.0,58.0,-122.0,121.0,-98.0,-24.0,57.0,106.0,96.0,56.0,-28.0,116.0,89.0,-63.0,16.0,-123.0,57.0,-76.0,21.0,87.0,-58.0,90.0,57.0,106.0,96.0,56.0,-28.0,116.0,89.0,-63.0],[-33.0,30.0,73.0,59.0,-118.0,35.0,2.0,23.0,-122.0,-55.0,42.0,-49.0,-2.0,-93.0,58.0,113.0,-21.0,34.0,-87.0,-29.0,-55.0,-51.0,-80.0,50.0,12.0,-30.0,-96.0,23.0,-91.0,-126.0,-113.0,-56.0,-60.0,63.0,-124.0,75.0,-126.0,-75.0,74.0,-55.0,98.0,9.0,-33.0,30.0,73.0,59.0,-118.0,35.0,2.0,23.0,-122.0,-55.0,42.0,-49.0,-2.0,-93.0,58.0,113.0,-21.0,34.0,-87.0,-29.0,-55.0,-51.0,-80.0,50.0,12.0,-30.0,-96.0,23.0,-91.0,-126.0,-113.0,-56.0,-60.0,63.0,-124.0,75.0,-126.0,-75.0,74.0,-55.0,98.0,9.0,-96.0,23.0,-91.0,-126.0,-113.0,-56.0,-60.0,63.0],[46.0,-29.0,113.0,125.0,-44.0,-106.0,10.0,77.0,30.0,-81.0,14.0,94.0,58.0,114.0,-125.0,-21.0,16.0,-125.0,-126.0,91.0,14.0,78.0,87.0,6.0,-118.0,-90.0,11.0,-42.0,-13.0,-47.0,-5.0,-49.0,-11.0,-36.0,-24.0,119.0,105.0,-25.0,-39.0,-31.0,-35.0,-125.0,46.0,-29.0,113.0,125.0,-44.0,-106.0,10.0,77.0,30.0,-81.0,14.0,94.0,58.0,114.0,-125.0,-21.0,16.0,-125.0,-126.0,91.0,14.0,78.0,87.0,6.0,-118.0,-90.0,11.0,-42.0,-13.0,-47.0,-5.0,-49.0,-11.0,-36.0,-24.0,119.0,105.0,-25.0,-39.0,-31.0,-35.0,-125.0,11.0,-42.0,-13.0,-47.0,-5.0,-49.0,-11.0,-36.0],[71.0,-69.0,58.0,-58.0,-126.0,89.0,117.0,-84.0,-100.0,-41.0,-83.0,113.0,50.0,-110.0,45.0,34.0,-125.0,-92.0,-45.0,-103.0,-32.0,-72.0,100.0,106.0,-98.0,72.0,-11.0,-73.0,-95.0,-79.0,-69.0,48.0,-73.0,20.0,59.0,88.0,81.0,41.0,-6.0,78.0,-6.0,81.0,71.0,-69.0,58.0,-58.0,-126.0,89.0,117.0,-84.0,-100.0,-41.0,-83.0,113.0,50.0,-110.0,45.0,34.0,-125.0,-92.0,-45.0,-103.0,-32.0,-72.0,100.0,106.0,-98.0,72.0,-11.0,-73.0,-95.0,-79.0,-69.0,48.0,-73.0,20.0,59.0,88.0,81.0,41.0,-6.0,78.0,-6.0,81.0,-11.0,-73.0,-95.0,-79.0,-69.0,48.0,-73.0,20.0],[-107.0,108.0,86.0,60.0,103.0,11.0,-120.0,-121.0,-32.0,94.0,-51.0,-44.0,-65.0,91.0,-55.0,-87.0,-126.0,-45.0,103.0,-34.0,12.0,-14.0,-114.0,-57.0,33.0,-24.0,-7.0,-16.0,56.0,27.0,74.0,74.0,50.0,-109.0,104.0,-103.0,-37.0,78.0,106.0,-76.0,101.0,-107.0,-107.0,108.0,86.0,60.0,103.0,11.0,-120.0,-121.0,-32.0,94.0,-51.0,-44.0,-65.0,91.0,-55.0,-87.0,-126.0,-45.0,103.0,-34.0,12.0,-14.0,-114.0,-57.0,33.0,-24.0,-7.0,-16.0,56.0,27.0,74.0,74.0,50.0,-109.0,104.0,-103.0,-37.0,78.0,106.0,-76.0,101.0,-107.0,-7.0,-16.0,56.0,27.0,74.0,74.0,50.0,-109.0],[-72.0,35.0,7.0,-32.0,56.0,103.0,-46.0,12.0,-39.0,-45.0,-63.0,13.0,-8.0,92.0,-102.0,-29.0,91.0,-103.0,-34.0,10.0,-80.0,0.0,-127.0,12.0,31.0,-99.0,23.0,82.0,12.0,76.0,-45.0,-41.0,-4.0,66.0,-86.0,-118.0,-117.0,-87.0,50.0,-92.0,111.0,120.0,-72.0,35.0,7.0,-32.0,56.0,103.0,-46.0,12.0,-39.0,-45.0,-63.0,13.0,-8.0,92.0,-102.0,-29.0,91.0,-103.0,-34.0,10.0,-80.0,0.0,-127.0,12.0,31.0,-99.0,23.0,82.0,12.0,76.0,-45.0,-41.0,-4.0,66.0,-86.0,-118.0,-117.0,-87.0,50.0,-92.0,111.0,120.0,23.0,82.0,12.0,76.0,-45.0,-41.0,-4.0,66.0],[-80.0,45.0,-81.0,126.0,-93.0,-119.0,-47.0,85.0,25.0,84.0,-72.0,-32.0,-54.0,-10.0,-86.0,-55.0,14.0,-32.0,12.0,-80.0,-69.0,-97.0,-65.0,76.0,-104.0,-68.0,67.0,83.0,-15.0,-23.0,43.0,-119.0,107.0,99.0,65.0,-61.0,-32.0,39.0,17.0,99.0,77.0,44.0,-80.0,45.0,-81.0,126.0,-93.0,-119.0,-47.0,85.0,25.0,84.0,-72.0,-32.0,-54.0,-10.0,-86.0,-55.0,14.0,-32.0,12.0,-80.0,-69.0,-97.0,-65.0,76.0,-104.0,-68.0,67.0,83.0,-15.0,-23.0,43.0,-119.0,107.0,99.0,65.0,-61.0,-32.0,39.0,17.0,99.0,77.0,44.0,67.0,83.0,-15.0,-23.0,43.0,-119.0,107.0,99.0],[-96.0,32.0,54.0,-75.0,-101.0,114.0,-26.0,-72.0,-9.0,5.0,-9.0,115.0,-87.0,-124.0,58.0,-51.0,78.0,-72.0,-14.0,0.0,-97.0,43.0,-18.0,127.0,-10.0,60.0,115.0,125.0,-98.0,-45.0,-47.0,-103.0,-42.0,76.0,47.0,-46.0,-49.0,21.0,-17.0,113.0,109.0,22.0,-96.0,32.0,54.0,-75.0,-101.0,114.0,-26.0,-72.0,-9.0,5.0,-9.0,115.0,-87.0,-124.0,58.0,-51.0,78.0,-72.0,-14.0,0.0,-97.0,43.0,-18.0,127.0,-10.0,60.0,115.0,125.0,-98.0,-45.0,-47.0,-103.0,-42.0,76.0,47.0,-46.0,-49.0,21.0,-17.0,113.0,109.0,22.0,115.0,125.0,-98.0,-45.0,-47.0,-103.0,-42.0,76.0],[-64.0,-33.0,19.0,99.0,55.0,44.0,-125.0,-58.0,9.0,-9.0,84.0,-66.0,23.0,-123.0,-122.0,-80.0,87.0,100.0,-114.0,-127.0,-65.0,-18.0,-67.0,-82.0,-84.0,119.0,70.0,74.0,-49.0,17.0,-68.0,-82.0,29.0,-76.0,-23.0,100.0,9.0,-22.0,-11.0,-102.0,-15.0,-81.0,-64.0,-33.0,19.0,99.0,55.0,44.0,-125.0,-58.0,9.0,-9.0,84.0,-66.0,23.0,-123.0,-122.0,-80.0,87.0,100.0,-114.0,-127.0,-65.0,-18.0,-67.0,-82.0,-84.0,119.0,70.0,74.0,-49.0,17.0,-68.0,-82.0,29.0,-76.0,-23.0,100.0,9.0,-22.0,-11.0,-102.0,-15.0,-81.0,70.0,74.0,-49.0,17.0,-68.0,-82.0,29.0,-76.0],[63.0,94.0,-55.0,110.0,-38.0,5.0,-126.0,27.0,-22.0,18.0,-55.0,58.0,39.0,109.0,121.0,50.0,6.0,106.0,-57.0,12.0,76.0,127.0,-82.0,73.0,26.0,-2.0,91.0,43.0,51.0,6.0,-105.0,46.0,110.0,-68.0,123.0,-3.0,-8.0,66.0,-114.0,125.0,10.0,126.0,63.0,94.0,-55.0,110.0,-38.0,5.0,-126.0,27.0,-22.0,18.0,-55.0,58.0,39.0,109.0,121.0,50.0,6.0,106.0,-57.0,12.0,76.0,127.0,-82.0,73.0,26.0,-2.0,91.0,43.0,51.0,6.0,-105.0,46.0,110.0,-68.0,123.0,-3.0,-8.0,66.0,-114.0,125.0,10.0,126.0,91.0,43.0,51.0,6.0,-105.0,46.0,110.0,-68.0],[-110.0,-58.0,-56.0,-68.0,-89.0,10.0,-90.0,27.0,44.0,-123.0,-22.0,24.0,89.0,120.0,-98.0,12.0,-118.0,-98.0,33.0,31.0,-104.0,-10.0,-84.0,26.0,-85.0,59.0,110.0,-92.0,103.0,85.0,-28.0,-78.0,-86.0,-122.0,-102.0,88.0,65.0,117.0,99.0,47.0,110.0,-126.0,-110.0,-58.0,-56.0,-68.0,-89.0,10.0,-90.0,27.0,44.0,-123.0,-22.0,24.0,89.0,120.0,-98.0,12.0,-118.0,-98.0,33.0,31.0,-104.0,-10.0,-84.0,26.0,-85.0,59.0,110.0,-92.0,103.0,85.0,-28.0,-78.0,-86.0,-122.0,-102.0,88.0,65.0,117.0,99.0,47.0,110.0,-126.0,110.0,-92.0,103.0,85.0,-28.0,-78.0,-86.0,-122.0],[-44.0,51.0,-26.0,-35.0,-25.0,1.0,-37.0,-105.0,41.0,123.0,126.0,38.0,-101.0,-98.0,-24.0,-30.0,-90.0,72.0,-24.0,-99.0,-68.0,60.0,119.0,-2.0,59.0,-5.0,33.0,107.0,-1.0,-25.0,-8.0,111.0,43.0,-8.0,-25.0,-20.0,-29.0,16.0,-63.0,-52.0,119.0,-97.0,-44.0,51.0,-26.0,-35.0,-25.0,1.0,-37.0,-105.0,41.0,123.0,126.0,38.0,-101.0,-98.0,-24.0,-30.0,-90.0,72.0,-24.0,-99.0,-68.0,60.0,119.0,-2.0,59.0,-5.0,33.0,107.0,-1.0,-25.0,-8.0,111.0,43.0,-8.0,-25.0,-20.0,-29.0,16.0,-63.0,-52.0,119.0,-97.0,33.0,107.0,-1.0,-25.0,-8.0,111.0,43.0,-8.0],[-65.0,-86.0,-74.0,-56.0,-97.0,-57.0,-27.0,-51.0,-67.0,69.0,-60.0,-6.0,-68.0,-12.0,57.0,-96.0,11.0,-11.0,-7.0,23.0,67.0,115.0,70.0,91.0,110.0,33.0,22.0,-128.0,-57.0,77.0,94.0,-128.0,-125.0,-49.0,92.0,99.0,107.0,41.0,30.0,-80.0,4.0,89.0,-65.0,-86.0,-74.0,-56.0,-97.0,-57.0,-27.0,-51.0,-67.0,69.0,-60.0,-6.0,-68.0,-12.0,57.0,-96.0,11.0,-11.0,-7.0,23.0,67.0,115.0,70.0,91.0,110.0,33.0,22.0,-128.0,-57.0,77.0,94.0,-128.0,-125.0,-49.0,92.0,99.0,107.0,41.0,30.0,-80.0,4.0,89.0,22.0,-128.0,-57.0,77.0,94.0,-128.0,-125.0,-49.0],[-128.0,-18.0,-62.0,28.0,68.0,3.0,-11.0,32.0,-40.0,-93.0,-75.0,-116.0,96.0,86.0,106.0,23.0,-42.0,-73.0,-16.0,82.0,83.0,125.0,74.0,43.0,-92.0,107.0,-128.0,41.0,-57.0,-21.0,-97.0,18.0,56.0,81.0,-32.0,-6.0,-110.0,-4.0,-60.0,-17.0,25.0,-113.0,-128.0,-18.0,-62.0,28.0,68.0,3.0,-11.0,32.0,-40.0,-93.0,-75.0,-116.0,96.0,86.0,106.0,23.0,-42.0,-73.0,-16.0,82.0,83.0,125.0,74.0,43.0,-92.0,107.0,-128.0,41.0,-57.0,-21.0,-97.0,18.0,56.0,81.0,-32.0,-6.0,-110.0,-4.0,-60.0,-17.0,25.0,-113.0,-128.0,41.0,-57.0,-21.0,-97.0,18.0,56.0,81.0],[-70.0,-20.0,7.0,-126.0,31.0,-107.0,-117.0,3.0,-100.0,31.0,110.0,-27.0,-52.0,92.0,96.0,-91.0,-13.0,-95.0,56.0,12.0,-15.0,-98.0,-49.0,51.0,103.0,-1.0,-57.0,-57.0,61.0,58.0,112.0,-67.0,67.0,121.0,-122.0,-92.0,35.0,78.0,-29.0,103.0,-95.0,-17.0,-70.0,-20.0,7.0,-126.0,31.0,-107.0,-117.0,3.0,-100.0,31.0,110.0,-27.0,-52.0,92.0,96.0,-91.0,-13.0,-95.0,56.0,12.0,-15.0,-98.0,-49.0,51.0,103.0,-1.0,-57.0,-57.0,61.0,58.0,112.0,-67.0,67.0,121.0,-122.0,-92.0,35.0,78.0,-29.0,103.0,-95.0,-17.0,-57.0,-57.0,61.0,58.0,112.0,-67.0,67.0,121.0],[-88.0,10.0,-43.0,19.0,68.0,-27.0,-124.0,-55.0,-59.0,-52.0,-45.0,85.0,-119.0,97.0,56.0,-126.0,-47.0,-79.0,27.0,76.0,-23.0,-45.0,17.0,6.0,85.0,-25.0,77.0,-21.0,58.0,28.0,13.0,-31.0,76.0,-67.0,76.0,-4.0,54.0,-92.0,-82.0,-89.0,-18.0,84.0,-88.0,10.0,-43.0,19.0,68.0,-27.0,-124.0,-55.0,-59.0,-52.0,-45.0,85.0,-119.0,97.0,56.0,-126.0,-47.0,-79.0,27.0,76.0,-23.0,-45.0,17.0,6.0,85.0,-25.0,77.0,-21.0,58.0,28.0,13.0,-31.0,76.0,-67.0,76.0,-4.0,54.0,-92.0,-82.0,-89.0,-18.0,84.0,77.0,-21.0,58.0,28.0,13.0,-31.0,76.0,-67.0],[-97.0,-60.0,117.0,-107.0,-108.0,118.0,-73.0,31.0,-92.0,-15.0,-109.0,-4.0,75.0,-55.0,-28.0,-113.0,-5.0,-69.0,74.0,-45.0,43.0,-47.0,-68.0,-105.0,-28.0,-8.0,94.0,-97.0,112.0,13.0,52.0,-128.0,79.0,115.0,26.0,-120.0,-62.0,-89.0,-47.0,-4.0,-108.0,-42.0,-97.0,-60.0,117.0,-107.0,-108.0,118.0,-73.0,31.0,-92.0,-15.0,-109.0,-4.0,75.0,-55.0,-28.0,-113.0,-5.0,-69.0,74.0,-45.0,43.0,-47.0,-68.0,-105.0,-28.0,-8.0,94.0,-97.0,112.0,13.0,52.0,-128.0,79.0,115.0,26.0,-120.0,-62.0,-89.0,-47.0,-4.0,-108.0,-42.0,94.0,-97.0,112.0,13.0,52.0,-128.0,79.0,115.0],[60.0,53.0,16.0,95.0,65.0,121.0,1.0,-126.0,13.0,122.0,75.0,25.0,14.0,73.0,116.0,-56.0,-49.0,48.0,74.0,-41.0,-119.0,-103.0,-82.0,46.0,-78.0,111.0,-128.0,18.0,-67.0,-31.0,-128.0,-38.0,90.0,31.0,-60.0,63.0,-71.0,35.0,15.0,53.0,-6.0,31.0,60.0,53.0,16.0,95.0,65.0,121.0,1.0,-126.0,13.0,122.0,75.0,25.0,14.0,73.0,116.0,-56.0,-49.0,48.0,74.0,-41.0,-119.0,-103.0,-82.0,46.0,-78.0,111.0,-128.0,18.0,-67.0,-31.0,-128.0,-38.0,90.0,31.0,-60.0,63.0,-71.0,35.0,15.0,53.0,-6.0,31.0,-128.0,18.0,-67.0,-31.0,-128.0,-38.0,90.0,31.0],[-55.0,-50.0,-44.0,-87.0,-74.0,118.0,-31.0,-12.0,4.0,-114.0,-83.0,-83.0,58.0,-5.0,89.0,-60.0,-11.0,-73.0,50.0,-4.0,107.0,-42.0,29.0,110.0,-86.0,43.0,-125.0,56.0,67.0,76.0,79.0,90.0,42.0,0.0,43.0,48.0,-107.0,42.0,66.0,-17.0,-116.0,-49.0,-55.0,-50.0,-44.0,-87.0,-74.0,118.0,-31.0,-12.0,4.0,-114.0,-83.0,-83.0,58.0,-5.0,89.0,-60.0,-11.0,-73.0,50.0,-4.0,107.0,-42.0,29.0,110.0,-86.0,43.0,-125.0,56.0,67.0,76.0,79.0,90.0,42.0,0.0,43.0,48.0,-107.0,42.0,66.0,-17.0,-116.0,-49.0,-125.0,56.0,67.0,76.0,79.0,90.0,42.0,0.0],[53.0,41.0,125.0,112.0,117.0,-41.0,11.0,-24.0,111.0,38.0,-119.0,-83.0,59.0,-10.0,-63.0,63.0,-36.0,20.0,-109.0,66.0,99.0,76.0,-76.0,-68.0,-122.0,-8.0,-49.0,81.0,121.0,-67.0,115.0,31.0,0.0,-86.0,10.0,-50.0,120.0,-51.0,48.0,57.0,12.0,125.0,53.0,41.0,125.0,112.0,117.0,-41.0,11.0,-24.0,111.0,38.0,-119.0,-83.0,59.0,-10.0,-63.0,63.0,-36.0,20.0,-109.0,66.0,99.0,76.0,-76.0,-68.0,-122.0,-8.0,-49.0,81.0,121.0,-67.0,115.0,31.0,0.0,-86.0,10.0,-50.0,120.0,-51.0,48.0,57.0,12.0,125.0,-49.0,81.0,121.0,-67.0,115.0,31.0,0.0,-86.0],[19.0,82.0,-115.0,119.0,16.0,-127.0,-54.0,-99.0