{"name":"DynamicObjectArray","generic":13,"parameters":{"array":[{"name":"MatrixSerializable","generic":11,"parameters":{"name":"km_train","value":[[-0.0,-2.9518619547133895,-1.9936610385090806,-1.589036947695872,-1.430940494789225,-2.312299111487373,-0.7976827124472549,-1.3812880538986093,-0.6174725337869201,-2.217789468202237,-1.827931761983699,-1.2582671409464009,-2.167057043843869,-2.3664871112543466,-0.6748629899467431,-0.6438236449278904,-1.5528113263019719,-1.5187632810980454,-1.9072216812660166,-2.3864491944447274,-1.280967428990342,-1.706438414395341,-1.644166850248422,-3.901447655206693,-4.176979892860369,-4.0939688529910029,-4.02623779249541,-4.519066665396199,-4.459312744094078,-4.215896282339389,-4.006154894995665,-3.6900176290633706,-4.251914577360641,-4.204205064339577,-3.8974571551878358,-4.027813339635947,-4.01900319386865,-4.149753111910804,-3.742231913701387,-4.286165681763679,-3.893579874570101,-4.281860917560898,-4.042113375404137,-4.267317968390029,-3.8152231614150429,-4.417633571536288,-3.7155104845214166,-3.749378697912648,-3.666888186581175,-3.049582176726284,-3.678793709028661,-3.5002461561516027,-4.253967706069438,-3.417142703196784,-3.8745625445752398,-3.752439215869629,-3.9007412889135808,-3.166335537488805,-3.6534045172243738,-3.9694667301991979,-3.8994674091466448,-3.501220486117718,-3.620567712683213,-3.0637240352885275,-3.6978809578692326,-3.5864790507097239,-3.5832690721536326,-3.817128719889773,-3.391368860978373,-3.8844582474904767,-3.87344269524987,-3.531768825422128,-3.6990370617962049,-3.890899978668708,-3.9870742817439757,-3.0775782767901056,-3.3660137981766096,-3.8764365108994225,-4.026022839102327,-3.5638490245396259,-4.364604188002771,-3.71271008085243,-3.6038547065264394,-3.2290330191247005,-3.6200101168454208,-4.342392188389507,-3.7908094033908079,-3.91494666683969,-4.003651084103372,-3.9823522626324374,-3.4330103086529988,-4.145978062199977],[-2.9518619547133895,-0.0,-2.1149057857705868,-1.8884533790844307,-1.970118757495441,-1.1630912626389776,-2.4804938093272854,-2.2440081257068438,-2.495122994489609,-2.4523858705803316,-1.9300612184784274,-2.101086374830182,-1.3524991305734929,-1.31709376217811,-2.53689187484121,-2.88416504431194,-1.9105366252172243,-2.3548937577401598,-2.9999576213642924,-1.380695085341413,-3.2680887130196338,-2.4395164433802116,-2.9430346693935207,-3.7853626135154738,-4.338765131694888,-3.9327961108113369,-3.9073824908051018,-4.541572442794209,-4.434277906630841,-4.337433146667435,-3.9834324898728266,-3.55854504163516,-4.33435881002779,-4.4142324136900978,-3.8720328913876278,-3.8079803793796898,-3.9138813624689687,-4.053436558309604,-3.5895230013021308,-4.384119024373629,-3.8153317853522745,-4.1090721508632479,-4.276265655271589,-4.005358851316844,-3.773152166943644,-4.39138646099766,-3.7733288273571405,-4.159027831230317,-3.734267868254082,-3.8343006040200735,-3.857231255235121,-3.3998926136352227,-4.476413945547411,-3.896487733466611,-3.8529048434359978,-3.604875171309113,-4.023555798569999,-3.7255841278305668,-3.9790270761035799,-4.303902502147427,-4.274200556151672,-3.583595258931966,-4.3407121491887479,-3.750368252962466,-4.22765761551403,-3.9483989836384096,-4.2295222418861,-4.11355794262542,-3.843547244708142,-3.5466857628375965,-3.3448706705932489,-2.559641589632371,-3.3535555675847106,-3.367507265360214,-3.7710403716693308,-3.1526516655678584,-3.2146188061449516,-3.406959174289372,-3.628819930945343,-3.600178783302424,-3.7991438111092705,-3.2374046132053126,-3.3237905665875004,-2.9403874689839237,-3.123271529740861,-4.046071050469638,-3.343842129239809,-3.5103184159100655,-3.389167134372303,-3.633908512511108,-3.3268841440735348,-4.078799217758198],[-1.9936610385090806,-2.1149057857705868,-0.0,-1.5531624176546886,-1.3229483284779698,-0.9305554877661953,-1.1266304174414097,-0.519560369424529,-1.4879769682982969,-0.4019326368718768,-1.9900065425380083,-1.1397466089006887,-0.7783022725297184,-0.7469479939656305,-1.2341693489544905,-1.496083878681396,-1.5245154046235726,-0.35153326970477619,-1.3338033366445994,-0.6948610965630271,-2.014647594474655,-0.3002475819942114,-1.252578809086292,-3.234965698219806,-3.79158990724258,-3.4792053972109415,-3.4080640861714506,-4.132915201265831,-4.030008179380991,-3.812554413998664,-3.436027514654722,-2.9173633850828435,-3.8319285437097947,-3.864569127456942,-3.2832367795688115,-3.360272855739587,-3.4055396421859389,-3.5881655347290746,-2.983499415747777,-3.886831393877735,-3.2454760226248369,-3.725393896909802,-3.6714957772899026,-3.668221343097551,-3.1556434149187089,-3.9765134446870249,-3.0791969093468176,-3.4362697912441408,-3.0148272818111025,-2.862010496655716,-3.120713043528864,-2.6426695520712895,-3.9386986948058,-3.0329879020076526,-3.2533164012164188,-3.001483556913868,-3.3909568987945115,-2.742984354652377,-3.2172431046090379,-3.6631144022316159,-3.607278439691751,-2.7756695563947164,-3.6175250478290139,-2.7473175598279284,-3.493763038023857,-3.1564919917787175,-3.4711140671385896,-3.420581399210303,-2.963646222384535,-3.1071405275556289,-3.03251363984748,-2.4433742116276808,-2.826967075604504,-3.059617765471564,-3.3050399208907534,-2.0595782392690875,-2.3908773040512019,-3.052169111323383,-3.2898512852986028,-2.8366266049359147,-3.717729298788115,-2.8031401748747548,-2.7073962309151295,-2.0733208466482346,-2.651396429210122,-3.7547699977681345,-2.9309368174385646,-3.128117968560453,-3.2065487360185127,-3.244206036327035,-2.530626472098767,-3.599208822145567],[-1.589036947695872,-1.8884533790844307,-1.5531624176546886,-0.0,-0.09926758747108083,-1.1720433173158214,-1.002989729943874,-1.0538493451325418,-0.7878027318377729,-2.056443492353399,-0.3050238601649983,-0.3419492619384657,-1.0194318892221113,-1.3988542909921225,-1.0494038872020915,-1.7227898977030117,-0.002799644513243828,-1.3855244481601564,-2.34467068979886,-1.47556106590535,-2.382516652068097,-1.651886283704698,-2.1724530511245789,-3.873258983817451,-4.287287313593324,-4.052192553861751,-4.001299167052405,-4.567126339866178,-4.485123564111871,-4.307332890901648,-4.024607450303684,-3.644177888921523,-4.325224563475161,-4.338531615936735,-3.9109406562092245,-3.9582828608112745,-4.000031987542679,-4.138374908674491,-3.689753207443758,-4.3673159975935,-3.882373944730613,-4.239325647890032,-4.185781097295089,-4.1861307817183699,-3.817488608089767,-4.442484232607947,-3.7608866368408999,-3.976918916893217,-3.7144400306097129,-3.4627600763471007,-3.782614409628583,-3.4554030088461258,-4.394997587513369,-3.6697402877414828,-3.888925228628668,-3.7028645348051199,-3.9854973408878706,-3.4493454426555507,-3.8327276738068507,-4.162723963402858,-4.112259635130201,-3.5459365942698466,-4.016803278873615,-3.416540375613928,-3.989329009678771,-3.782373160200478,-3.9369897937769107,-3.9869561845902217,-3.6271631609735879,-3.7587730199530497,-3.670254728672107,-3.141747189282863,-3.5593245336096386,-3.6906493613664295,-3.917751828402904,-3.0743588922777445,-3.284274374305447,-3.696615385559541,-3.8819189113355585,-3.5899018923204717,-4.163268863582461,-3.5204615191579124,-3.4853367334656317,-3.065725022580891,-3.411902512484532,-4.24811949006106,-3.615135388896303,-3.763128154437825,-3.774036005950899,-3.856557364191177,-3.3795242432387777,-4.147709020741318],[-1.430940494789225,-1.970118757495441,-1.3229483284779698,-0.09926758747108083,-0.0,-1.101162649932847,-0.7049012373323027,-0.7422107456618826,-0.5610421879272265,-1.8569323729729388,-0.6054901777043269,-0.09635018780127196,-0.9112308261895715,-1.293556762323689,-0.7652265247655655,-1.489642464990418,-0.0719483679906537,-1.0995950660317462,-2.14600543141965,-1.3619272487080574,-2.2066568794592968,-1.3942141357846974,-1.9578836862580858,-3.796784253516456,-4.215495178135415,-3.984553360375783,-3.9298321321642395,-4.508374248514996,-4.425765684132057,-4.237361752374944,-3.9498934199260238,-3.558960426522467,-4.257060471550772,-4.267214770529645,-3.83203789851576,-3.8900440767310426,-3.927900726114471,-4.070826788699646,-3.6074863699955777,-4.30000815879375,-3.8045777094057464,-4.178747010540386,-4.108645203167188,-4.128292875259239,-3.7355709466099986,-4.381895763928668,-3.672704979904591,-3.8885247421723365,-3.623936117878263,-3.3470794073146776,-3.6912794773982635,-3.360225671290017,-4.32524613466883,-3.5666509098663456,-3.8090111730435596,-3.620909291876039,-3.904064080767217,-3.333967625039781,-3.739720142058591,-4.08275792569881,-4.029767106645285,-3.4473655299127228,-3.9302022185687046,-3.2982591723527876,-3.900408822785188,-3.6864322564486997,-3.845771480252077,-3.900938972981795,-3.5224144232366445,-3.688906060655505,-3.6079575016554585,-3.084258683495379,-3.4813303187761468,-3.6289102328222309,-3.8477768799928739,-2.9518898581023484,-3.1832084633070205,-3.6317990870226257,-3.8204189013577034,-3.4950967913996426,-4.123465329341388,-3.4482362372790615,-3.4004515595169675,-2.9605016814162758,-3.3359567627775368,-4.194267596666104,-3.5454381948879485,-3.6972478504851709,-3.7218262733168787,-3.791247948661692,-3.2809906812749065,-4.079227814439459],[-2.312299111487373,-1.1630912626389776,-0.9305554877661953,-1.1720433173158214,-1.101162649932847,-0.0,-1.5772667429219963,-1.1441366467574712,-1.7051188690746973,-1.4999931541095964,-1.5310317332212884,-1.1491247604220059,-0.05555768789658839,-0.09940606503989377,-1.6697740740614718,-2.1130249416216015,-1.1713132870431494,-1.279221741209152,-2.238171958634149,-0.17326048046359805,-2.621504924113911,-1.4049486102752469,-2.1515555713943548,-3.5164681198310658,-4.075136269296558,-3.71198051622118,-3.664433714435272,-4.345553703607861,-4.2405763847576509,-4.0846634565030419,-3.718766582395574,-3.2425979320131508,-4.092517092869435,-4.1489005306391759,-3.586806013213537,-3.5879528849439845,-3.6667602628102018,-3.828398459804507,-3.2903856073316519,-4.144684042292405,-3.537967411722559,-3.9241492990601425,-3.9849983347249999,-3.842347474692583,-3.473183880868983,-4.192423593489046,-3.4388190094432615,-3.8115623132858249,-3.3878483209866458,-3.370054987215814,-3.504750000089573,-3.027103165449693,-4.216463256465397,-3.485901960551457,-3.5624393595553665,-3.30738105213738,-3.7194913649151197,-3.262555057528824,-3.6151678274747889,-3.994648183264573,-3.9523791232456446,-3.19543877111358,-3.983465775004572,-3.27613409336502,-3.872452694937839,-3.5707502941724509,-3.8600683096007737,-3.781118015223501,-3.4261725996944936,-3.3239887931695217,-3.177359647305637,-2.437815762099183,-3.0820560618790946,-3.203217129159224,-3.5415433780930267,-2.630216497158264,-2.803857816502663,-3.2207068755195218,-3.4577608645201196,-3.2315541352649559,-3.765447387932132,-3.0041228370411394,-3.009521298802232,-2.4891598765604594,-2.8649114328046325,-3.9064802296106619,-3.126254295151488,-3.3143025579985014,-3.2906492070096338,-3.437960597128447,-2.934028658250062,-3.8471150130310276],[-0.7976827124472549,-2.4804938093272854,-1.1266304174414097,-1.002989729943874,-0.7049012373323027,-1.5772667429219963,-0.0,-0.33254177019739619,-0.21227472870954498,-1.5259742667502068,-1.478225701491,-0.40473689347488997,-1.3768374583363859,-1.6247913090352273,-0.015027720607801084,-0.5409079863775125,-0.9516900301513492,-0.5553999325976805,-1.5131751621442374,-1.6465072737117992,-1.4730330261572593,-0.8550481268998323,-1.23309500298142,-3.6612378115624315,-4.042180732749286,-3.87128983369306,-3.803030206402788,-4.38215706418025,-4.3055691563916229,-4.073981478447795,-3.801196888471405,-3.4126126453824039,-4.103349750926914,-4.087342497297113,-3.6765293679826906,-3.7857178614347295,-3.797645527668983,-3.946967917009183,-3.469533281773946,-4.1455445559438719,-3.6601981547234274,-4.079375840792663,-3.913107514022864,-4.047808518475258,-3.577929524353107,-4.259556982511979,-3.486411784769756,-3.6411998178512818,-3.4319077277679175,-2.9751892365741114,-3.477545262901868,-3.193437777190874,-4.14669410197558,-3.2761090211860957,-3.651113197733816,-3.482467690867896,-3.7184611711209336,-3.002760345302831,-3.4968435962826196,-3.8654534524249004,-3.8007164790549297,-3.2390141339470426,-3.6397079049968497,-2.937336854856997,-3.632798692060576,-3.431311552780676,-3.5549008187613988,-3.677185685183463,-3.233192433770214,-3.6027411080628255,-3.565857993963424,-3.1298597872199616,-3.3857145448743308,-3.586594144710147,-3.740055816822158,-2.7104189887421326,-3.0195216551011705,-3.5759759693930435,-3.7565531260497986,-3.3017989661659197,-4.1187673442729049,-3.3844025115183218,-3.2833806341717004,-2.823928357749705,-3.27219130076384,-4.125838735596397,-3.479330391121965,-3.6284986060648838,-3.7073534595433568,-3.713487639494786,-3.1108382438321118,-3.94894551189801],[-1.3812880538986093,-2.2440081257068438,-0.519560369424529,-1.0538493451325418,-0.7422107456618826,-1.1441366467574712,-0.33254177019739619,-0.0,-0.7222087394517793,-1.049331177189286,-1.5781875262505603,-0.45927575488556968,-0.9206205436739984,-1.140323775730548,-0.44525477372787189,-0.9286389341503951,-1.008779856221711,-0.12694134264493396,-1.3808664334201382,-1.1500872283340924,-1.7056111129377443,-0.3987917219649709,-1.1584309273453073,-3.4985431385994336,-3.949330591796776,-3.7207214654692635,-3.651970349530646,-4.288078952649616,-4.200758047489867,-3.9765076214180579,-3.6624755452395547,-3.224158193215697,-4.0015766301960149,-4.00583913733787,-3.527157887136778,-3.621940821628722,-3.6478298147274219,-3.8097337983611605,-3.2842731914373517,-4.048851153954655,-3.5022375498831779,-3.9427958473177178,-3.8243889614663089,-3.900246441105331,-3.417485238526362,-4.151889767803759,-3.3323650731351637,-3.5678217321387089,-3.2741326950300979,-2.9365512794366306,-3.343332449651299,-2.984680077495045,-4.071119898295052,-3.1864964291387576,-3.5000771480710437,-3.2991272464768977,-3.5954242733844077,-2.904604676294554,-3.3932336741407309,-3.7929643357928297,-3.7319766294256127,-3.0635688082957217,-3.642855367036444,-2.8665421461905584,-3.5865568302698795,-3.3295221206442386,-3.531700253153603,-3.582804644779706,-3.1328345374763115,-3.411459368213213,-3.357480555063064,-2.856131383281823,-3.1714532308529876,-3.3806051761485129,-3.5728081977772918,-2.463443400175441,-2.7818913380155885,-3.3721769204205596,-3.5747252902294135,-3.125612829515738,-3.9572766080807697,-3.159880782879066,-3.0637883661172626,-2.5414150379499289,-3.033154254011097,-3.980793990384548,-3.2671096598750117,-3.434340819350806,-3.5088448367361098,-3.531590894529333,-2.8911792099792339,-3.8155086937156659],[-0.6174725337869201,-2.495122994489609,-1.4879769682982969,-0.7878027318377729,-0.5610421879272265,-1.7051188690746973,-0.21227472870954498,-0.7222087394517793,-0.0,-1.8836487822457269,-1.1967060787874489,-0.3678305822111511,-1.5213284776297365,-1.8000322018407469,-0.17163149224244096,-0.8185413070500333,-0.7386840429411046,-1.0113022996413464,-1.8704135257488937,-1.835543050011922,-1.6858437417088044,-1.303159881117796,-1.6171782751418347,-3.8079098302941376,-4.164664208955464,-4.003397683495265,-3.9403022138481247,-4.4873794288291,-4.414732857753785,-4.195257918015704,-3.939858295778012,-3.576625256848615,-4.223368669428224,-4.20586888247438,-3.8234729381444945,-3.921735443539238,-3.9355058817495824,-4.075649776085094,-3.628862064301897,-4.26295423900639,-3.8075955505148006,-4.198840968574965,-4.041967486978996,-4.166638997192275,-3.7315485447490595,-4.371145197386888,-3.6474597432922,-3.782381087853398,-3.5971069898780185,-3.1515612503776526,-3.63872013945868,-3.3751451716484959,-4.261256917744692,-3.4446545930248688,-3.7998380381706324,-3.640983841811357,-3.862595227805595,-3.1936111665153006,-3.6531312651841145,-3.993752609373212,-3.9316595762270158,-3.4196086303087598,-3.7539526935731026,-3.1266476924944057,-3.7668496952039796,-3.591639863984827,-3.6854100674207159,-3.820560455816046,-3.407053063525744,-3.7468927581770288,-3.70401220141583,-3.273563507992455,-3.5448779094966245,-3.723586214329557,-3.8791275506912736,-2.9385366682330256,-3.2141938078215666,-3.716315583809459,-3.888117570278117,-3.4770060605612649,-4.219664075180903,-3.5379707356655847,-3.452656950942967,-3.030111995697082,-3.4329723066444166,-4.239078218334416,-3.6274324712897916,-3.768189565931292,-3.8313680971822157,-3.849836609459553,-3.2991505119231054,-4.077896536463444],[-2.217789468202237,-2.4523858705803316,-0.4019326368718768,-2.056443492353399,-1.8569323729729388,-1.4999931541095964,-1.5259742667502068,-1.049331177189286,-1.8836487822457269,-0.0,-2.420065283804089,-1.6800338500133386,-1.401250472155241,-1.285614808919285,-1.605840496054296,-1.6386109222294197,-2.0308984120723605,-0.7323545303569709,-0.9795796251296346,-1.2108484022473463,-1.957646925577611,-0.44036809672234808,-1.0382192652544158,-2.9706546007577216,-3.5717761329041348,-3.252528268882199,-3.166410257250736,-3.953791030492634,-3.8450721978781536,-3.5962112433951987,-3.1856136608752925,-2.6104470798190717,-3.6194229967729605,-3.6523772077773368,-3.0130926900715555,-3.1293679023825975,-3.1616017260818309,-3.364851085642316,-2.690313614261377,-3.679414136307996,-2.9770013811732358,-3.5277966552700055,-3.4372148383152445,-3.4793256047745966,-2.8697785059895817,-3.786564836483992,-2.7708236047490204,-3.1786582449829434,-2.6955227026738886,-2.568561458413484,-2.8111998997523788,-2.2858006724412909,-3.7345326092204917,-2.719920811373853,-2.9786377612248939,-2.7099578023383139,-3.123079601281418,-2.3884358978454807,-2.9229616148913899,-3.4306145316822769,-3.3700342779027006,-2.414819042155361,-3.425557973426891,-2.4145513572557326,-3.2559765350811746,-2.8543985038655346,-3.2466350142382716,-3.1549144871037089,-2.6362075037674348,-2.8695567646941977,-2.8342781954255384,-2.3306560465414445,-2.5551759231288386,-2.8629627849590109,-3.0667048581354905,-1.5567917588643455,-2.002143646827705,-2.84048938376793,-3.0874958569380834,-2.4912765621958945,-3.5973318208158759,-2.563945012542336,-2.402042322595319,-1.675929926636433,-2.400614659598214,-3.5808482219307327,-2.6991388519436869,-2.908924429493319,-3.0492820764954038,-3.0255736418724026,-2.155669824261344,-3.37355027226849],[-1.827931761983699,-1.9300612184784274,-1.9900065425380083,-0.3050238601649983,-0.6054901777043269,-1.5310317332212884,-1.478225701491,-1.5781875262505603,-1.1967060787874489,-2.420065283804089,-0.0,-0.9068170802527755,-1.436823919451836,-1.761646424149269,-1.4998639109692549,-2.070845348633729,-0.34505269284582498,-1.8584042536615738,-2.6627510926188657,-1.836792732609963,-2.643621983984498,-2.082474937328888,-2.5088539567100645,-4.029175317071256,-4.421472845561969,-4.193322432203322,-4.147742167590535,-4.6825550015056109,-4.603863486347391,-4.439822100024621,-4.172667689145587,-3.817591518242181,-4.456003895440703,-4.469752202822689,-4.067100246399631,-4.103476114617008,-4.147085026156341,-4.276200258674524,-3.8586018762493587,-4.495778485277356,-4.038967608331352,-4.367349628908703,-4.326932944937176,-4.313172367565464,-3.9801760453658354,-4.563650585698766,-3.9306335017486999,-4.13176976198633,-3.888092437202406,-3.6527717330798166,-3.95270201326238,-3.6461827043227919,-4.52273585583359,-3.848627867599147,-4.046826511793075,-3.870854304567911,-4.13957736602139,-3.6471142509714,-3.999512181381152,-4.304997908627139,-4.2576005629886899,-3.733944629004738,-4.156893745178443,-3.614616226900141,-4.140483192216691,-3.953026468879086,-4.088070936612116,-4.142050897562824,-3.810140478874556,-3.91320972206922,-3.8200732005273969,-3.308771155421571,-3.7300889211623495,-3.8390644768996537,-4.066119213169217,-3.3070024204505348,-3.4889900132971034,-3.848188193284368,-4.023046062179774,-3.7731008415967888,-4.270012963225939,-3.68708744082836,-3.6659566207704836,-3.2864002836781109,-3.5871811611429957,-4.369055489359506,-3.7751510228956079,-3.913289977442401,-3.908364039855723,-4.002621560946699,-3.576978124192723,-4.285945674263704],[-1.2582671409464009,-2.101086374830182,-1.1397466089006887,-0.3419492619384657,-0.09635018780127196,-1.1491247604220059,-0.40473689347488997,-0.45927575488556968,-0.3678305822111511,-1.6800338500133386,-0.9068170802527755,-0.0,-0.9357298108472875,-1.2899924700050929,-0.4745013506135193,-1.2272404630439747,-0.2960525252517255,-0.8239635112662341,-1.9373406650460384,-1.3437403795488292,-2.0083249534207687,-1.1445801010765953,-1.727801687314486,-3.732253182995648,-4.1490652433990189,-3.9286013746801666,-3.869651560516634,-4.456274883068817,-4.374080388974175,-4.173362010803103,-3.8847580840732127,-3.4873709174072204,-4.195453337302514,-4.200262289864326,-3.7633245411118407,-3.834921936339969,-3.8668396557195545,-4.013516320314991,-3.5389180053448237,-4.238848485189814,-3.738033117468196,-4.129084839239955,-4.035973809498487,-4.0829040537709109,-3.6646332495622997,-4.329158488729501,-3.5939906097877407,-3.8021321927624545,-3.542964610945061,-3.2277927322262776,-3.6070291743261486,-3.279434040962584,-4.259464438768573,-3.465245533419069,-3.739334650211449,-3.5524766437937855,-3.8298470733167546,-3.2193925955638615,-3.650783457506137,-4.005557017447764,-3.9494797818924098,-3.358975474724658,-3.8399867126306899,-3.178327457857179,-3.8112683685396075,-3.5940555685471775,-3.7523989711541287,-3.818971034355975,-3.4200266921389619,-3.6352515709441817,-3.565216838850019,-3.0575526650418478,-3.4212404650325967,-3.586481508394878,-3.7911018351517606,-2.8430708782066467,-3.098930743199831,-3.5855451356644516,-3.7750789309943184,-3.4111218562126806,-4.099714022612275,-3.3962351612681207,-3.333011049006557,-2.877109312520649,-3.281631808810317,-4.152993170456385,-3.4946948989777919,-3.6485094783928617,-3.689230480788249,-3.741606130336036,-3.197540199046763,-4.020476760299107],[-2.167057043843869,-1.3524991305734929,-0.7783022725297184,-1.0194318892221113,-0.9112308261895715,-0.05555768789658839,-1.3768374583363859,-0.9206205436739984,-1.5213284776297365,-1.401250472155241,-1.436823919451836,-0.9357298108472875,-0.0,-0.15930296661847627,-1.4763409195014268,-1.9538211127792229,-1.0124415521744486,-1.0805878441366624,-2.1219176846677199,-0.23024595537735324,-2.4999964447450377,-1.234976869353077,-2.019432129244707,-3.5206333017869935,-4.062170191297569,-3.7206002813476628,-3.66959053036991,-4.343029171545588,-4.241013314186476,-4.074445692748437,-3.716900793340405,-3.2461499240157116,-4.084996366763896,-4.133158544093777,-3.5843442679761097,-3.600677271866242,-3.6708712153246108,-3.8325613138666139,-3.296074283230263,-4.136336305485721,-3.539283515209097,-3.934335645594587,-3.966735518242437,-3.859043462084582,-3.471228710652311,-4.192803307247534,-3.428822742718077,-3.7808634228957618,-3.376634902798079,-3.3123786614693886,-3.4863950884357668,-3.0259430947934988,-4.200269322021736,-3.4471477343764707,-3.559526140585284,-3.3127615859051069,-3.706988215953916,-3.2152760405033349,-3.5877944125499678,-3.9700849813249965,-3.925027623729968,-3.180918506857461,-3.9378144767749245,-3.221739197864513,-3.83537995814188,-3.540506976725637,-3.8166793168386099,-3.757260183183846,-3.388251116389251,-3.345369809384035,-3.2145731245164446,-2.5168407818847569,-3.10308911613285,-3.2400014175427285,-3.5537838522877869,-2.6065956864945258,-2.804628350821222,-3.252950062788546,-3.484368187718891,-3.221159089538416,-3.804891533066199,-3.0364488675005179,-3.0242484376569278,-2.499235375349488,-2.8987961023998558,-3.925866746814499,-3.156384507160123,-3.341253804799901,-3.3348504325405594,-3.4605606064806868,-2.9322921013786447,-3.849188670474842],[-2.3664871112543466,-1.31709376217811,-0.7469479939656305,-1.3988542909921225,-1.293556762323689,-0.09940606503989377,-1.6247913090352273,-1.140323775730548,-1.8000322018407469,-1.285614808919285,-1.761646424149269,-1.2899924700050929,-0.15930296661847627,-0.0,-1.71937735823888,-2.109158484339082,-1.3923957359854889,-1.2082866635739047,-2.1317520444991038,-0.012406502487810953,-2.590606788214701,-1.2844925300072776,-2.064002975949052,-3.4037785453150226,-3.99380958483575,-3.609696607804465,-3.559681726938656,-4.27174516447232,-4.162306309035249,-4.00263796905852,-3.617525362933746,-3.1136482689467916,-4.009912306908899,-4.072043421898507,-3.478787083652157,-3.4794090404986979,-3.5621757983635158,-3.7319009799013296,-3.164286103738998,-4.064525769644735,-3.4267230340302299,-3.832336069308888,-3.9022713043333168,-3.7477243167193716,-3.358790945402761,-4.112249265184759,-3.324450291242047,-3.728800864235992,-3.270892674220386,-3.2883378442119959,-3.3974751842989199,-2.8844601235704578,-4.142655071170625,-3.3912947103522876,-3.4531867174775776,-3.1823488485774056,-3.621258618492432,-3.1610980831561714,-3.519282850969607,-3.916338182654874,-3.874110698715879,-3.067730466265056,-3.926587541693291,-3.1832926398966019,-3.798779667492906,-3.4743577374988194,-3.7928151871737345,-3.6918172896517675,-3.3270870229037508,-3.201423059201523,-3.050947081637866,-2.2780369449112,-2.943302715585951,-3.07842134193939,-3.430379794258757,-2.464849797090923,-2.6446132120206626,-3.0949674222680985,-3.345097690624215,-3.104730146179488,-3.67889926234221,-2.8628660470108659,-2.8648363950764148,-2.30330976246869,-2.71348862594536,-3.815751873195036,-2.9930880123505338,-3.1927490488337355,-3.176737834787814,-3.3227621803851417,-2.784884718398655,-3.7516514832043987],[-0.6748629899467431,-2.53689187484121,-1.2341693489544905,-1.0494038872020915,-0.7652265247655655,-1.6697740740614718,-0.015027720607801084,-0.44525477372787189,-0.17163149224244096,-1.605840496054296,-1.4998639109692549,-0.4745013506135193,-1.4763409195014268,-1.71937735823888,-0.0,-0.477970121983022,-0.9988092046768509,-0.6591739192100663,-1.5373536677618054,-1.7410545963190867,-1.4221562670156492,-0.9467068473799423,-1.2513304076728178,-3.687250388619535,-4.055241123262854,-3.895571172551,-3.827162202102447,-4.396253095497539,-4.321684874873383,-4.0880331390308088,-3.8228051521792638,-3.442917961176894,-4.11833145963437,-4.098253208106591,-3.699898802259132,-3.812450868323892,-3.821501938673209,-3.968733614773343,-3.499415994228427,-4.1596060272148949,-3.6852441724991125,-4.101470359332394,-3.9250780701825329,-4.072174147754723,-3.6032030441013735,-4.276139610820981,-3.5101524305858966,-3.6496717677950549,-3.4562267202577447,-2.976143599495088,-3.4974199242614549,-3.2269497605322674,-4.156553892037439,-3.2871083251571089,-3.674737396923062,-3.512011430372526,-3.7367288067672845,-3.015057908063792,-3.5108762892626679,-3.8741602624895434,-3.8085747221836296,-3.2662295175450688,-3.633340121058703,-2.944417876915972,-3.6360127875603576,-3.444877609789436,-3.553530008199515,-3.6897835515627879,-3.246172102735302,-3.634532258473103,-3.6013935484454104,-3.1781785589599615,-3.4212566759581506,-3.621720980693758,-3.767329128933281,-2.7497373723971139,-3.058014404807286,-3.6104672215529209,-3.787144595696684,-3.3293258606850468,-4.147107455283519,-3.4222501140123815,-3.319474002127453,-2.8703605426260085,-3.312485454909305,-4.150003870743683,-3.5150550101147326,-3.6611030043025938,-3.741784364775983,-3.7438266313238559,-3.1461775757467049,-3.9699333027246066],[-0.6438236449278904,-2.88416504431194,-1.496083878681396,-1.7227898977030117,-1.489642464990418,-2.1130249416216015,-0.5409079863775125,-0.9286389341503951,-0.8185413070500333,-1.6386109222294197,-2.070845348633729,-1.2272404630439747,-1.9538211127792229,-2.109158484339082,-0.477970121983022,-0.0,-1.6821286034343853,-0.9097001905476041,-1.1273691546956613,-2.1106213641523405,-0.6840602033143634,-1.0339855226227537,-0.7863284914052481,-3.618132599037839,-3.9330948677982509,-3.838579109569442,-3.7602796666720654,-4.311955008113925,-4.245050028527035,-3.975262551798846,-3.73504639099858,-3.376156306606728,-4.014551577539969,-3.9674176585428304,-3.610840728790535,-3.7666636416380578,-3.751599080443459,-3.8992974434006064,-3.437411345666665,-4.053713535901063,-3.6077745562029586,-4.0501767134012109,-3.7835921008559225,-4.038298421490651,-3.516773310628587,-4.198661351924195,-3.3995423779699265,-3.459968940333182,-3.3427822989977304,-2.66369177149078,-3.357601880797577,-3.154438857323627,-4.025118215958582,-3.0667480621758584,-3.584498145256888,-3.4488692458777225,-3.614791959947683,-2.764256355848639,-3.335707704308244,-3.70957892740096,-3.632913852239322,-3.1481504618484998,-3.383268852691531,-2.655678023823434,-3.420032871856861,-3.2589302088407048,-3.309845601793701,-3.5269853817948677,-3.0313717360187786,-3.611921028440409,-3.6157692699630816,-3.275321763121396,-3.401213076165758,-3.6350524731015168,-3.7203209639901337,-2.644802956607503,-3.001478550072114,-3.6137305973511575,-3.776747227426662,-3.222807858051941,-4.171356833761033,-3.428217750518822,-3.2868221646219926,-2.8549383263150838,-3.324571482392237,-4.124119967745021,-3.5145207672375036,-3.6517871159367956,-3.771308760480675,-3.723652944276627,-3.0764003490500517,-3.8943719123066686],[-1.5528113263019719,-1.9105366252172243,-1.5245154046235726,-0.002799644513243828,-0.0719483679906537,-1.1713132870431494,-0.9516900301513492,-1.008779856221711,-0.7386840429411046,-2.0308984120723605,-0.34505269284582498,-0.2960525252517255,-1.0124415521744486,-1.3923957359854889,-0.9988092046768509,-1.6821286034343853,-0.0,-1.345206375279945,-2.315043680834163,-1.4676116421334047,-2.3518302288049486,-1.616244475021623,-2.139739934112245,-3.8640847476009827,-4.277534012356794,-4.044289355046453,-3.9927512366554978,-4.559570467720873,-4.477688468434684,-4.2979733728814699,-4.0152632043711249,-3.6340001309645908,-4.316251820127335,-4.328634168034294,-3.9010930020518979,-3.9505448858195777,-3.9913458700647927,-4.130217486596335,-3.680022891174312,-4.35838459787619,-3.8728812471867126,-4.232342611674979,-4.175063323500701,-4.179847528483886,-3.8073408696811636,-4.434901144140267,-3.7495544633306787,-3.9640688537990456,-3.702783812992667,-3.444940173652949,-3.770386986151478,-3.4438871398489456,-4.385241391883621,-3.6547865260201846,-3.8789378748365714,-3.6931508257990806,-3.974719285764637,-3.432538884186422,-3.819669484810401,-4.151232125706151,-4.100284900818326,-3.533233608104849,-4.002836008365388,-3.3988251463164325,-3.975899274517595,-3.7688000426071137,-3.9227755679839557,-3.9748809526339374,-3.612122667984756,-3.7513139112654847,-3.6644839215682007,-3.138300373448225,-3.550908554637795,-3.6849261520068494,-3.909785026371186,-3.058799192783851,-3.272266853886804,-3.690302313386536,-3.875723954859118,-3.5778525688005549,-4.160424073673774,-3.5132723714408424,-3.475817839012748,-3.0538154134195,-3.404352610695034,-4.242468892200881,-3.6081379545333425,-3.756425710834271,-3.769837282530631,-3.849699319916017,-3.3676278615783437,-4.1393166381365689],[-1.5187632810980454,-2.3548937577401598,-0.35153326970477619,-1.3855244481601564,-1.0995950660317462,-1.279221741209152,-0.5553999325976805,-0.12694134264493396,-1.0113022996413464,-0.7323545303569709,-1.8584042536615738,-0.8239635112662341,-1.0805878441366624,-1.2082866635739047,-0.6591739192100663,-0.9097001905476041,-1.345206375279945,-0.0,-1.0799308737691258,-1.1930025217254626,-1.5936507600908306,-0.10616450097108193,-0.8744893985058416,-3.3794606671732749,-3.845850261330383,-3.6161770788060756,-3.541570449970662,-4.202703963981551,-4.113055870460926,-3.874879639235235,-3.548311242836109,-3.0893729667580409,-3.9018693526800338,-3.9050057916664975,-3.40542853545906,-3.51560223095705,-3.5365200042699236,-3.706497832160566,-3.154521068394917,-3.951137388896582,-3.381449862831292,-3.849858297705023,-3.713937508461455,-3.810462027979956,-3.289959827322326,-4.062091479831159,-3.19543565302962,-3.4440080089774427,-3.133035156108589,-2.781205634202075,-3.2039122831589377,-2.8320985112717595,-3.973565629765983,-3.0369576767036068,-3.3766004911802307,-3.1699767112132237,-3.4730124125739119,-2.7337962551329295,-3.2563479558903238,-3.681562920667643,-3.617729867583193,-2.9072433424725094,-3.540959008697644,-2.6981247246599149,-3.468262225741274,-3.1884701165253288,-3.4161138167268945,-3.458250551040531,-2.978356520320236,-3.301680630984564,-3.2601299119859785,-2.775848253008178,-3.048483058280779,-3.2840415600756196,-3.4635983610248255,-2.2594067408249076,-2.6185476143555488,-3.2706210052398245,-3.4781614227322974,-2.975583303965969,-3.8927447838009088,-3.047075408956609,-2.9291277835630789,-2.3732213481690085,-2.915046740749244,-3.8969359229224476,-3.157912864909161,-3.3309135509587008,-3.4268298425435166,-3.4291235729688775,-2.7324065248052449,-3.711275110927802],[-1.9072216812660166,-2.9999576213642924,-1.3338033366445994,-2.34467068979886,-2.14600543141965,-2.238171958634149,-1.5131751621442374,-1.3808664334201382,-1.8704135257488937,-0.9795796251296346,-2.6627510926188657,-1.9373406650460384,-2.1219176846677199,-2.1317520444991038,-1.5373536677618054,-1.1273691546956613,-2.315043680834163,-1.0799308737691258,-0.0,-2.095395780608519,-1.0447016469002486,-0.8448382657516231,-0.11715361288957747,-3.106951281336345,-3.493688023228313,-3.3874373054078554,-3.2847171279530649,-3.9491825630312884,-3.8692893835150596,-3.542742433921414,-3.242711431021993,-2.804496321030735,-3.5892666166421778,-3.5434679596619587,-3.0859930973702567,-3.308902239107021,-3.2721029194955499,-3.4537687647611947,-2.8863260704863267,-3.6383989665127518,-3.0883900383317766,-3.6468673101451265,-3.313836252062981,-3.6463797902103778,-2.968120492954779,-3.8135333816930419,-2.8060837530429016,-2.9308335100853215,-2.7307501487189365,-1.980611801941151,-2.747329927142653,-2.515030727273225,-3.6179806954413458,-2.3998407497726057,-3.052104711855757,-2.899704034557638,-3.08492419854563,-1.9764716982468039,-2.7353448668057736,-3.240777076773178,-3.1521121841310855,-2.4706540575756228,-3.0129693442489215,-1.8824341254280626,-2.930551944743311,-2.637094992830238,-2.849693347441874,-2.989081899407989,-2.337333739108193,-3.1446529456381255,-3.198881430824048,-2.9299433612266037,-2.889029513951663,-3.2205884985700687,-3.2512156974429136,-1.8060811839933125,-2.336731589250463,-3.1805059189232707,-3.3590169097531659,-2.5760653033693448,-3.870172465504947,-2.9588081560464856,-2.730179757235569,-2.212197266405545,-2.8411696535817545,-3.755273666775275,-3.054746095370813,-3.2096652675165635,-3.407749737682601,-3.2832888664995938,-2.4171329237018379,-3.4448526202951688],[-2.3864491944447274,-1.380695085341413,-0.6948610965630271,-1.47556106590535,-1.3619272487080574,-0.17326048046359805,-1.6465072737117992,-1.1500872283340924,-1.835543050011922,-1.2108484022473463,-1.836792732609963,-1.3437403795488292,-0.23024595537735324,-0.012406502487810953,-1.7410545963190867,-2.1106213641523405,-1.4676116421334047,-1.1930025217254626,-2.095395780608519,-0.0,-2.5808937527181414,-1.2491329648440258,-2.0352245980459298,-3.3633235964303807,-3.964638222911869,-3.573209289270326,-3.522199419786851,-4.245479325161026,-4.134471004948412,-3.9732484430798875,-3.5812021189047584,-3.0670960623810217,-3.9803512678386019,-4.044469037313067,-3.4399400269378725,-3.440701998643106,-3.5247327978626146,-3.6974516088806115,-3.1188498013101344,-4.035846328220819,-3.386747527872218,-3.7997542858084198,-3.872527477005991,-3.7142815797636326,-3.317580898672014,-4.083717305206273,-3.2831243224144148,-3.698960243410829,-3.228586975647811,-3.2589769770537386,-3.3586932514892577,-2.8326581405981936,-4.116185260327664,-3.3571126552556636,-3.4138732592332596,-3.137306164791725,-3.585883813508934,-3.12444016911967,-3.484647120015293,-3.8881527492169716,-3.8459230445157654,-3.0213684742484747,-3.9061023266489944,-3.149851093829262,-3.7722316703060314,-3.4395248120194337,-3.768593687210592,-3.659619569982682,-3.291259077543059,-3.157732894910258,-3.006393110188625,-2.223330316289437,-2.8935119206768049,-3.034455655411212,-3.390685262382507,-2.4042438443739537,-2.5865512523664746,-3.0504672425298815,-3.3052802157170735,-3.058745262761743,-3.649219022805239,-2.8125267294086679,-2.812616606620165,-2.235280282516133,-2.6593610123098747,-3.783822588622047,-2.9457169816297217,-3.149623345705207,-3.1371582202249095,-3.281865584034207,-2.7306134091668339,-3.717539574625108],[-1.280967428990342,-3.2680887130196338,-2.014647594474655,-2.382516652068097,-2.2066568794592968,-2.621504924113911,-1.4730330261572593,-1.7056111129377443,-1.6858437417088044,-1.957646925577611,-2.643621983984498,-2.0083249534207687,-2.4999964447450377,-2.590606788214701,-1.4221562670156492,-0.6840602033143634,-2.3518302288049486,-1.5936507600908306,-1.0447016469002486,-2.5808937527181414,-0.0,-1.5783049932044178,-0.8290083728552864,-3.5709778839156449,-3.7915575051587169,-3.799023898256531,-3.7099377425890425,-4.218203991793976,-4.164424613761912,-3.847358428135424,-3.655392718226557,-3.3453728004681979,-3.8995227617265808,-3.8101826787934036,-3.5350593271077579,-3.745294051608294,-3.6973164150613244,-3.8398848942674119,-3.409650546752886,-3.9340479475148646,-3.5491533251237694,-4.011283063028582,-3.6158573824787147,-4.023368579791082,-3.4497676529322889,-4.1180312950954029,-3.3028274626596776,-3.222638014770354,-3.2453325322564727,-2.241716017658858,-3.2166210190479136,-3.130607116902139,-3.86478989590832,-2.8016873418818775,-3.5082840015259957,-3.418887748211448,-3.4878050589027405,-2.4723675186386169,-3.1344552401775225,-3.5046292650213766,-3.4116161295788789,-3.0577760092683965,-3.02500961421199,-2.294464175085837,-3.133056533079991,-3.0436272729442805,-2.97202446891215,-3.3353544730163979,-2.78124982709301,-3.6275948286526,-3.676537718586214,-3.441415101207538,-3.43072890881783,-3.693764793622779,-3.6992090209502574,-2.6251532750823158,-3.0115556155710929,-3.6613699920792257,-3.8009639694318326,-3.144437180968236,-4.225292478808121,-3.4879995311546536,-3.3071167743005867,-2.92967718287741,-3.3972306173167707,-4.117235754320709,-3.5621644008602177,-3.682408311119158,-3.843464391222044,-3.7376308947439256,-3.0624169521554465,-3.8262774482811947],[-1.706438414395341,-2.4395164433802116,-0.3002475819942114,-1.651886283704698,-1.3942141357846974,-1.4049486102752469,-0.8550481268998323,-0.3987917219649709,-1.303159881117796,-0.44036809672234808,-2.082474937328888,-1.1445801010765953,-1.234976869353077,-1.2844925300072776,-0.9467068473799423,-1.0339855226227537,-1.616244475021623,-0.10616450097108193,-0.8448382657516231,-1.2491329648440258,-1.5783049932044178,-0.0,-0.7002625424672943,-3.2586029344585487,-3.747220813782209,-3.510024855380284,-3.4299515376179596,-4.119913724869559,-4.026981539221766,-3.777295296021661,-3.4345295769103099,-2.9512170786158919,-3.805456759011389,-3.8101987515921347,-3.283504130695002,-3.4065489138518476,-3.424185173745562,-3.602889178247359,-3.021451476375804,-3.857116898232432,-3.259481770033609,-3.755736431513711,-3.609733305872731,-3.718208457163784,-3.161450862266762,-3.9738275880588946,-3.0589058524909125,-3.330510545089209,-2.9921940841061018,-2.648530767751408,-3.0676181479702966,-2.674993041221496,-3.882411740807456,-2.8987067652816367,-3.2528761685750875,-3.0376550353801208,-3.353593382651562,-2.575926533922695,-3.1267472900518138,-3.578864724505612,-3.513154890668477,-2.7500593980355805,-3.45870854571054,-2.547963312322953,-3.363934671341832,-3.0555006023369937,-3.3180998487581836,-3.3408713391974627,-2.83396453450174,-3.187124117620513,-3.1563305351167725,-2.6866662413534438,-2.9196457039933727,-3.1811298525686935,-3.3515483805634109,-2.0485575753319,-2.448565037210425,-3.163065005194457,-3.3768165917651955,-2.824235998561684,-3.822661830396659,-2.9274927995085378,-2.788572679250214,-2.1959934358319734,-2.7895809704512417,-3.8103497915463047,-3.0425126596449729,-3.2221972330443759,-3.3381713686704255,-3.32220371028864,-2.5683320870956907,-3.6071550534418459],[-1.644166850248422,-2.9430346693935207,-1.252578809086292,-2.1724530511245789,-1.9578836862580858,-2.1515555713943548,-1.23309500298142,-1.1584309273453073,-1.6171782751418347,-1.0382192652544158,-2.5088539567100645,-1.727801687314486,-2.019432129244707,-2.064002975949052,-1.2513304076728178,-0.7863284914052481,-2.139739934112245,-0.8744893985058416,-0.11715361288957747,-2.0352245980459298,-0.8290083728552864,-0.7002625424672943,-0.0,-3.240246720699933,-3.610657650220318,-3.5037615400777799,-3.4083648005741145,-4.043820815658191,-3.9670299002849176,-3.657499642327327,-3.372549342730484,-2.9534126556115645,-3.701686041532841,-3.656336354100335