{"name":"DynamicObjectArray","generic":13,"parameters":{"array":[{"name":"MatrixSerializable","generic":11,"parameters":{"name":"km_train","value":[[1.0,0.0452437597917353,0.06518792330085911,0.0018113536372924408,0.10537874473183978,1.34414611179206e-14,0.2430543054286709,0.02351377014825439,0.021757724841603534,0.021729908664696208,0.0017836995229189243,0.000027654258817200315,0.0017803792520739513,0.0914904016172392,8.097983305789687e-8,0.05178369128049259,0.023582198985581179,0.0018112536539257865,4.678811105530708e-15,0.04999999595100851,0.005017189909186863,0.0018113537391915608,0.01999528134376852,0.050000158042800998,0.05178377226031908,0.13040710621028474,4.843088847686189e-31,0.048810996879928538,8.11141990941476e-8,0.1517837683557775,0.021729908710458144,0.0018113537391868736,0.04348626546413879,0.00002707219624257665,1.6204923035299658e-7,0.05673145119266895,0.05356739078614039,0.0017733899240667596,0.02251699788303404,0.0217299896902912,0.10162470948629005,0.0688020747695081,1.0,0.0452437597917353,0.06518792330085911,0.0018113536372924408,0.10537874473183978,1.34414611179206e-14,0.2430543054286709,0.02351377014825439,0.021757724841603534,0.021729908664696208,0.0017836995229189243,0.000027654258817200315,0.0017803792520739513,0.0914904016172392,8.097983305789687e-8,0.05178369128049259,0.023582198985581179,0.0018112536539257865,4.678811105530708e-15,0.04999999595100851,0.005017189909186863,0.0018113537391915608,0.01999528134376852,0.050000158042800998,0.05178377226031908,0.13040710621028474,4.843088847686189e-31,0.048810996879928538,8.11141990941476e-8,0.1517837683557775,0.021729908710458144,0.0018113537391868736,0.04348626546413879,0.00002707219624257665,1.6204923035299658e-7,0.05673145119266895,0.05356739078614039,0.0017733899240667596,0.02251699788303404,0.0217299896902912,0.10162470948629005,0.0688020747695081,4.843088847686189e-31,0.048810996879928538,8.11141990941476e-8,0.1517837683557775,0.021729908710458144,0.0018113537391868736,0.04348626546413879,0.00002707219624257665],[0.0452437597917353,1.0,0.0018390382276775232,0.021729908709484888,0.00178369966728273,0.0017081703215242207,0.06688197498820847,0.0018390081490837112,0.10181143486114963,0.00543406170191195,0.021729910424380655,0.0018943974125323065,0.07162399138645222,0.09789277166298605,0.00002773519834576509,0.04348755252550155,0.0017805265700388937,0.05002513042052499,0.07172991042214089,0.023513610091672748,3.225590746266249e-25,1.6167383546164488e-45,4.305317303805288e-15,0.06521746651335979,0.025297307799951639,0.02354126431016954,0.001783699756860097,0.00011069785386890264,0.04524368247370579,0.021757564642896165,4.478868367879382e-11,0.00535118002648114,0.02175696121761995,0.04257222293776592,0.023513689167368298,0.14778817037900084,0.043515125756078489,0.021299806097192985,0.000026482019644769646,0.0018943975211469539,0.1232870922630773,0.0,0.0452437597917353,1.0,0.0018390382276775232,0.021729908709484888,0.00178369966728273,0.0017081703215242207,0.06688197498820847,0.0018390081490837112,0.10181143486114963,0.00543406170191195,0.021729910424380655,0.0018943974125323065,0.07162399138645222,0.09789277166298605,0.00002773519834576509,0.04348755252550155,0.0017805265700388937,0.05002513042052499,0.07172991042214089,0.023513610091672748,3.225590746266249e-25,1.6167383546164488e-45,4.305317303805288e-15,0.06521746651335979,0.025297307799951639,0.02354126431016954,0.001783699756860097,0.00011069785386890264,0.04524368247370579,0.021757564642896165,4.478868367879382e-11,0.00535118002648114,0.02175696121761995,0.04257222293776592,0.023513689167368298,0.14778817037900084,0.043515125756078489,0.021299806097192985,0.000026482019644769646,0.0018943975211469539,0.1232870922630773,0.0,0.001783699756860097,0.00011069785386890264,0.04524368247370579,0.021757564642896165,4.478868367879382e-11,0.00535118002648114,0.02175696121761995,0.04257222293776592],[0.06518792330085911,0.0018390382276775232,1.0,0.04345869655628722,3.2192237962514396e-38,8.840083424281839e-20,0.02169065435754104,0.0017837313649760256,0.00002773443138826507,3.8337180196793646e-54,0.0018389572949470623,0.06518800427846157,3.4338115317714669e-25,0.04894503231578174,0.0017837313201885888,0.02356826491297697,0.0017807198337418296,4.478496812572401e-11,0.05005392434356995,0.043486272506974999,0.09375598645895192,1.8462864124826107e-19,8.494532935859226e-20,0.0017837314097069735,0.0035949538478411669,0.1452395040886233,0.00005538788516689844,4.678866728521079e-15,8.102238771575565e-8,0.04348643446216151,0.06697165989995506,0.0035673007299640579,0.1499917730229994,0.0017462696220373485,0.099997307572692,0.06481018976763722,0.003595034824951799,4.384941347369535e-11,0.020808253999695368,0.05002627080021198,3.6857802250990199e-19,0.000026524711067191273,0.06518792330085911,0.0018390382276775232,1.0,0.04345869655628722,3.2192237962514396e-38,8.840083424281839e-20,0.02169065435754104,0.0017837313649760256,0.00002773443138826507,3.8337180196793646e-54,0.0018389572949470623,0.06518800427846157,3.4338115317714669e-25,0.04894503231578174,0.0017837313201885888,0.02356826491297697,0.0017807198337418296,4.478496812572401e-11,0.05005392434356995,0.043486272506974999,0.09375598645895192,1.8462864124826107e-19,8.494532935859226e-20,0.0017837314097069735,0.0035949538478411669,0.1452395040886233,0.00005538788516689844,4.678866728521079e-15,8.102238771575565e-8,0.04348643446216151,0.06697165989995506,0.0035673007299640579,0.1499917730229994,0.0017462696220373485,0.099997307572692,0.06481018976763722,0.003595034824951799,4.384941347369535e-11,0.020808253999695368,0.05002627080021198,3.6857802250990199e-19,0.000026524711067191273,0.00005538788516689844,4.678866728521079e-15,8.102238771575565e-8,0.04348643446216151,0.06697165989995506,0.0035673007299640579,0.1499917730229994,0.0017462696220373485],[0.0018113536372924408,0.021729908709484888,0.04345869655628722,1.0,0.0035675610055039645,0.00005296403499393195,0.001808131446968718,0.023541262404860917,0.07184052148174979,0.049999995993557758,0.001811353739186882,0.0018113536372924243,4.4705307988617829e-11,0.0034922258024105807,0.043459817331338929,0.04345981381197032,0.05171918033348307,1.3435860892534345e-10,0.025297307711516557,0.003567480025675585,3.2255859443916419e-25,0.04999999595100851,0.13693182093732784,0.001783780502672081,0.000027735193855024399,0.0017836995229189243,0.0017837805027519822,0.021729908665674044,0.000027654216266718917,0.0999999919020217,0.0017836995229189243,0.021729989645507099,0.04999869031605591,0.04894791687728715,0.0735135982760551,0.00002745916932879952,0.0017836993782355553,9.03734286852174e-20,0.047880610854881777,8.102462173785836e-8,0.021690057129670094,0.00002652544242917889,0.0018113536372924408,0.021729908709484888,0.04345869655628722,1.0,0.0035675610055039645,0.00005296403499393195,0.001808131446968718,0.023541262404860917,0.07184052148174979,0.049999995993557758,0.001811353739186882,0.0018113536372924243,4.4705307988617829e-11,0.0034922258024105807,0.043459817331338929,0.04345981381197032,0.05171918033348307,1.3435860892534345e-10,0.025297307711516557,0.003567480025675585,3.2255859443916419e-25,0.04999999595100851,0.13693182093732784,0.001783780502672081,0.000027735193855024399,0.0017836995229189243,0.0017837805027519822,0.021729908665674044,0.000027654216266718917,0.0999999919020217,0.0017836995229189243,0.021729989645507099,0.04999869031605591,0.04894791687728715,0.0735135982760551,0.00002745916932879952,0.0017836993782355553,9.03734286852174e-20,0.047880610854881777,8.102462173785836e-8,0.021690057129670094,0.00002652544242917889,0.0017837805027519822,0.021729908665674044,0.000027654216266718917,0.0999999919020217,0.0017836995229189243,0.021729989645507099,0.04999869031605591,0.04894791687728715],[0.10537874473183978,0.00178369966728273,3.2192237962514396e-38,0.0035675610055039645,0.9999999999999998,8.960974803613051e-15,0.04991105301772094,0.0035675612944044549,0.0035673993347299177,0.02172991046916934,6.880620924477871e-25,0.021785217098209854,1.6165820375064084e-7,0.04429037414296662,2.4298431220929137e-7,3.833823736701297e-54,0.0000276050232722657,0.02172870872245728,0.023513691072556039,8.102464233565341e-8,0.0016723714633103697,0.00002773519835636493,0.11370496606247063,0.10000000012988672,8.097983305798918e-8,0.0000277351983470074,0.04999999999999999,1.6209404528202569e-7,0.07172991042214054,0.0952436015427034,0.003567561473568562,4.478868368079964e-11,0.06518792330115106,7.927551040149998e-8,0.0035673990458378486,0.0017986470929927728,0.12172990055133833,7.927551040149998e-8,0.00002648210543082435,0.021729910425353908,0.07159844213890349,0.0017108936438208699,0.10537874473183978,0.00178369966728273,3.2192237962514396e-38,0.0035675610055039645,0.9999999999999998,8.960974803613051e-15,0.04991105301772094,0.0035675612944044549,0.0035673993347299177,0.02172991046916934,6.880620924477871e-25,0.021785217098209854,1.6165820375064084e-7,0.04429037414296662,2.4298431220929137e-7,3.833823736701297e-54,0.0000276050232722657,0.02172870872245728,0.023513691072556039,8.102464233565341e-8,0.0016723714633103697,0.00002773519835636493,0.11370496606247063,0.10000000012988672,8.097983305798918e-8,0.0000277351983470074,0.04999999999999999,1.6209404528202569e-7,0.07172991042214054,0.0952436015427034,0.003567561473568562,4.478868368079964e-11,0.06518792330115106,7.927551040149998e-8,0.0035673990458378486,0.0017986470929927728,0.12172990055133833,7.927551040149998e-8,0.00002648210543082435,0.021729910425353908,0.07159844213890349,0.0017108936438208699,0.04999999999999999,1.6209404528202569e-7,0.07172991042214054,0.0952436015427034,0.003567561473568562,4.478868368079964e-11,0.06518792330115106,7.927551040149998e-8],[1.34414611179206e-14,0.0017081703215242207,8.840083424281839e-20,0.00005296403499393195,8.960974803613051e-15,1.0000000000000003,7.740933794714614e-8,0.04790717429917729,0.047881002468696167,0.06868944411402123,7.754729003447832e-8,0.00010592806998786272,0.05006483289804396,7.591319156751237e-8,0.043325751501123967,0.005150837386978194,0.04779543796563013,0.04164191533685205,2.318900900085186e-31,0.04335223352076544,0.06770489401429154,7.754729003430152e-8,0.0,0.001761056770624566,0.04788061085488646,0.0,0.06868944415998793,0.0034427451155528809,0.020808829383919537,6.588967192071107e-25,0.00007944605892890659,0.00010592812145609505,0.041616504543701558,0.005042507521055367,0.001787693783048038,0.04923863618167364,1.5509456748831788e-7,0.0611127150352058,4.107217715663094e-11,0.001708170321605208,0.02591221320705945,0.021623240476999738,1.34414611179206e-14,0.0017081703215242207,8.840083424281839e-20,0.00005296403499393195,8.960974803613051e-15,1.0000000000000003,7.740933794714614e-8,0.04790717429917729,0.047881002468696167,0.06868944411402123,7.754729003447832e-8,0.00010592806998786272,0.05006483289804396,7.591319156751237e-8,0.043325751501123967,0.005150837386978194,0.04779543796563013,0.04164191533685205,2.318900900085186e-31,0.04335223352076544,0.06770489401429154,7.754729003430152e-8,0.0,0.001761056770624566,0.04788061085488646,0.0,0.06868944415998793,0.0034427451155528809,0.020808829383919537,6.588967192071107e-25,0.00007944605892890659,0.00010592812145609505,0.041616504543701558,0.005042507521055367,0.001787693783048038,0.04923863618167364,1.5509456748831788e-7,0.0611127150352058,4.107217715663094e-11,0.001708170321605208,0.02591221320705945,0.021623240476999738,0.06868944415998793,0.0034427451155528809,0.020808829383919537,6.588967192071107e-25,0.00007944605892890659,0.00010592812145609505,0.041616504543701558,0.005042507521055367],[0.2430543054286709,0.06688197498820847,0.02169065435754104,0.001808131446968718,0.04991105301772094,7.740933794714614e-8,1.0000000000000003,0.000027605023272265488,0.0017805265701186407,0.02169173924577188,1.6167156711773678e-7,8.08357746776479e-8,0.000027553637858894487,0.08667976567576608,8.088049023095208e-8,0.05169157531244625,3.422030883719781e-63,0.021745261570733464,0.000027605023276935974,4.470900714347693e-11,4.191852999472159e-11,0.02169125418734241,4.114003385984457e-11,0.05169157958552414,0.043382666577835047,0.04516303494480346,0.00002768599318518125,0.04516303498951694,0.0035886581633534527,0.00008281506981679701,0.02174646427859595,1.401146445842649e-14,0.04990966873765048,0.021261756765344289,0.001808131491677721,0.0017680372150397394,0.00008281519722632892,0.048968941510891168,0.0034101857211314226,0.06863481579168251,0.1992780741206371,0.06867976304879026,0.2430543054286709,0.06688197498820847,0.02169065435754104,0.001808131446968718,0.04991105301772094,7.740933794714614e-8,1.0000000000000003,0.000027605023272265488,0.0017805265701186407,0.02169173924577188,1.6167156711773678e-7,8.08357746776479e-8,0.000027553637858894487,0.08667976567576608,8.088049023095208e-8,0.05169157531244625,3.422030883719781e-63,0.021745261570733464,0.000027605023276935974,4.470900714347693e-11,4.191852999472159e-11,0.02169125418734241,4.114003385984457e-11,0.05169157958552414,0.043382666577835047,0.04516303494480346,0.00002768599318518125,0.04516303498951694,0.0035886581633534527,0.00008281506981679701,0.02174646427859595,1.401146445842649e-14,0.04990966873765048,0.021261756765344289,0.001808131491677721,0.0017680372150397394,0.00008281519722632892,0.048968941510891168,0.0034101857211314226,0.06863481579168251,0.1992780741206371,0.06867976304879026,0.00002768599318518125,0.04516303498951694,0.0035886581633534527,0.00008281506981679701,0.02174646427859595,1.401146445842649e-14,0.04990966873765048,0.021261756765344289],[0.02351377014825439,0.0018390081490837112,0.0017837313649760256,0.023541262404860917,0.0035675612944044549,0.04790717429917729,0.000027605023272265488,1.0000000000000003,8.102463765684157e-8,0.07173015340644841,0.050000000000004447,0.0217299087104672,0.10396812631290907,0.02304519611979852,8.957736717696726e-11,0.0553512565242198,0.10848387600469282,4.678645039732671e-15,0.0017836997121512869,0.000027654218507391554,0.06725294479566155,0.0017837806472022272,0.15807224271044507,0.06518981229776966,0.000055308432545273107,8.957736717696657e-11,0.000055308437014783108,0.05535109900209201,0.000027654263294836286,0.04999999999999977,0.12175756464386073,0.0018113539306586786,3.833717709414391e-54,0.000027072198430298298,0.021757643906559058,0.003597294141513031,0.0018113537389434724,0.001746159318224476,3.67131703320328e-54,4.678996117134911e-15,0.0018080319968914892,3.2998858553932575e-25,0.02351377014825439,0.0018390081490837112,0.0017837313649760256,0.023541262404860917,0.0035675612944044549,0.04790717429917729,0.000027605023272265488,1.0000000000000003,8.102463765684157e-8,0.07173015340644841,0.050000000000004447,0.0217299087104672,0.10396812631290907,0.02304519611979852,8.957736717696726e-11,0.0553512565242198,0.10848387600469282,4.678645039732671e-15,0.0017836997121512869,0.000027654218507391554,0.06725294479566155,0.0017837806472022272,0.15807224271044507,0.06518981229776966,0.000055308432545273107,8.957736717696657e-11,0.000055308437014783108,0.05535109900209201,0.000027654263294836286,0.04999999999999977,0.12175756464386073,0.0018113539306586786,3.833717709414391e-54,0.000027072198430298298,0.021757643906559058,0.003597294141513031,0.0018113537389434724,0.001746159318224476,3.67131703320328e-54,4.678996117134911e-15,0.0018080319968914892,3.2998858553932575e-25,0.000055308437014783108,0.05535109900209201,0.000027654263294836286,0.04999999999999977,0.12175756464386073,0.0018113539306586786,3.833717709414391e-54,0.000027072198430298298],[0.021757724841603534,0.10181143486114963,0.00002773443138826507,0.07184052148174979,0.0035673993347299177,0.047881002468696167,0.0017805265701186407,8.102463765684157e-8,0.9999999999999998,0.001839008193881761,0.10002765421850737,0.09999999190202076,0.049906927405588479,0.000054142961959673329,0.021729910425358588,0.030648406280278128,0.021718859210614676,4.4786206601893757e-11,0.08691964170142926,0.003567399334725239,0.06725294479565747,0.0017836997569399866,0.0016413127711179395,0.021729910424380558,8.957735992300703e-11,0.003567399334725239,4.478868358848417e-11,0.000027654218507391554,6.880620924169955e-25,0.00013827109253695838,0.11521738553935779,0.06518997421558028,0.000055306947880247937,0.023045806865350659,0.09345981328234743,0.005368321380049998,0.000027654261052921688,4.385062616856349e-11,0.000026559566931509556,0.000027654218507391679,8.941308670380013e-11,0.06880208034108886,0.021757724841603534,0.10181143486114963,0.00002773443138826507,0.07184052148174979,0.0035673993347299177,0.047881002468696167,0.0017805265701186407,8.102463765684157e-8,0.9999999999999998,0.001839008193881761,0.10002765421850737,0.09999999190202076,0.049906927405588479,0.000054142961959673329,0.021729910425358588,0.030648406280278128,0.021718859210614676,4.4786206601893757e-11,0.08691964170142926,0.003567399334725239,0.06725294479565747,0.0017836997569399866,0.0016413127711179395,0.021729910424380558,8.957735992300703e-11,0.003567399334725239,4.478868358848417e-11,0.000027654218507391554,6.880620924169955e-25,0.00013827109253695838,0.11521738553935779,0.06518997421558028,0.000055306947880247937,0.023045806865350659,0.09345981328234743,0.005368321380049998,0.000027654261052921688,4.385062616856349e-11,0.000026559566931509556,0.000027654218507391679,8.941308670380013e-11,0.06880208034108886,4.478868358848417e-11,0.000027654218507391554,6.880620924169955e-25,0.00013827109253695838,0.11521738553935779,0.06518997421558028,0.000055306947880247937,0.023045806865350659],[0.021729908664696208,0.00543406170191195,3.8337180196793646e-54,0.049999995993557758,0.02172991046916934,0.06868944411402123,0.02169173924577188,0.07173015340644841,0.001839008193881761,1.0,0.05002773528568369,0.000027735196109130805,0.02703059951950783,0.003573440571834799,0.021729910424385335,0.12173006252190048,0.0035610531400777866,0.023539962387645147,0.04345982084877047,0.021757564642896168,0.00007778460698749102,0.00008296265551845925,0.0016413127710444272,0.0035950535529105794,0.09351512171069493,0.02172991042439001,0.001811353885793562,0.001811434865628487,0.021729991403246806,0.02175756464288681,0.000027654263294836858,0.005351099091425534,0.021729307766077126,0.0017461594058383673,0.02540792457544115,0.005340781977980938,0.043487471539820177,0.023018734709735427,6.57733827783146e-63,0.07351361017900599,0.021690220503107185,0.047985654300317818,0.021729908664696208,0.00543406170191195,3.8337180196793646e-54,0.049999995993557758,0.02172991046916934,0.06868944411402123,0.02169173924577188,0.07173015340644841,0.001839008193881761,1.0,0.05002773528568369,0.000027735196109130805,0.02703059951950783,0.003573440571834799,0.021729910424385335,0.12173006252190048,0.0035610531400777866,0.023539962387645147,0.04345982084877047,0.021757564642896168,0.00007778460698749102,0.00008296265551845925,0.0016413127710444272,0.0035950535529105794,0.09351512171069493,0.02172991042439001,0.001811353885793562,0.001811434865628487,0.021729991403246806,0.02175756464288681,0.000027654263294836858,0.005351099091425534,0.021729307766077126,0.0017461594058383673,0.02540792457544115,0.005340781977980938,0.043487471539820177,0.023018734709735427,6.57733827783146e-63,0.07351361017900599,0.021690220503107185,0.047985654300317818,0.001811353885793562,0.001811434865628487,0.021729991403246806,0.02175756464288681,0.000027654263294836858,0.005351099091425534,0.021729307766077126,0.0017461594058383673],[0.0017836995229189243,0.021729910424380655,0.0018389572949470623,0.001811353739186882,6.880620924477871e-25,7.754729003447832e-8,1.6167156711773678e-7,0.050000000000004447,0.10002765421850737,0.05002773528568369,0.9999999999999998,0.0017836995229189076,4.470531160884635e-11,0.006984452214256632,2.421544941870671e-31,0.000027654485000037548,0.07165759799797107,0.001811253800600811,0.00002765421850739174,0.0018113539306727314,0.001672371505303603,0.021757726603540529,0.020046176267596976,2.555125727849578e-106,0.021729989645507199,0.06518973136563909,0.05005530843701477,0.00011069785386918185,4.678811484210486e-15,0.0017836996673626196,0.02172999140519352,1.620044679148487e-7,0.12356549146384122,0.005292622351538629,0.0018390889352878975,0.0017711076466950668,0.05246127758768792,0.02479196618357514,0.025933107579113117,0.021729910425363265,0.04338011768284632,0.2126795445892096,0.0017836995229189243,0.021729910424380655,0.0018389572949470623,0.001811353739186882,6.880620924477871e-25,7.754729003447832e-8,1.6167156711773678e-7,0.050000000000004447,0.10002765421850737,0.05002773528568369,0.9999999999999998,0.0017836995229189076,4.470531160884635e-11,0.006984452214256632,2.421544941870671e-31,0.000027654485000037548,0.07165759799797107,0.001811253800600811,0.00002765421850739174,0.0018113539306727314,0.001672371505303603,0.021757726603540529,0.020046176267596976,2.555125727849578e-106,0.021729989645507199,0.06518973136563909,0.05005530843701477,0.00011069785386918185,4.678811484210486e-15,0.0017836996673626196,0.02172999140519352,1.620044679148487e-7,0.12356549146384122,0.005292622351538629,0.0018390889352878975,0.0017711076466950668,0.05246127758768792,0.02479196618357514,0.025933107579113117,0.021729910425363265,0.04338011768284632,0.2126795445892096,0.05005530843701477,0.00011069785386918185,4.678811484210486e-15,0.0017836996673626196,0.02172999140519352,1.620044679148487e-7,0.12356549146384122,0.005292622351538629],[0.000027654258817200315,0.0018943974125323065,0.06518800427846157,0.0018113536372924243,0.021785217098209854,0.00010592806998786272,8.08357746776479e-8,0.0217299087104672,0.09999999190202076,0.000027735196109130805,0.0017836995229189076,0.9999999999999998,0.021689459486152475,0.00008129370976584954,0.023513608233376849,0.003567398756955127,9.215315482420627e-20,0.04524117666434661,1.619596661158838e-7,0.0035674801152482326,0.02037372952751691,0.000027654216267957516,0.046008660250012458,0.04524359796642992,0.02175764209983998,0.00002765421627263632,0.005351098568756723,0.02172990871047188,0.03243218682635155,0.00011061690986051027,0.0017837805027519653,0.09048703370851444,0.0499987712040724,0.06387186535830651,0.021729906950773635,0.000054918027350137157,0.06518972070919498,0.021272573669892188,0.10262007409965729,0.025297307756300435,0.02169005712966989,0.022553843300608668,0.000027654258817200315,0.0018943974125323065,0.06518800427846157,0.0018113536372924243,0.021785217098209854,0.00010592806998786272,8.08357746776479e-8,0.0217299087104672,0.09999999190202076,0.000027735196109130805,0.0017836995229189076,0.9999999999999998,0.021689459486152475,0.00008129370976584954,0.023513608233376849,0.003567398756955127,9.215315482420627e-20,0.04524117666434661,1.619596661158838e-7,0.0035674801152482326,0.02037372952751691,0.000027654216267957516,0.046008660250012458,0.04524359796642992,0.02175764209983998,0.00002765421627263632,0.005351098568756723,0.02172990871047188,0.03243218682635155,0.00011061690986051027,0.0017837805027519653,0.09048703370851444,0.0499987712040724,0.06387186535830651,0.021729906950773635,0.000054918027350137157,0.06518972070919498,0.021272573669892188,0.10262007409965729,0.025297307756300435,0.02169005712966989,0.022553843300608668,0.005351098568756723,0.02172990871047188,0.03243218682635155,0.00011061690986051027,0.0017837805027519653,0.09048703370851444,0.0499987712040724,0.06387186535830651],[0.0017803792520739513,0.07162399138645222,3.4338115317714669e-25,4.4705307988617829e-11,1.6165820375064084e-7,0.05006483289804396,0.000027553637858894487,0.10396812631290907,0.049906927405588479,0.02703059951950783,4.470531160884635e-11,0.021689459486152475,1.0,4.571782590112411e-15,0.021744666770287137,0.04990692336413399,0.00002763432315887702,0.05168444833953452,0.0018080630562690606,0.0,0.06103314778273762,0.001780379440954083,0.0,0.0017803793961690225,0.043379080675201329,0.021689461242561556,0.02352504612183526,0.05168738772035651,8.068644369767294e-46,0.021689461242561556,0.025250220124469724,0.04337892252982823,0.023469189725204739,0.0017700098594472607,0.02171714305452054,3.190635802940321e-38,4.67019386764361e-15,3.3616353273189559e-25,4.629169370675199e-31,4.4705311700990866e-11,0.045104034113190829,4.479480570724398e-15,0.0017803792520739513,0.07162399138645222,3.4338115317714669e-25,4.4705307988617829e-11,1.6165820375064084e-7,0.05006483289804396,0.000027553637858894487,0.10396812631290907,0.049906927405588479,0.02703059951950783,4.470531160884635e-11,0.021689459486152475,1.0,4.571782590112411e-15,0.021744666770287137,0.04990692336413399,0.00002763432315887702,0.05168444833953452,0.0018080630562690606,0.0,0.06103314778273762,0.001780379440954083,0.0,0.0017803793961690225,0.043379080675201329,0.021689461242561556,0.02352504612183526,0.05168738772035651,8.068644369767294e-46,0.021689461242561556,0.025250220124469724,0.04337892252982823,0.023469189725204739,0.0017700098594472607,0.02171714305452054,3.190635802940321e-38,4.67019386764361e-15,3.3616353273189559e-25,4.629169370675199e-31,4.4705311700990866e-11,0.045104034113190829,4.479480570724398e-15,0.02352504612183526,0.05168738772035651,8.068644369767294e-46,0.021689461242561556,0.025250220124469724,0.04337892252982823,0.023469189725204739,0.0017700098594472607],[0.0914904016172392,0.09789277166298605,0.04894503231578174,0.0034922258024105807,0.04429037414296662,7.591319156751237e-8,0.08667976567576608,0.02304519611979852,0.000054142961959673329,0.003573440571834799,0.006984452214256632,0.00008129370976584954,4.571782590112411e-15,0.9999999999999998,9.160436486380133e-15,0.02132615283118716,0.0017430068097631054,0.04254174961322671,0.00005422227921404837,0.09789277166737054,2.222563192763174e-31,0.05069249896397797,0.11907554872699956,0.07021839747060527,0.0,0.11916478326358637,0.02301828318564235,0.0425440231924315,0.044290215506460017,0.04894638587754845,0.07024546891088095,0.046063320758617198,0.000027070730178177444,7.760499886930436e-8,0.02301812277481497,0.04860084901866585,0.1681115519596223,1.552099887709659e-7,0.046897584835791299,0.000027150798234211955,9.02053049516137e-20,0.005024523666693429,0.0914904016172392,0.09789277166298605,0.04894503231578174,0.0034922258024105807,0.04429037414296662,7.591319156751237e-8,0.08667976567576608,0.02304519611979852,0.000054142961959673329,0.003573440571834799,0.006984452214256632,0.00008129370976584954,4.571782590112411e-15,0.9999999999999998,9.160436486380133e-15,0.02132615283118716,0.0017430068097631054,0.04254174961322671,0.00005422227921404837,0.09789277166737054,2.222563192763174e-31,0.05069249896397797,0.11907554872699956,0.07021839747060527,0.0,0.11916478326358637,0.02301828318564235,0.0425440231924315,0.044290215506460017,0.04894638587754845,0.07024546891088095,0.046063320758617198,0.000027070730178177444,7.760499886930436e-8,0.02301812277481497,0.04860084901866585,0.1681115519596223,1.552099887709659e-7,0.046897584835791299,0.000027150798234211955,9.02053049516137e-20,0.005024523666693429,0.02301828318564235,0.0425440231924315,0.044290215506460017,0.04894638587754845,0.07024546891088095,0.046063320758617198,0.000027070730178177444,7.760499886930436e-8],[8.097983305789687e-8,0.00002773519834576509,0.0017837313201885888,0.043459817331338929,2.4298431220929137e-7,0.043325751501123967,8.088049023095208e-8,8.957736717696726e-11,0.021729910425358588,0.021729910424385335,2.421544941870671e-31,0.023513608233376849,0.021744666770287137,9.160436486380133e-15,0.9999999999999998,2.7694904984068268e-19,0.003561134020727512,0.000027814639849586007,0.10000008106942589,0.06700116618656002,8.399524039669442e-11,8.097983961563047e-8,3.1656817577549555e-25,0.0035679661934427287,0.0017836995677122832,4.478868368079984e-11,0.005351180026716158,9.23163574226567e-20,0.000055308526594351636,0.051783699667362608,0.07172991042535856,2.421544619939354e-31,2.421478104557739e-31,0.048947683102246907,0.05002789310677564,0.021658885190605733,3.440312604725633e-25,0.003492318636458129,0.001708092731420492,0.005351099002087858,1.6166265316799994e-7,0.06882860578566606,8.097983305789687e-8,0.00002773519834576509,0.0017837313201885888,0.043459817331338929,2.4298431220929137e-7,0.043325751501123967,8.088049023095208e-8,8.957736717696726e-11,0.021729910425358588,0.021729910424385335,2.421544941870671e-31,0.023513608233376849,0.021744666770287137,9.160436486380133e-15,0.9999999999999998,2.7694904984068268e-19,0.003561134020727512,0.000027814639849586007,0.10000008106942589,0.06700116618656002,8.399524039669442e-11,8.097983961563047e-8,3.1656817577549555e-25,0.0035679661934427287,0.0017836995677122832,4.478868368079984e-11,0.005351180026716158,9.23163574226567e-20,0.000055308526594351636,0.051783699667362608,0.07172991042535856,2.421544619939354e-31,2.421478104557739e-31,0.048947683102246907,0.05002789310677564,0.021658885190605733,3.440312604725633e-25,0.003492318636458129,0.001708092731420492,0.005351099002087858,1.6166265316799994e-7,0.06882860578566606,0.005351180026716158,9.23163574226567e-20,0.000055308526594351636,0.051783699667362608,0.07172991042535856,2.421544619939354e-31,2.421478104557739e-31,0.048947683102246907],[0.05178369128049259,0.04348755252550155,0.02356826491297697,0.04345981381197032,3.833823736701297e-54,0.005150837386978194,0.05169157531244625,0.0553512565242198,0.030648406280278128,0.12173006252190048,0.000027654485000037548,0.003567398756955127,0.04990692336413399,0.02132615283118716,2.7694904984068268e-19,1.0,0.08857314121483109,6.88023984249721e-25,9.231634994689379e-20,0.05002765025685382,0.09097133560727013,0.02175756288193742,0.0016413871949008553,0.0000553084325334381,0.021729987885811657,0.051811511649866168,0.0017836995229189243,0.001783699522918916,9.231634994275862e-20,0.001783699657284964,0.0017836995677076042,0.07054082461055819,0.000027734561254165089,0.024791964175925938,0.02708100504141088,0.07125098667785707,0.005378752348731474,0.021299645909976424,0.000026559564780720349,0.0651897259970084,0.10159710598647205,7.78033265347891e-8,0.05178369128049259,0.04348755252550155,0.02356826491297697,0.04345981381197032,3.833823736701297e-54,0.005150837386978194,0.05169157531244625,0.0553512565242198,0.030648406280278128,0.12173006252190048,0.000027654485000037548,0.003567398756955127,0.04990692336413399,0.02132615283118716,2.7694904984068268e-19,1.0,0.08857314121483109,6.88023984249721e-25,9.231634994689379e-20,0.05002765025685382,0.09097133560727013,0.02175756288193742,0.0016413871949008553,0.0000553084325334381,0.021729987885811657,0.051811511649866168,0.0017836995229189243,0.001783699522918916,9.231634994275862e-20,0.001783699657284964,0.0017836995677076042,0.07054082461055819,0.000027734561254165089,0.024791964175925938,0.02708100504141088,0.07125098667785707,0.005378752348731474,0.021299645909976424,0.000026559564780720349,0.0651897259970084,0.10159710598647205,7.78033265347891e-8,0.0017836995229189243,0.001783699522918916,9.231634994275862e-20,0.001783699657284964,0.0017836995677076042,0.07054082461055819,0.000027734561254165089,0.024791964175925938],[0.023582198985581179,0.0017805265700388937,0.0017807198337418296,0.05171918033348307,0.0000276050232722657,0.04779543796563013,3.422030883719781e-63,0.10848387600469282,0.021718859210614676,0.0035610531400777866,0.07165759799797107,9.215315482420627e-20,0.00002763432315887702,0.0017430068097631054,0.003561134020727512,0.08857314121483109,1.0000000000000003,9.214703566206329e-20,1.8430426405905573e-19,0.04877937896736649,0.06880270215802725,0.09982218673709607,0.019959786867422708,0.00712210628015554,2.4250732403266955e-7,0.025252388163360913,0.07338283368576397,0.08682022679591378,0.021691254231079695,0.05347210606854019,0.02169125418734708,0.0434101134426659,1.4011075863847214e-14,0.14658182385942068,4.4709003522948458e-11,0.021565535099672178,0.023499464710373988,4.3768046191082748e-11,8.94503375424636e-15,1.616715624472486e-7,0.021679027894064348,0.02080587309319994,0.023582198985581179,0.0017805265700388937,0.0017807198337418296,0.05171918033348307,0.0000276050232722657,0.04779543796563013,3.422030883719781e-63,0.10848387600469282,0.021718859210614676,0.0035610531400777866,0.07165759799797107,9.215315482420627e-20,0.00002763432315887702,0.0017430068097631054,0.003561134020727512,0.08857314121483109,1.0000000000000003,9.214703566206329e-20,1.8430426405905573e-19,0.04877937896736649,0.06880270215802725,0.09982218673709607,0.019959786867422708,0.00712210628015554,2.4250732403266955e-7,0.025252388163360913,0.07338283368576397,0.08682022679591378,0.021691254231079695,0.05347210606854019,0.02169125418734708,0.0434101134426659,1.4011075863847214e-14,0.14658182385942068,4.4709003522948458e-11,0.021565535099672178,0.023499464710373988,4.3768046191082748e-11,8.94503375424636e-15,1.616715624472486e-7,0.021679027894064348,0.02080587309319994,0.07338283368576397,0.08682022679591378,0.021691254231079695,0.05347210606854019,0.02169125418734708,0.0434101134426659,1.4011075863847214e-14,0.14658182385942068],[0.0018112536539257865,0.05002513042052499,4.478496812572401e-11,1.3435860892534345e-10,0.02172870872245728,0.04164191533685205,0.021745261570733464,4.678645039732671e-15,4.4786206601893757e-11,0.023539962387645147,0.001811253800600811,0.04524117666434661,0.05168444833953452,0.04254174961322671,0.000027814639849586007,6.88023984249721e-25,9.214703566206329e-20,1.0000000000000003,0.0017838441271339023,0.027079511788174465,0.020372528552275065,0.021728789742604606,0.06600029658404347,0.045241018375221379,0.02529590876259639,0.04345741740013303,6.880242821068606e-25,0.24344643756092153,0.05005254018355793,0.000027652778695083024,0.050024887496682209,0.05002488749668198,0.05002374302357035,0.0018272748525985496,4.478620297511437e-11,0.021575395349384395,0.021756359602048464,0.1192425630795211,0.11661696090159662,0.08691499670619273,0.0951188757036895,0.04342092062090803,0.0018112536539257865,0.05002513042052499,4.478496812572401e-11,1.3435860892534345e-10,0.02172870872245728,0.04164191533685205,0.021745261570733464,4.678645039732671e-15,4.4786206601893757e-11,0.023539962387645147,0.001811253800600811,0.04524117666434661,0.05168444833953452,0.04254174961322671,0.000027814639849586007,6.88023984249721e-25,9.214703566206329e-20,1.0000000000000003,0.0017838441271339023,0.027079511788174465,0.020372528552275065,0.021728789742604606,0.06600029658404347,0.045241018375221379,0.02529590876259639,0.04345741740013303,6.880242821068606e-25,0.24344643756092153,0.05005254018355793,0.000027652778695083024,0.050024887496682209,0.05002488749668198,0.05002374302357035,0.0018272748525985496,4.478620297511437e-11,0.021575395349384395,0.021756359602048464,0.1192425630795211,0.11661696090159662,0.08691499670619273,0.0951188757036895,0.04342092062090803,6.880242821068606e-25,0.24344643756092153,0.05005254018355793,0.000027652778695083024,0.050024887496682209,0.05002488749668198,0.05002374302357035,0.0018272748525985496],[4.678811105530708e-15,0.07172991042214089,0.05005392434356995,0.025297307711516557,0.023513691072556039,2.318900900085186e-31,0.000027605023276935974,0.0017836997121512869,0.08691964170142926,0.04345982084877047,0.00002765421850739174,1.619596661158838e-7,0.0018080630562690606,0.00005422227921404837,0.10000008106942589,9.231634994689379e-20,1.8430426405905573e-19,0.0017838441271339023,1.0000000000000003,0.021785299842212888,0.022046026715150454,0.023541264311228495,0.000025446714126946543,0.023513610136451855,3.4403126051875886e-25,0.0217577266931178,0.0017836996673626115,8.097983961562974e-8,0.021730072384059577,0.0017836996673626115,0.043459820850712298,0.001811353930658678,0.00002765345154406379,0.001746159318224476,0.0,0.023347615856313353,0.0217299086627494,7.927551040149961e-8,0.022516999792232645,0.00005530843701946192,3.8267929926735487e-54,0.00005305088915440933,4.678811105530708e-15,0.07172991042214089,0.05005392434356995,0.025297307711516557,0.023513691072556039,2.318900900085186e-31,0.000027605023276935974,0.0017836997121512869,0.08691964170142926,0.04345982084877047,0.00002765421850739174,1.619596661158838e-7,0.0018080630562690606,0.00005422227921404837,0.10000008106942589,9.231634994689379e-20,1.8430426405905573e-19,0.0017838441271339023,1.0000000000000003,0.021785299842212888,0.022046026715150454,0.023541264311228495,0.000025446714126946543,0.023513610136451855,3.4403126051875886e-25,0.0217577266931178,0.0017836996673626115,8.097983961562974e-8,0.021730072384059577,0.0017836996673626115,0.043459820850712298,0.001811353930658678,0.00002765345154406379,0.001746159318224476,0.0,0.023347615856313353,0.0217299086627494,7.927551040149961e-8,0.022516999792232645,0.00005530843701946192,3.8267929926735487e-54,0.00005305088915440933,0.0017836996673626115,8.097983961562974e-8,0.021730072384059577,0.0017836996673626115,0.043459820850712298,0.001811353930658678,0.00002765345154406379,0.001746159318224476],[0.04999999595100851,0.023513610091672748,0.043486272506974999,0.003567480025675585,8.102464233565341e-8,0.04335223352076544,4.470900714347693e-11,0.000027654218507391554,0.003567399334725239,0.021757564642896168,0.0018113539306727314,0.0035674801152482326,0.0,0.09789277166737054,0.06700116618656002,0.05002765025685382,0.04877937896736649,0.027079511788174465,0.021785299842212888,0.9999999999999998,0.04079916690832346,0.003567399334725239,0.04165739980305563,0.00008304368014675447,8.102462173795067e-8,0.021729910514931274,0.00002765421851207058,0.021812873080875988,0.00359505355307158,0.07351361009271652,0.09999999999999998,0.04345990183054723,0.05002626679410926,0.06387187044294822,0.04348747154760688,0.021631426196943285,0.050000077013709499,0.0034923186802950148,4.480487401806506e-15,0.00011061687403892433,0.000027603546741184859,0.001710893643816382,0.04999999595100851,0.023513610091672748,0.043486272506974999,0.003567480025675585,8.102464233565341e-8,0.04335223352076544,4.470900714347693e-11,0.000027654218507391554,0.003567399334725239,0.021757564642896168,0.0018113539306727314,0.0035674801152482326,0.0,0.09789277166737054,0.06700116618656002,0.05002765025685382,0.04877937896736649,0.027079511788174465,0.021785299842212888,0.9999999999999998,0.04079916690832346,0.003567399334725239,0.04165739980305563,0.00008304368014675447,8.102462173795067e-8,0.021729910514931274,0.00002765421851207058,0.021812873080875988,0.00359505355307158,0.07351361009271652,0.09999999999999998,0.04345990183054723,0.05002626679410926,0.06387187044294822,0.04348747154760688,0.021631426196943285,0.050000077013709499,0.0034923186802950148,4.480487401806506e-15,0.00011061687403892433,0.000027603546741184859,0.001710893643816382,0.00002765421851207058,0.021812873080875988,0.00359505355307158,0.07351361009271652,0.09999999999999998,0.04345990183054723,0.05002626679410926,0.06387187044294822],[0.005017189909186863,3.225590746266249e-25,0.09375598645895192,3.2255859443916419e-25,0.0016723714633103697,0.06770489401429154,4.191852999472159e-11,0.06725294479566155,0.06725294479565747,0.00007778460698749102,0.001672371505303603,0.02037372952751691,0.06103314778273762,2.222563192763174e-31,8.399524039669442e-11,0.09097133560727013,0.06880270215802725,0.020372528552275065,0.022046026715150454,0.04079916690832346,1.0000000000000003,0.06725302072120444,8.332303263901906e-38,7.57915454426731e-46,0.0017242277283433404,0.025390769641762523,0.048551661007136429,0.048551661007149349,0.020373655292911943,0.0016724473888573408,8.773574331964316e-15,3.225586205599048e-25,0.022071342814887829,0.20572380275461889,0.11413222509709219,0.0,0.000026004125767991875,0.01994486454672513,7.270724565882391e-8,8.399524022358509e-11,0.10947156836084755,2.1855995642654104e-7,0.005017189909186863,3.225590746266249e-25,0.09375598645895192,3.2255859443916419e-25,0.0016723714633103697,0.06770489401429154,4.191852999472159e-11,0.06725294479566155,0.06725294479565747,0.00007778460698749102,0.001672371505303603,0.02037372952751691,0.06103314778273762,2.222563192763174e-31,8.399524039669442e-11,0.09097133560727013,0.06880270215802725,0.020372528552275065,0.022046026715150454,0.04079916690832346,1.0000000000000003,0.06725302072120444,8.332303263901906e-38,7.57915454426731e-46,0.0017242277283433404,0.025390769641762523,0.048551661007136429,0.