{"name":"DynamicObjectArray","generic":13,"parameters":{"array":[{"name":"MatrixSerializable","generic":11,"parameters":{"name":"km_train","value":[[1.0,0.11129115788069305,0.6397743601702874,0.6731192262687127,0.717842330454115,0.31803126806244666,0.9361438173910852,0.8342753393271972,0.9250382727086176,0.7451150012849641,0.641190982414864,0.7787769523382231,0.39564178711597927,0.28765142969088666,0.9519081655570328,0.9956574183357339,0.68378132864457,0.8725335476060995,0.9049297776583444,0.27765787245486547,0.810511082726314,0.8936597411865029,0.9531292029581678,0.9734561824072769,0.2885034916454248,0.9941420213838567,0.9644604804163508,0.6361368428870126,0.760858171995134,0.38311523504801889,0.7831772863209549,0.999998517014499,0.4841009085760128,0.19221892024590876,0.8025782257531103,0.9866832971648871,0.9477461268090253,0.9234489715097591,0.9983813057184483,0.4417588678904412,0.9203273261701144,0.9944199473590576,0.15216145281136363,0.9696268816260235,0.8570351013756075,0.7653335849559289,0.5690690161001887,0.010361415140686205,0.5375248024802474,0.012816604000024408,0.22234420187828983,0.996306828667116,0.1701761545242161,0.00022514431357075054,0.795822330151925,0.9997774143872487,0.3786442885283911,0.00022132293508528926,0.03627197630986105,0.04490476278415575,0.023215260155742144,0.4737793305562986,0.0004977429512591738,0.005969862170494869,0.00025867275076309546,0.016756208939637714,0.00000633083591592246,0.06841150180952306,0.0004413835719221055,0.7556641896484813,0.3447349830400497,0.0015057667689401236,0.5863214122333277,0.36419404018719228,0.9858684043976628,0.004454313226249423,0.6438358913271668,0.45640909892589628,0.6926594013778561,0.6568603292829578,0.42914993902202105,0.3134494841081306,0.6514043410565291,0.01039498416598978,0.19398461882317656,0.9359421874631987,0.4378988974560423,0.6211467769518947,0.2762348466044759,0.779389292246854,0.9570870591865395,0.8714278877101601],[0.11129115788069305,1.0,0.6045195116157341,0.5704842950308723,0.5236997814621834,0.8955758665470955,0.2616402539708941,0.3939605818636067,0.27783172007486947,0.4944587278573374,0.6030874433387332,0.4575045622646287,0.8328506162056167,0.9180756205607232,0.2371973972575188,0.08433768759510527,0.5594533286464094,0.3475211600945437,0.0215510417830614,0.9251600497667507,0.0070973089200700258,0.32053865291489189,0.0392058073641146,0.19920243027805169,0.9174638616287081,0.1486698210963288,0.21595121739782403,0.6081911593701205,0.47730317882799219,0.843403146055226,0.45259498210202339,0.11183376518072445,0.7546435646513255,0.9769385301639594,0.4307045474272603,0.06708517271149323,0.2438520124078024,0.28009372940763158,0.09428016683102617,0.7928265465277511,0.28450076842752206,0.14769275442875882,0.9931036867915452,0.04970034850334014,0.3666594928336186,0.47238642102437147,0.674491169574921,0.8420985585759432,0.704762915286878,0.10885490699398844,0.9608086334812974,0.08626828543030697,0.9867230352133082,0.602246211234721,0.4383742607985528,0.10477676745466214,0.8471334721993459,0.29952185792858307,0.9472965851608562,0.9628343305576156,0.9112246155589057,0.7640673914518152,0.2700882578740714,0.15123690506318386,0.6078851308969279,0.8833671003330028,0.3823161529892857,0.9876067014251982,0.6314605766972811,0.00350857661155905,0.00004510527227739139,0.22218328044355038,0.00014795166164041458,0.0000182350889903125,0.06596539870599089,0.1671495324684794,0.0005697323984696508,9.123040771012258e-9,0.0013755893651511225,0.5871658634168903,2.0290603750432674e-8,0.00014325819846613578,0.0006611745584823055,0.12049509329472358,0.00267080625955768,0.03135586101442671,5.909246208484846e-10,0.0003523416535434799,0.0004245483205630363,0.004803424479789116,0.04139217681845408,0.3489032445126557],[0.6397743601702874,0.6045195116157341,1.0,0.9986231145036544,0.9922634493946031,0.8745391705586975,0.8504461023984337,0.9467074276892917,0.865547000141925,0.9856498203039185,0.9999975493433949,0.9743232532981946,0.9291494390568428,0.847940241390124,0.8255184675742215,0.5795596172406646,0.9975890108829075,0.9194503950793229,0.3580405727330811,0.8384639769816338,0.25029726400490628,0.9005684382680635,0.44072545375811469,0.7809661337580207,0.8487309552430253,0.7079128227057301,0.8015494251265146,0.9999838736435566,0.9808093281916657,0.9215237255832435,0.9725633897968482,0.6408764274440755,0.9713471307737656,0.7398313151851231,0.9639693276571899,0.5338724030443848,0.8325726115691291,0.8675725980299732,0.6031273767403295,0.9536173946809974,0.8714616922270804,0.7063083791425515,0.6796280746168397,0.4794855422136863,0.9314544194418892,0.9792892582296353,0.9940268253849804,0.25315946350127369,0.9875795297082674,0.00020991573546965458,0.7786035430157813,0.5842764693537074,0.7080785971890085,0.09389488214839322,0.9671206020944259,0.6262357501487582,0.9186964564742439,0.01258640125123171,0.3950973769975239,0.4280297647568846,0.33534901872712477,0.9674290281184865,0.009089220082779376,0.0010766723389842473,0.09637913321353323,0.298549807754153,0.026102022422688378,0.5022264211118954,0.10725795142989633,0.2040612877968463,0.02505187991800562,0.004742985326226094,0.10267217808049605,0.029110971848850189,0.5306565300939363,0.001636686700244148,0.13156007339193974,0.05321039693485592,0.16022183082222569,0.999641181892631,0.04521713477253147,0.01923074259218075,0.13573710799943965,0.0003667082526949082,0.004491986222572048,0.4074420696769219,0.04770017895922649,0.11957914258804281,0.013400217139158906,0.2229957184896986,0.4492742530538103,0.9203548650864862],[0.6731192262687127,0.5704842950308723,0.9986231145036544,1.0,0.997403554559137,0.8494380125316988,0.8754762118399172,0.9620534162958313,0.8894585988446576,0.9931248142341748,0.9987367490924146,0.9847243664522412,0.9091639930844119,0.8210013054062206,0.8521856994112483,0.6135508638916211,0.9998557815835768,0.9383139535444066,0.3893141515394794,0.8109453603553229,0.2772342988903955,0.9214252249116461,0.4739366351693087,0.8100236345555552,0.8218420460266326,0.7397255949504444,0.829579752610327,0.9983092820683427,0.9896465354783309,0.9006776665215308,0.9833508253897636,0.674203531412332,0.9577431484777643,0.708021735640799,0.9764712791809135,0.5679480212990392,0.8588008557672104,0.8913260172413787,0.63694005049646,0.936897159651618,0.8949056608404755,0.7381678932816171,0.6463932072588667,0.5132239210236582,0.9488802953859583,0.9885157022276703,0.9869611897450282,0.2274451063993745,0.9780459050916981,0.00007899152589438082,0.7481489288547842,0.6182394553129627,0.675422465119054,0.07980710200092045,0.9790233904282538,0.6597809990578544,0.8975461912207299,0.009247638857759549,0.36365610659552308,0.395732980424356,0.3058985500826359,0.9530558803761661,0.0064780180334627,0.0005812593310889835,0.0820452900704564,0.270621281315722,0.020368103292592054,0.4686118339907991,0.09188000202108809,0.22839707172680943,0.03164811918533521,0.0031558279254193459,0.1191324530234037,0.036408460212135108,0.5647253337805067,0.0009456549788438674,0.15064225533253046,0.06408358305444305,0.1815792399434633,0.999669782131775,0.05499374486932056,0.024745086610292644,0.1551693949626287,0.00015929571333857183,0.00651873168087739,0.44000851423049416,0.05782539925850317,0.13761841046565666,0.017708886762646708,0.24845803073762019,0.48262227750036659,0.9391152218869388],[0.717842330454115,0.5236997814621834,0.9922634493946031,0.997403554559137,1.0000000000000003,0.8121539182562398,0.9067056817089318,0.9790481812757906,0.9190023583830964,0.9989730455847309,0.9925350998072783,0.9946816428469244,0.878257684411246,0.7814956874441377,0.8859112123699682,0.6597315709448921,0.9984820297041427,0.9603976911043825,0.43365283627173259,0.770749610606534,0.31632740498797198,0.9464293619152535,0.5202800933874783,0.8474750294267257,0.7823962494099629,0.7816830184868328,0.8654157777082391,0.9915446287821143,0.9974028680217285,0.868682539957307,0.9938535353125799,0.7188916676354582,0.9350607563739587,0.6629869374778464,0.9894033020325724,0.6146648622226053,0.8918533282626016,0.920632512396553,0.6826544107491186,0.9101683599075084,0.9237487485227478,0.7802052472030434,0.6000025472678312,0.5599607880594077,0.9688747990114841,0.9968187763551986,0.97292598522004,0.1944733378260943,0.9607235539600399,0.000011577360588002098,0.7045709667685512,0.6643373169672477,0.6295462484176408,0.06281730615000107,0.9911048223312432,0.7049088110338335,0.8651675505999535,0.005772315496977538,0.3220850051920831,0.3527640754697105,0.2674208024874705,0.9293698347828261,0.0038413318796802159,0.0002043726159213695,0.06473064676732562,0.23442108126087853,0.014029762775403349,0.4232765055622014,0.07318078918995626,0.2641450461465484,0.04255370478938161,0.0016599214228540146,0.1442528822029745,0.04836481857959178,0.6114619379752485,0.00038156605428446913,0.17937192067748548,0.08128886116633283,0.21338568978405426,0.995226957330245,0.07060668415044232,0.034012362588488578,0.18437593221561295,0.00003417172595722595,0.010292831603434803,0.4857395679374096,0.07394609194494086,0.16492039602087617,0.025121065719995597,0.28566740923448488,0.5290818500043353,0.9610485296069076],[0.31803126806244666,0.8955758665470955,0.8745391705586975,0.8494380125316988,0.8121539182562398,0.9999999999999999,0.5410214466021889,0.6919312540696028,0.5612810992003486,0.7872338361474718,0.8735179084142023,0.7539528672581313,0.9912254251293281,0.9984603422859653,0.5093297389351589,0.26778066381071238,0.8409349637579359,0.6425512475339753,0.11846895856372858,0.9972395691277474,0.06453097875542341,0.6121637697964839,0.16809518300334914,0.45712050591506256,0.9985473272304369,0.38094054053480305,0.4806079120540154,0.8771434009320056,0.7720332081533445,0.9937450761883232,0.7493794774821729,0.31899513707208129,0.9630239575730673,0.9687400663230752,0.7285480644347108,0.2326087280095357,0.5180956021329144,0.5640672460500481,0.2868987984368298,0.9786997907582679,0.5694651116975744,0.37937671332454439,0.9403284131870137,0.19380751024389807,0.6633353840971973,0.7675971607791351,0.9205582992414951,0.560949287934057,0.9379799336575027,0.018574181415462095,0.9829726522145585,0.2715523839178344,0.9546451481241893,0.31197776957224096,0.7359289802192115,0.3063243366783496,0.9945479429565648,0.10105635906231195,0.7222398373233502,0.7542250542084773,0.6592899411178971,0.9671956098601064,0.08551703873714882,0.03280430493522743,0.3168308473459672,0.6170854682282774,0.14953129736882615,0.8197128047017185,0.33753911346015377,0.045331080976323847,0.0005216174831028244,0.0622390744725323,0.012975182994392577,0.0007883260786635516,0.23022352505051978,0.038836381858250227,0.020663461987868237,0.0033803399018731835,0.029558366050131417,0.8619561909849368,0.0023425830922873334,0.00023496997749212673,0.021884714961758479,0.022198149529224305,3.793446946217628e-10,0.14726935530646796,0.0026472160560540327,0.01731028086116996,0.00006442136650577066,0.052889311703010279,0.1736303080967875,0.6440731436297069],[0.9361438173910852,0.2616402539708941,0.8504461023984337,0.8754762118399172,0.9067056817089318,0.5410214466021889,1.0000000000000003,0.9726648994752468,0.9995132607797841,0.9243146553902244,0.8515383023708157,0.9443731807595458,0.6269985993908195,0.5051076694105749,0.9988019459573085,0.9006147437877539,0.8831727194407233,0.9877431072570623,0.715185387161736,0.4929887541706469,0.5899979601397034,0.9939986525770399,0.7946642692400329,0.9915042701530157,0.5061337615258326,0.9681948616245824,0.9956214060468517,0.8476301402795168,0.9339385095777052,0.6136481443232155,0.9468465737598939,0.936733122100015,0.7159227503635215,0.3822703572397481,0.9573053534793009,0.8694208669118393,0.9993739192583034,0.9993702766565824,0.9152894023999485,0.6745060541240224,0.9990409748269541,0.9675470786500231,0.3249945961698511,0.8276059508163708,0.9821544542299117,0.9365978665137663,0.7928397042269539,0.05513216930003297,0.7652475392407979,0.0006771605841035963,0.422888384811481,0.9036296036484394,0.3512620204147487,0.00802308735634736,0.9537482290209971,0.9287223747663251,0.6088357098830182,0.000011979545826034173,0.12229432303570487,0.14095521431754436,0.09138287761637716,0.7060174253173743,9.486833838119469e-7,0.00010146945041435525,0.008478234630505994,0.07424031933335787,0.0002907860092599564,0.18730682562667146,0.010594093046699728,0.5268635267916348,0.16564294338456193,8.636254617964293e-8,0.3580331602309393,0.17926773580524173,0.8670898831380466,0.00004112168531688978,0.41170484435348878,0.24826748856453696,0.4600576551605294,0.8634502043649979,0.2271136555966204,0.1444379976622726,0.4190241358670098,0.0004223831071372907,0.072017312060924,0.7642247049146067,0.23383384387428653,0.3901285862183917,0.12037265735478796,0.553528667208336,0.8021584455371643,0.9873704151528813],[0.8342753393271972,0.3939605818636067,0.9467074276892917,0.9620534162958313,0.9790481812757906,0.6919312540696028,0.9726648994752468,1.0,0.9793789793193669,0.9872241718013135,0.9474037236909604,0.9947728598356568,0.7715854359989276,0.6570105305152738,0.9603080450733054,0.7839178968010476,0.9664892369747775,0.9969466093893911,0.5655018665257191,0.6450117606415039,0.4387694565931528,0.9921540912623815,0.6531555108028175,0.9349496358959886,0.6580214749236574,0.8862032292130023,0.9471378306739422,0.9449018295579611,0.9911223520257767,0.759592237201458,0.995534607765167,0.8351593400593024,0.8476350230204387,0.5303049805029002,0.9982190266342913,0.7431098461818619,0.9639529440565652,0.9802300983696882,0.8041013632030916,0.813076941795796,0.9818293150770788,0.8850472436829719,0.46718105495991427,0.6916892405745529,0.9989636318160781,0.9921146040259592,0.9071678125364142,0.11619028189466571,0.8865817457693818,0.000003894763114611999,0.5734673297632887,0.7880052484667586,0.4964707043753408,0.02802515116194114,0.9974123736103825,0.8233028987818474,0.755234373957191,0.0009494062343657524,0.21618559849215319,0.24176695959667128,0.17201422999623654,0.8395152393651303,0.00048302230001032696,8.446686972658637e-8,0.029130010704975799,0.14628671495989357,0.0036616754970211879,0.3025932409341071,0.03409886492823081,0.37908339259546927,0.0870741500600757,0.00010108826851212828,0.23177032394590689,0.0963365409034558,0.7401549851577426,0.000001958619002398393,0.2766902194870724,0.145779159051618,0.31868623032900136,0.954845301664383,0.1302018594209125,0.07303567597233136,0.2829548730671278,4.761690376080116e-7,0.029408871629198895,0.6187861453113417,0.13511246825705523,0.2584157777402315,0.05772011884403755,0.4039747185873382,0.6617908847784944,0.9971295147384948],[0.9250382727086176,0.27783172007486947,0.865547000141925,0.8894585988446576,0.9190023583830964,0.5612810992003486,0.9995132607797841,0.9793789793193669,1.0000000000000003,0.9354707696950587,0.8665939824493339,0.9539912343264602,0.6469901250243365,0.5252672459668534,0.9967910002632759,0.8872236086561314,0.896773059068109,0.9921173090947554,0.6959689763682376,0.5130871531701384,0.5697467631654809,0.996923577706698,0.7771187077521224,0.9869836753225579,0.5262978851389989,0.9600373148179735,0.9922291241376414,0.8628462254176011,0.9443941104943994,0.6337299495416496,0.9562520688973988,0.9256721415128534,0.7348109984242337,0.4011691871069729,0.9657393059104834,0.8544888825672848,0.9977846478346714,0.9999907998702967,0.9027581645602422,0.6940214074486056,0.9999206160052329,0.9593154607047891,0.3428034803674199,0.8110595059672957,0.9875160620449767,0.94684839539278,0.8099477902115663,0.061581334287448909,0.783096625821727,0.0004531004090404112,0.4423625720953503,0.8904070236720662,0.3696124154365161,0.009737902893021863,0.962527027545959,0.9170774698125627,0.6289455464438279,0.00003063789956829488,0.13297484994391679,0.1525747777679551,0.10031178015445926,0.725074804436488,0.0000047966974384707139,0.000051785880601618429,0.010260990914055366,0.08206629728426944,0.00045483010522597396,0.20095503716231279,0.012679003565716855,0.5066969494824846,0.15343729866181173,5.649847700305066e-12,0.3399079950643413,0.16648218418403458,0.8520557317371408,0.000017326933901342829,0.39264385996080838,0.2329665223405431,0.44038435395007277,0.8779922143941452,0.21251512137952129,0.1331991338520371,0.3998565960776743,0.00026761429319439335,0.06484602729847636,0.7459276804607116,0.21900599631612095,0.37141087005595177,0.11033795796137108,0.5332802647931375,0.7848220337145849,0.9918170327711214],[0.7451150012849641,0.4944587278573374,0.9856498203039185,0.9931248142341748,0.9989730455847309,0.7872338361474718,0.9243146553902244,0.9872241718013135,0.9354707696950587,0.9999999999999999,0.9860191418926534,0.998323851809357,0.8569350446136732,0.755366863236112,0.9052248990031143,0.6882595032784854,0.9949658341153472,0.9719000972178655,0.46219415967754198,0.7442522213779389,0.3420443772477327,0.9598616846690578,0.5496651958457052,0.8693779925360311,0.7562995473921621,0.8068307564521995,0.8861885202044387,0.9846808217709132,0.9996414555410993,0.8467356126877265,0.9978446046323534,0.7461361205416784,0.9185481780527884,0.6340841559910831,0.9949531954803227,0.6437834954935974,0.9107053085987564,0.9369410118359489,0.7107569991226259,0.8912702280210479,0.9397453403705306,0.8054123299375328,0.5706017191734987,0.5893878522475626,0.9790062683633883,0.9994054318829562,0.9616084557469172,0.17518673195292276,0.9474171076075819,0.0000016228802054762196,0.6763424931493417,0.6927867764062994,0.600304470627262,0.05347737778094954,0.9961079693795569,0.7325124284614596,0.8430015845703918,0.004147989680540802,0.2970319924742795,0.32671433553090287,0.24449665590904616,0.9122625320741615,0.0026524983727855505,0.00008865480294941602,0.055196080343364258,0.21302009581365356,0.010856915939935333,0.3954364113586968,0.06281306069245137,0.28792282463013615,0.05059038421586026,0.0010404248203957346,0.16154176939631466,0.05710978736761444,0.640610694703813,0.0001892319916195474,0.19890913947995465,0.09350793731126583,0.23480553292761287,0.989800342542605,0.08178218256429164,0.04093451367581917,0.20420708458024168,0.000008403139345197486,0.013350565372808734,0.5149113649208454,0.0854552789869537,0.1835731743458253,0.03076378661603803,0.3103007009595996,0.5584951172806935,0.9724519646749014],[0.641190982414864,0.6030874433387332,0.9999975493433949,0.9987367490924146,0.9925350998072783,0.8735179084142023,0.8515383023708157,0.9474037236909604,0.8665939824493339,0.9860191418926534,0.9999999999999999,0.9748145596137448,0.9283515166644565,0.8468378662506946,0.8266765003168092,0.580996498431713,0.997740076601239,0.9202914939240197,0.35934028799272857,0.8373358827468265,0.2514060914644567,0.9014911390311066,0.4421145739502687,0.7822192911841894,0.8476307963515645,0.7092730610053355,0.802761877974641,0.9999688502190575,0.981235497380557,0.9206884313245235,0.9730707649973437,0.6422924312677129,0.9708244301610187,0.7385094239904345,0.9645479105989506,0.5353077324180984,0.8337130371039327,0.8686131718876227,0.6045594335230632,0.9529606778828933,0.8724897197981093,0.7076703916273403,0.6782386185094305,0.4809008338231673,0.9322364493266638,0.9797316521463723,0.9937833393083628,0.25204678524113435,0.9872309398501785,0.00020235388829631162,0.777343750761867,0.5857126967460216,0.7067170344271382,0.09327073136483656,0.9676743205266829,0.6276592250752914,0.9178479350476065,0.012430327911213554,0.3937533372754271,0.42665260232296567,0.3340840823171418,0.966873310674307,0.008965858395003487,0.0010510197500889689,0.0957444711504771,0.29734645458514066,0.02583966722292497,0.5008009493000718,0.10657876714538746,0.20505802166107016,0.025308599450534324,0.0046662238951907879,0.10333558374551122,0.02939613010415086,0.5320912197050046,0.0016016737706908262,0.13233359281702729,0.05364184015560076,0.1610915692434927,0.9996980273760395,0.04560351192451039,0.01944378537306157,0.13652539200435005,0.00035522414695104764,0.004566644078751209,0.4088007766779907,0.04810086484335597,0.12030876640938666,0.013564923587797207,0.22404084273239978,0.4506699966161304,0.9211917293756391],[0.7787769523382231,0.4575045622646287,0.9743232532981946,0.9847243664522412,0.9946816428469244,0.7539528672581313,0.9443731807595458,0.9947728598356568,0.9539912343264602,0.998323851809357,0.9748145596137448,1.0,0.8277604722459334,0.7207601327690241,0.9275991789300867,0.7239034710507167,0.9875254654468827,0.9838105104433531,0.49921753388578307,0.7092499913841359,0.37604736274224856,0.9743256734260114,0.5872710976917666,0.8953169105753862,0.7217275107053578,0.8373550504371484,0.910563521827429,0.9730419688492482,0.9995152874375508,0.8168360700636456,0.9999698382235199,0.7797551231585422,0.895073541175407,0.5967300905809053,0.9990906798188006,0.6804695639794252,0.9324502270336044,0.9552464969380046,0.7457092422402309,0.8649464096883016,0.9576319581089065,0.8360222917080336,0.5330026620781188,0.62680801506611,0.9891132525272248,0.9997255225480027,0.9444528243171361,0.15220364584985097,0.927825966907932,2.0636234298845904e-9,0.6395791001981818,0.7283007946641725,0.5627279860963843,0.04297138132195151,0.9995386240699007,0.7666820322274632,0.8128487035525587,0.002593423126523824,0.26636437165512469,0.2946579297235229,0.21672157494157547,0.8880740375463189,0.00155711591450078,0.000021601999156241213,0.04445400696216444,0.18727065857342288,0.007599463468498702,0.3607867167732599,0.0510565143524523,0.31966462706860529,0.06227716347688991,0.0005204149247915488,0.18530287533380677,0.0697491178300474,0.6773554434844588,0.00006129357341813688,0.22548914029377604,0.11074733552504385,0.2637057618789079,0.9799587695721856,0.09765158190504908,0.051110784545966497,0.23115191566141839,3.8469074649365156e-7,0.018142604875089835,0.5524471912587702,0.10176379698914867,0.2090501000795167,0.0391862203479962,0.34305056988648399,0.5960845023674072,0.984231900239617],[0.39564178711597927,0.8328506162056167,0.9291494390568428,0.9091639930844119,0.878257684411246,0.9912254251293281,0.6269985993908195,0.7715854359989276,0.6469901250243365,0.8569350446136732,0.9283515166644565,0.8277604722459334,1.0000000000000003,0.9824157446762568,0.595385204041228,0.340407800543754,0.9022330423461474,0.7254148405488196,0.16681717563216334,0.9787532733048506,0.09846820317095656,0.6964314754680483,0.22645073642370112,0.5424057483893372,0.9827097565311488,0.46307112642004369,0.5663779981781459,0.9311777926378748,0.843702828259069,0.9997853019052349,0.8236946982824928,0.39668882824422876,0.9900502300785329,0.9283511388375412,0.8050150675992506,0.3009324063520956,0.6041707872877664,0.6497259609527734,0.36157542579814846,0.9972200421861359,0.6550170462596419,0.46141658207008887,0.8890496680091885,0.25649216430933366,0.7449927190468163,0.8398112112673094,0.9633727390478013,0.47526950468530795,0.9751343140646308,0.008851992658745407,0.9505167305212103,0.3445993893408316,0.9083099950683111,0.24238530597052428,0.8116630093514993,0.38288845642079208,0.9996031575571009,0.0664999584480646,0.6392007760416316,0.673213729611395,0.5738334403536209,0.9921873222256058,0.05478655754578168,0.017678976948936416,0.24669699479670996,0.5310389578628921,0.10448853693648143,0.7449144705640401,0.2652033641180443,0.07268726115164494,0.0021905578674832578,0.03779963776566065,0.025390605179172917,0.0029253767880879474,0.2982288062609721,0.021637123417075894,0.03736706485700291,0.008647540271373426,0.050507906238579428,0.9192249173390121,0.0065238518237261,0.0012850906912440504,0.03920863072336312,0.011016232893143994,0.000025002467575114833,0.2017175916315187,0.0071620330734042708,0.03223384748176357,0.0005837117744439184,0.08296527322575381,0.23296166181228326,0.7268553126179295],[0.28765142969088666,0.9180756205607232,0.847940241390124,0.8210013054062206,0.7814956874441377,0.9984603422859653,0.5051076694105749,0.6570105305152738,0.5252672459668534,0.755366863236112,0.8468378662506946,0.7207601327690241,0.9824157446762568,1.0000000000000003,0.47370802740933445,0.23983044338033186,0.8119427316771467,0.6068450787676044,0.10117104579726251,0.9998226175770155,0.05301815589832245,0.5762056725463607,0.14657065156555824,0.4223346557300418,0.9999987330691234,0.34816576742103369,0.44539169697283617,0.850753965185819,0.7395223905010194,0.9860531078373905,0.7160279231977499,0.2885733372882581,0.946900834779614,0.9809093952023992,0.694539032708231,0.2066606974463125,0.4823767131134841,0.5280449877734605,0.257967026173803,0.965952402781565,0.5334302874595951,0.34665323347723256,0.9574448592894658,0.17039247016785467,0.6279010410101107,0.7349108409781837,0.8983385147742858,0.596971002707228,0.9179183319616562,0.024299339540239018,0.991619658818587,0.24340276334566769,0.9694980408500493,0.34340668566534396,0.702140810313041,0.2764677506405019,0.9872599795470594,0.11834235204045829,0.7553818420712033,0.786140592297054,0.6941634819105803,0.9518745319656476,0.10111752829683081,0.041199820969379217,0.3484548822949429,0.6526696660690312,0.17130166670496367,0.8482303309587317,0.36994448689762746,0.03634407144352236,0.00023364993509434917,0.0750051297534347,0.009385161432126784,0.0003856885331264679,0.20442098622238354,0.04822659920683783,0.01558304061703801,0.002101142462562801,0.022951333493499074,0.8343968065941892,0.0013830243388130814,0.00008572997880196936,0.016584139842157558,0.028657973122758055,2.9672373034863916e-7,0.1274172939190609,0.0015908422469509342,0.012855547319602864,0.000014695976537517851,0.042867769359337757,0.15168326441464106,0.6083840804483199],[0.9519081655570328,0.2371973972575188,0.8255184675742215,0.8521856994112483,0.8859112123699682,0.5093297389351589,0.9988019459573085,0.9603080450733054,0.9967910002632759,0.9052248990031143,0.8266765003168092,0.9275991789300867,0.595385204041228,0.47370802740933445,1.0000000000000003,0.9201331457428197,0.8604451475910623,0.9789821712433036,0.744687160083624,0.4617294775859852,0.6216495851646117,0.9874798744359005,0.8211907890275834,0.9966736489298512,0.4747231992189537,0.9791812842350798,0.9990012315035527,0.8225349493265864,0.9159012114060745,0.5819478738477062,0.9303939932338033,0.9524247514888736,0.6856623424075896,0.3532657436237142,0.9423258610835271,0.8915029557208364,0.9999079070462025,0.996438919161756,0.9333894338052629,0.6434405371459312,0.9957048868134059,0.9786528050553086,0.2978640246820538,0.852414588724845,0.9718723464537292,0.918869399631733,0.7650288767797788,0.04595647439787113,0.7363989182856919,0.0011821281053312934,0.3928518910896865,0.9228693501192379,0.32320954574457469,0.005789249404109375,0.9382451396214682,0.9453681828735898,0.5771110651568798,0.0000013966965630949872,0.10663262023983176,0.12382619104325535,0.07843128426656364,0.6755348293467351,2.054997689741032e-9,0.00024173065554004394,0.0061489328874498789,0.062977225380789,0.00012757160185702672,0.16697101113115055,0.007837830256518831,0.5586299423732961,0.18588884022365549,0.000002998510032835119,0.38717520482961145,0.2004124478301169,0.8893431310621354,0.00011904621390140927,0.44214715809142327,0.2732547759042726,0.4912956521524549,0.8393384155378529,0.251038055821432,0.16317599160752734,0.4496094218840808,0.0007879512759053778,0.08428851134153574,0.7920672867681516,0.2581061904360271,0.4201019509654198,0.1372167043856993,0.5853205849993153,0.8283227997479084,0.9784977374743153],[0.9956574183357339,0.08433768759510527,0.5795596172406646,0.6135508638916211,0.6597315709448921,0.26778066381071238,0.9006147437877539,0.7839178968010476,0.8872236086561314,0.6882595032784854,0.580996498431713,0.7239034710507167,0.340407800543754,0.23983044338033186,0.9201331457428197,1.0,0.6244967464148823,0.82645828749135,0.9396755788774424,0.23069892966058989,0.8583123733237678,0.8505008840073303,0.9769068576214769,0.9483427727741123,0.24061047395023936,0.9798397879158494,0.9362763492411256,0.5758729346706817,0.7048666763758663,0.32857141914163959,0.7286015357411934,0.9954958885608689,0.4251941656991429,0.1540391127666159,0.7494317831388946,0.997526265694944,0.9149109328287738,0.8853269757856087,0.9993391040319727,0.38434965748631097,0.8816147264858704,0.9803536554372965,0.11911074298192272,0.9880823240606711,0.8090870663383396,0.7096075084851865,0.5086058453553404,0.005678837299328744,0.4774106914489141,0.020852643196394326,0.18076222824037864,0.9999735837420332,0.1347263854392599,0.00003351972578501914,0.7421559521697573,0.9973979459743473,0.3243572289210549,0.0007987343774865864,0.02409455721944943,0.030658565327708444,0.014496975138184744,0.41519374523809646,0.001454904197395588,0.01081038683060619,0.00004186037525888167,0.00995786345435503,0.00008733108775958723,0.04913209961315634,0.00009473735088209635,0.8083470046604668,0.4002100139515082,0.003457180696603279,0.6464354357873321,0.4206798653129439,0.9971655685997115,0.008440132230626077,0.7025262341494121,0.5161317470389912,0.7492958023457945,0.596932071044558,0.48817567112371115,0.3670446203745552,0.7098291516038565,0.01738983572313115,0.23710658312029435,0.9642061182545456,0.4971716720974686,0.6805221963218199,0.3271611725983878,0.830145184867003,0.979699273286678,0.8252120957841287],[0.68378132864457,0.5594533286464094,0.9975890108829075,0.9998557815835768,0.9984820297041427,0.8409349637579359,0.8831727194407233,0.9664892369747775,0.896773059068109,0.9949658341153472,0.997740076601239,0.9875254654468827,0.9022330423461474,0.8119427316771467,0.8604451475910623,0.6244967464148823,1.0,0.9439234937988992,0.39962508183979819,0.8017129663454093,0.28623164191511915,0.927704660429756,0.4847903248489899,0.81911564393065,0.8127985079493758,0.7498048428759937,0.8383121261725247,0.9971792175900465,0.9919338756239514,0.8934801366633386,0.9862790645022472,0.6848584981609278,0.9528087891589463,0.6975384780507196,0.9799649070456808,0.5789759921176555,0.866908865875103,0.8985865958219086,0.6477992425354838,0.9309837796292925,0.9020609285380118,0.7482643438746843,0.6355278947309599,0.5242054807513451,0.9540089021060547,0.9909307732776959,0.9841017390260802,0.21942936276380024,0.9744001947202886,0.000054237332083985289,0.7380511968905267,0.6291704406605947,0.664707484222447,0.07556275495713025,0.9823192208012689,0.6705249327629099,0.890254611824249,0.008320354225656779,0.3536858170542441,0.3854556537022189,0.296621545102123,0.9478792268373183,0.005764829973159821,0.0004653916484505414,0.0777229167225866,0.2618626723319067,0.01872189350749743,0.45783318653734819,0.08722571718306412,0.23658059920186684,0.034018281840929958,0.0027384483387068116,0.12478706398798405,0.03901728901528432,0.5757548880383402,0.0007776932078836006,0.1571480305859975,0.0678954045929986,0.18881646485779272,0.9990893560046453,0.05843887097581588,0.02674484068276197,0.16178816850668974,0.00011654614207238204,0.007297584236691746,0.45068872435710868,0.061387298473910407,0.14378665194093924,0.01929211860590549,0.25699565514378666,0.49351098135015505,0.9446901792276238],[0.8725335476060995,0.3475211600945437,0.9194503950793229,0.9383139535444066,0.9603976911043825,0.6425512475339753,0.9877431072570623,0.9969466093893911,0.9921173090947554,0.9719000972178655,0.9202914939240197,0.9838105104433531,0.7254148405488196,0.6068450787676044,0.9789821712433036,0.82645828749135,0.9439234937988992,1.0000000000000003,0.6161671522560169,0.5946541558445947,0.48837872900559256,0.9988829690699885,0.7022363398820672,0.9593618997067313,0.6078739826425534,0.9185014044556905,0.9689988260322424,0.9172748416766315,0.9778013332997435,0.7127974669721291,0.9851649249618654,0.873330813898576,0.8068971269006905,0.4799317004276907,0.9905293974560893,0.7883148879020273,0.9816405412900674,0.9926442263825331,0.8450713758804619,0.7695226739642672,0.9936137013890314,0.9175002813758002,0.4181087801344539,0.7394147222042892,0.9994668285504265,0.9793746395032246,0.8731922415016502,0.0926144203791725,0.8499272958104461,0.00004847178659326928,0.5227282118620016,0.8302420775212758,0.44668305207229849,0.01939326391308553,0.9887767669703704,0.8626017165150803,0.7082261946691671,0.00035144908326858435,0.1815635475949063,0.2049108351840774,0.14176764168912915,0.7980557383781777,0.0001436597739146037,2.362771769672546e-7,0.020247098200111274,0.11893522488131811,0.0018687749205352097,0.2611926979330128,0.02412174223513358,0.4268556592593472,0.10978396359142004,0.00001412341246670892,0.2709339004719047,0.12047914480382373,0.7855288140255186,7.949423990642802e-12,0.3191562306058944,0.17650305384996363,0.36367807941025295,0.9293620266694531,0.15902138008774373,0.09341806289621978,0.32583056844929217,0.000018208228932972863,0.04077927121862164,0.6687262989617652,0.16454737482720345,0.2996174031449427,0.07530510819921321,0.4526197175090683,0.7106050451919009,0.9999971651499623],[0.9049297776583444,0.0215510417830614,0.3580405727330811,0.3893141515394794,0.43365283627173259,0.11846895856372858,0.715185387161736,0.5655018665257191,0.6959689763682376,0.46219415967754198,0.35934028799272857,0.49921753388578307,0.16681717563216334,0.10117104579726251,0.744687160083624,0.9396755788774424,0.39962508183979819,0.6161671522560169,1.0,0.09568773458041199,0.9806688276414886,0.6465142842294029,0.990802087402456,0.7917124810644073,0.10164335149170539,0.8562633356669063,0.7708105184945033,0.35471464715533027,0.47924700564962099,0.1586164482955814,0.5042187049501001,0.9042232395094305,0.2290572033897027,0.05325937153506792,0.5267587449189545,0.9610342502320712,0.7365965006796069,0.6933049770088977,0.9269724499575756,0.19831564858170418,0.6881291971096408,0.8575298202776935,0.03639339815883164,0.9807370176901997,0.5950516246114933,0.4841771549811374,0.29619165593243898,0.00010816971025956297,0.27039495354863488,0.0825571836868414,0.06727311635739304,0.9372248772809999,0.043715359682979137,0.00009839227445195956,0.5188162392187885,0.9134002099761817,0.15572623431185363,0.013058672634429033,0.002657196193505378,0.0040989077689738439,0.0009924698624635496,0.2214011067064991,0.017542888123586253,0.05448753416156237,0.00008233385990587441,0.0004415888465425659,0.00526548799361752,0.009132090888849816,0.00003520697897727649,0.9573513505312113,0.6251138959309945,0.02785582663102707,0.8504398601630161,0.6464573325983607,0.9623742574691889,0.0468368304979146,0.891850797785586,0.7396809930285203,0.9230620420640735,0.37388533579003488,0.7134326279479872,0.589470247935263,0.8969341423293351,0.07345719431889418,0.43559234358313766,0.9966216123320103,0.7219736153024359,0.8760939540519936,0.5447800800400191,0.9682708451959602,0.9888783539783661,0.6146310229327995],[0.27765787245486547,0.9251600497667507,0.8384639769816338,0.8109453603553229,0.770749610606534,0.9972395691277474,0.4929887541706469,0.6450117606415039,0.5130871531701384,0.7442522213779389,0.8373358827468265,0.7092499913841359,0.9787532733048506,0.9998226175770155,0.4617294775859852,0.23069892966058989,0.8017129663454093,0.5946541558445947,0.09568773458041199,1.0,0.049450719538828808,0.5639734363008967,0.13965992391996047,0.4107038990916616,0.9997913724765267,0.3373011980202758,0.43358665748611216,0.8413441784704113,0.7282142727964434,0.9827639949098279,0.7044712561454658,0.2785647348984527,0.9408154752098576,0.9843763619549919,0.6827924973693589,0.19822891165664287,0.47035394217785717,0.5158582502707311,0.24848921614046136,0.9609808690190728,0.5212319047755132,0.3358076494211411,0.9626330656419774,0.16283539174326623,0.6157714354863514,0.7235504130598127,0.8902651413007193,0.6091565252857655,0.9105447766867341,0.026495928513257783,0.9938713879114258,0.2342010909754841,0.9738964539398897,0.3543474142293802,0.6904575051289273,0.2666613020737429,0.9841060064151963,0.12459788549923483,0.7663493610722137,0.7966423163177941,0.7058146989548716,0.9460530524982399,0.10679391676276023,0.044354772517374959,0.3594568317688594,0.6646250709326915,0.1790796200805414,0.8574763136665733,0.3811895985181543,0.03359803145415964,0.00017058509783115334,0.07969893904518109,0.00834983050924515,0.0002927768717823027,0.19603973968499698,0.05173464249537755,0.014083321269335588,0.0017623026354141752,0.020968752008354964,0.8246167646000043,0.0011361703237596888,0.00005688408180747578,0.01501518322544529,0.03111994538227424,0.0000011508853434406342,0.12107420683950114,0.0013163260035759174,0.011551765512594108,0.000007604467915454881,0.03978655131826214,0.14462852866210469,0.596196717009949],[0.810511082726314,0.0070973089200700258,0.25029726400490628,0.2772342988903955,0.31632740498797198,0.06453097875542341,0.5899979601397034,0.4387694565931528,0.5697467631654809,0.3420443772477327,0.2514060914644567,0.37604736274224856,0.09846820317095656,0.05301815589832245,0.6216495851646117,0.8583123733237678,0.28623164191511915,0.48837872900559256,0.9806688276414886,0.049450719538828808,1.0000000000000003,0.518831445545719,0.9457188085061499,0.6736879267370778,0.05332737482813346,0.7491393186485945,0.6502978865720016,0.24746406730605634,0.35761555756089577,0.09255041865780187,0.3806965350906418,0.8095811747945045,0.145184833064033,0.023521328902972057,0.401817161959565,0.8906658606072634,0.612898510674611,0.566960842845329,0.8403023980084693,0.1217333509851881,0.5615627836802022,0.7506782698976239,0.014330392618637415,0.9246627928054152,0.4675210901772054,0.36214609672391476,0.19863660892445868,1.4113374480624659e-10,0.17775638625625929,0.14456615029692167,0.03171099367327191,0.8547795368664238,0.018216787838982876,0.0015114688960513909,0.3943435032350999,0.8217718779590415,0.0904794409797734,0.03391879419480655,0.00028523196663213235,0.0005990887492245676,0.000040226976389807588,0.13927983823473584,0.042468609279385987,0.10341132519253708,0.001384555305170736,0.0000047742712627072359,0.017358356670851974,0.002093354722630247,0.0009360700333400187,0.9952774197166356,0.7478758757732188,0.06076816177519982,0.93418625302316,0.7673413026674002,0.8928146598779919,0.09162775542518313,0.9617745478359885,0.8484323798367376,0.9798922924322202,0.26387827117456727,0.8262927297851889,0.7146879755913396,0.9649117692585753,0.13152476891852786,0.5622048360567302,0.9615200127111442,0.8335605892838399,0.9516731349284474,0.6719206165563775,0.9984232489105555,0.9413128626609574,0.48685235948123808],[0.8936597411865029,0.32053865291489189,0.9005684382680635,0.9214252249116461,0.9464293619152535,0.6121637697964839,0.9939986525770399,0.9921540912623815,0.996923577706698,0.9598616846690578,0.9014911390311066,0.9743256734260114,0.6964314754680483,0.5762056725463607,0.9874798744359005,0.8505008840073303,0.927704660429756,0.9988829690699885,0.6465142842294029,0.5639734363008967,0.518831445545719,1.0,0.7310774695354112,0.9714783700344043,0.5772390861490774,0.935689952276658,0.9794997540416585,0.8981845857809254,0.9669324686996084,0.683519937664794,0.9760289914321506,0.8943988367655895,0.7806494004976923,0.44990933152410586,0.982976790829759,0.8142338702726344,0.9895212576778562,0.9972502717801196,0.8680331640975012,0.7418263357580475,0.9978312231904722,0.9347898223540074,0.3891994992658808,0.7671899157422442,0.9968094154483063,0.9688460494841247,0.8505737534908224,0.07997573237940668,0.8258514317049133,0.0001309331826533237,0.4922439318381691,0.8540745364387774,0.4171937392734451,0.015203086229461146,0.9806642594245671,0.8844282677398034,0.6788496561594444,0.00016576360414363438,0.1622600693919962,0.18421275569611254,0.12514662269650965,0.7714321924239465,0.00005458643367313635,0.000004350969616137126,0.01592189038761035,0.10405763281674843,0.0011647506988176798,0.23759184872555229,0.01920428131474416,0.4565185067448105,0.12515302043101093,0.0000020188963367138225,0.2960447315165768,0.13672954660811469,0.8115690201102956,4.106785955211354e-7,0.34609226030743125,0.19672601440875357,0.3919566055184786,0.9114823737884111,0.17810786261945825,0.10734287296128604,0.3529880917252517,0.00006243437531908772,0.04894886094556417,0.6983042663626458,0.18400229731928229,0.3258623963699636,0.08747271244312228,0.48267933380938796,0.7392299474097492,0.9987676755541828],[0.9531292029581678,0.0392058073641146,0.44072545375811469,0.4739366351693087,0.5202800933874783,0.16809518300334914,0.7946642692400329,0.6531555108028175,0.7771187077521224,0.5496651958457052,0.4421145739502687,0.5872710976917666,0.22645073642370112,0.14657065156555824,0.8211907890275834,0.9769068576214769,0.4847903248489899,0.7022363398820672,0.990802087402456,0.13965992391996047,0.9457188085061499,0.7310774695354112,0.9999999999999999,0.8623241682278174,0.147163816732765,0.915908210584717