{"name":"DynamicObjectArray","generic":13,"parameters":{"array":[{"name":"MatrixSerializable","generic":11,"parameters":{"name":"K_train_train","value":[[-0.0,-77.27019184293094,-15.972646438112685,-7.699005627388578,-5.67779163269255,-27.440449777973439,-1.348179720692852,-5.144341850495828,-0.7895261105013235,-23.42541024016511,-11.929751324372889,-3.99875146064445,-21.502245997113798,-30.023240205682908,-0.9461412636620764,-0.859151490683141,-7.188577300300806,-6.735609226984726,-13.73177223398773,-31.03081527790779,-4.192666457210991,-9.57556400809964,-8.535897012735763,-337.492042904132,-514.0262037211473,-452.92794374815068,-408.44329257681826,-864.5087822469994,-789.5889252981891,-545.4116298573453,-396.10363618735729,-243.98176332709623,-576.1470737433131,-535.7886089127803,-335.4364259309613,-409.42727914417739,-403.954937505254,-493.13784571801616,-264.3748723626405,-606.9636418298707,-333.45096346605097,-603.0025792496275,-418.4659662075873,-589.8092351499685,-295.72087680181309,-741.1820103080851,-253.7372864396483,-267.29356313451867,-235.4503674183948,-90.15825301893182,-239.8044800414883,-182.0691673883155,-577.9498440551853,-160.08096548264474,-323.87926327044348,-268.5531325267036,-337.1272710785608,-108.29889553424468,-230.61289132668532,-374.50456387458066,-336.4704147949269,-182.34374665205895,-219.23696912841556,-92.18768105414883,-246.95085355584124,-208.010577056599,-206.9829831431752,-296.5864358930432,-153.8056817273741,-328.82559690527867,-323.3241532333429,-191.16156139177009,-247.39036894317298,-332.0854328590936,-384.7212786423909,-94.21871629445652,-147.8672618084288,-324.81029268348888,-408.309227630264,-200.87154776067954,-683.826593417683,-252.6471531309554,-213.66048305425225,-119.45598957681263,-219.04863688285205,-661.1311604594537,-284.8492148734686,-344.5383158015639,-394.59126047314779,-381.9546433480002,-164.06814491441697,-490.30873905185566],[-77.27019184293094,-0.0,-19.678159662599194,-13.284471963883377,-15.331656031996463,-3.2627034070605869,-36.2203257692412,-24.480653054729346,-37.09762056966088,-34.58940444207709,-14.294383301025278,-19.219277511865128,-4.854664438841169,-4.517041274730577,-39.71435371521112,-69.40510964487575,-13.812170823287591,-29.45223865896987,-83.37340135265493,-5.138233781844319,-126.96334545728,-33.86601485772661,-76.19791191219693,-282.47796181895276,-657.4967633251757,-354.07874263139618,-340.5722468479545,-894.5205949403295,-760.1494161053196,-656.1670606752448,-382.5858109848253,-199.23341330498003,-653.1081601273704,-737.3643112920197,-322.6266464719392,-292.4536472232013,-343.9770077846919,-425.76271507819737,-208.989646114607,-704.402587608444,-295.7701499307103,-463.4827600906691,-597.8923121547331,-395.6221824822198,-277.23257157350789,-712.2210999623812,-277.3077735195742,-500.15730428723648,-261.15936207112449,-304.49986434148527,-315.39244794547087,-155.85390458344276,-810.3465175440827,-334.93891765166048,-313.30831599954657,-213.9969432995349,-406.7736612611509,-257.6971256427133,-380.01821251270487,-623.5580934716624,-596.0170754476071,-207.0871757907745,-659.4452519493368,-267.700181333018,-555.2650141564836,-362.6316412094586,-556.8432626284515,-466.664214137993,-308.8468746550804,-195.6179396925931,-143.08711128365816,-41.21214277618481,-145.03208919943573,-148.2107495012714,-276.3351622277295,-106.00213696503052,-116.79596959927477,-157.5721693350232,-222.0428837799338,-212.45278409106627,-288.51559103951657,-121.02787319140208,-138.47155103103055,-75.87915603896234,-101.22957300749559,-421.0021636196225,-142.85846384530155,-184.9273290511307,-153.28090695966899,-223.79065129234577,-139.13968505706274,-442.56608049369876],[-15.972646438112685,-19.678159662599194,-0.0,-7.193380836057983,-4.571493789248292,-1.903495327359512,-3.0111681152432614,-0.5623367100075515,-6.347249695679919,-0.3479580415403557,-15.871575110925992,-3.0998279399905117,-1.2781792464769069,-1.1703249204326652,-3.800918145835893,-6.447617637357509,-6.810372012925807,-0.2734023140861681,-4.673883766342645,-1.0051505680908009,-16.56448876784126,-0.20723413063095837,-3.951318611123033,-120.56786557133256,-285.19060828298196,-176.2374597287148,-157.84250272972504,-480.6425021669384,-410.80194199585199,-294.51283790135786,-164.83722070938996,-73.1604795209827,-303.3944709693887,-318.9585646942712,-129.9972078185838,-146.55410847264373,-157.22552377197625,-208.55246731520473,-81.23426851093658,-330.0228383118511,-122.56245553567728,-257.621787706623,-237.12616804887373,-235.93404163078677,-106.50020640731721,-378.5608302721231,-94.45881860344913,-164.89912898671387,-85.35281558346627,-67.00301950004979,-100.82398616808215,-47.146433055273387,-357.29064138509457,-87.83203133375776,-124.07125153665878,-83.57446835398703,-153.70735842646298,-55.40451250061402,-117.27592988592468,-234.08650237716618,-214.79138818164479,-58.38179610283156,-218.21121616203818,-55.79069245898545,-180.25242637949547,-106.64189176722049,-174.04389995890385,-160.93690752454743,-78.7243881100951,-98.69862261008123,-87.76640972417899,-34.08134976955257,-63.36591795937863,-91.59389570038012,-134.4883806469163,-17.899362921520198,-31.258580557835896,-90.52622840721689,-131.3440266455784,-64.34906399387151,-254.6043047392636,-61.00210758078229,-52.32817507382717,-18.326864780898896,-47.815364123546597,-269.51629325261907,-74.75164028585407,-102.00220581116978,-115.33197404406651,-122.31974837545966,-39.311002619811748,-212.1352293016654],[-7.699005627388578,-13.284471963883377,-7.193380836057983,-0.0,-0.033714146958606468,-3.326926431239896,-2.2684020657606824,-2.554463829367326,-1.3121691603750965,-17.803135395534665,-0.21299862948769536,-0.2603114591561924,-2.3580649455564299,-5.328054025996741,-2.528417317804419,-9.866320650997868,-0.00014844529953725799,-5.188156384008986,-28.957183211483615,-6.196107276140539,-30.82984712396566,-8.659168575821117,-21.699624782260888,-323.23317698575615,-607.9999470107438,-424.9549594194972,-393.17582938664637,-929.8528650281639,-821.1255568989636,-626.8190444952475,-407.42754453219336,-227.35911970934019,-644.1029164306222,-657.2634547582394,-342.43223081636406,-368.1547826907714,-392.4152954905582,-484.6594188926855,-243.88253368087462,-686.6498044737791,-327.77760987310958,-565.214382118435,-520.9639627165586,-521.2415159114233,-296.75018741357487,-769.6775644030762,-272.06010378293419,-378.7955457193335,-253.32003788476099,-171.8071890362227,-281.2889247663041,-169.86072062592033,-716.137996930727,-236.4863108781321,-331.0827378369116,-248.85095405185269,-383.79515355712007,-168.27428238290808,-303.7664275925623,-502.9821493002626,-465.7412021437317,-195.39171846997477,-402.59979497297589,-159.9314962741775,-386.0492980214448,-281.18478151307206,-356.35779463758697,-384.65184471301549,-221.47673428270003,-271.17842363543499,-236.6736430790126,-104.20583114013901,-199.47333517799903,-244.2189946157531,-346.0206800448678,-93.74292113976412,-130.207584553092,-246.4706020754101,-327.54925762367005,-209.11183033207997,-503.3999336950358,-187.85002044616997,-177.91767646922617,-92.4783827504822,-158.78516110885247,-572.8294101333188,-217.40891255192157,-272.99822030988687,-277.6090110671398,-315.0669227846474,-151.00309727146803,-491.6039588800824],[-5.67779163269255,-15.331656031996463,-4.571493789248292,-0.033714146958606468,-0.0,-2.844693790991193,-1.0356790917053094,-1.1545932221055935,-0.6527667259655348,-12.562625243870656,-0.759106096719033,-0.03216726055711584,-1.813985717352589,-4.3034663427863129,-1.2324032251331339,-6.367760329522949,-0.02037544060781861,-2.834686862607285,-20.747946926155654,-4.948000589925261,-22.99024454477036,-5.279002536412495,-15.007830484439502,-287.4729105088653,-545.0786644349527,-383.2418150332324,-352.4766544118915,-850.602690128394,-750.3897368522654,-563.5274906946338,-363.4614572710971,-199.3612304501227,-580.676030824721,-589.716643601197,-303.4453438494359,-331.65047460755417,-351.4365437261012,-437.21470395884747,-214.8602593549264,-619.8764765319131,-290.93100197699416,-515.4117993551648,-463.1810767535991,-477.2674388782895,-261.68283820999468,-702.0277881702501,-237.56789903964546,-330.8797521773483,-220.3780605497005,-143.5793275767007,-244.45584491043895,-146.54336308987016,-644.1240373139452,-201.74223639668714,-292.91645986523857,-219.3524186470993,-338.84657626285306,-140.68141032863933,-263.35655228708125,-445.2473155748883,-410.6507316504906,-167.75890764830363,-352.6763017886406,-133.07566009693367,-336.9557181990738,-242.6396525654828,-309.9016203569489,-337.2293171153254,-188.4179166759195,-243.56489160611083,-215.0163889488861,-95.21349830919616,-176.818000773063,-222.073782451531,-310.8556362572649,-77.273604338972,-111.19757151027594,-223.0644961911846,-298.08681024150709,-180.62472224538159,-473.76755995655636,-167.98536369100544,-155.98914474627387,-78.33378318452395,-141.11733837408478,-527.7413986229038,-195.24136242329528,-246.7104909907383,-256.2128945473917,-285.0409855749542,-129.54293640623875,-442.8555968977978],[-27.440449777973439,-3.2627034070605869,-1.903495327359512,-3.326926431239896,-2.844693790991193,-0.0,-7.529842018843667,-3.1299565487233105,-9.552432410182253,-6.496496901425307,-6.895923470357244,-3.1644691618250495,-0.013655145239701412,-0.033788285134201578,-8.95080642379018,-19.615118584393348,-3.321651884598161,-4.177487907205782,-24.242011792335796,-0.08228078831867829,-45.560944939905947,-5.393055608491622,-20.944406874661497,-186.69397532465929,-440.0993859911897,-252.36390759561659,-234.56242341570056,-664.3153145562395,-566.29131041657,-446.54365264639929,-255.01063021528328,-122.01309505311069,-451.9260035835379,-492.4974935571453,-208.11552644796553,-208.48406377842663,-235.40400747355518,-301.7567504510957,-131.45341514719014,-489.3426722866496,-193.00114411477274,-349.4249536283603,-383.5025499914822,-308.2794065677916,-174.6024679446152,-526.2613691632987,-165.55190451570568,-294.0649930695227,-152.9674104452571,-148.7985089881915,-183.34181262595446,-87.02113604486611,-545.8826311143845,-178.07335754610947,-200.43488810008089,-134.97952784228654,-255.29492109370939,-125.87236388830839,-217.4197840535564,-389.2002215188991,-364.845848323922,-113.34568586718385,-382.6052755550386,-128.56598033329068,-322.83419086766829,-203.02280009494116,-316.76653629873899,-280.643569274135,-162.33820643706228,-138.51426887038603,-110.18433766015476,-33.77149292088053,-94.88438522892004,-114.73280687246583,-194.07028419959372,-46.20730113282491,-61.07205004636884,-117.91236193891433,-170.48217869506568,-119.92726055823225,-273.97221462423888,-83.92334398882946,-84.64133607829233,-36.73762343081688,-67.31293781691196,-340.1021881610262,-101.70441876963396,-136.44185135135172,-131.50741302700764,-165.33180991872937,-75.11872363992367,-310.54045091525549],[-1.348179720692852,-36.2203257692412,-3.0111681152432614,-2.2684020657606824,-1.0356790917053094,-7.529842018843667,-0.0,-0.24779010753453224,-0.11500385207451479,-6.829445807083305,-6.228284657023083,-0.3523958624944074,-5.098644188477437,-8.233196479217919,-0.0018631191948034665,-0.6078444966027677,-2.005071236574432,-0.6399787613202144,-6.663650433085679,-8.573108587310461,-6.165709748984444,-1.571151530547023,-3.79228584164516,-233.41118668599413,-418.50900425299229,-322.2596127205997,-290.2411031363647,-702.3064865719078,-625.1403211416812,-439.32455118277616,-289.42586936419868,-158.9601613249425,-459.4553881715022,-448.3725243823273,-238.9703092764186,-282.63202411522397,-287.85307376937797,-361.8387654584868,-173.61848199957672,-489.98488951308698,-233.03787724842196,-442.9556319726087,-343.56983352871046,-422.1203784777506,-205.28468740594333,-582.8859236962953,-178.21389341263333,-226.318564525824,-163.7879775819648,-80.17441313264627,-175.78520071179626,-112.99149346666795,-490.8441182746066,-128.56095547238165,-229.800611893455,-177.12950669238647,-254.8909280721513,-83.74306632024703,-181.11345449799709,-319.3910112216784,-289.2126157548263,-121.33238310139756,-225.79904220526118,-75.51341951688169,-223.40831428816279,-163.63668373323149,-198.11549862061058,-239.21179887067368,-120.2344767569694,-213.29390811188464,-201.49546202204238,-102.28128742319194,-152.46151514359026,-208.04751434329826,-263.49241742777959,-52.5829883892094,-85.98710468443565,-204.66676320280309,-270.2554393994944,-133.8113352602772,-470.38598898267289,-152.15125850850147,-130.02635514860996,-63.05963258910014,-127.7781299615903,-475.4850499832104,-176.2715570589109,-221.93297001208493,-250.57476218437089,-252.94937608981179,-99.27331171678613,-362.9348949731573],[-5.144341850495828,-24.480653054729346,-0.5623367100075515,-2.554463829367326,-1.1545932221055935,-3.1299565487233105,-0.24779010753453224,-0.0,-1.0897556652235423,-2.5279930004644175,-7.542959029651608,-0.44506292352071255,-1.8570823393321874,-3.1037759201655534,-0.42006259587149477,-1.8944760525348963,-2.2996770054329818,-0.049795420902551939,-5.13999818883096,-3.1711628429854818,-9.561055683617921,-0.34302440982082779,-3.2296605386123726,-181.59020681800156,-363.14871572461979,-255.77813329235455,-230.10414500663488,-608.732418319147,-532.9835998996997,-378.55746040633246,-233.85638601045253,-118.54984908228707,-393.34255100630227,-395.9125941629809,-189.80431395104209,-219.70142542809914,-228.64154193986986,-293.2413391841304,-130.20734453267526,-422.7928157305894,-182.63080172374519,-359.53700344282097,-299.90717968935959,-336.87196038381037,-160.16602748195536,-494.7462554349565,-140.33116068899649,-202.10716656378254,-128.1654702009306,-75.41951299593161,-142.7452929765415,-81.38594047095109,-437.4103119173114,-111.7711422987531,-182.02157989429095,-133.2557059408429,-210.9006590308416,-71.69462835722845,-154.25152761210257,-285.79276510171516,-260.24141726717058,-92.16516685394544,-226.896443987808,-67.48775828026077,-208.03553825992615,-139.71190564877728,-191.14130734608535,-206.8347215843867,-102.75962965803406,-158.67605120756597,-145.91953687542029,-66.37913481347177,-109.17023629486838,-151.2567757448645,-203.66865056797716,-35.222555949137767,-58.96563919173493,-149.2897768151943,-204.2721226665434,-101.60211755282123,-367.58870977778425,-107.2095405114982,-92.19701319118949,-40.00797696456467,-87.8550599908357,-381.0459692916141,-126.76965265969817,-164.40685392676029,-184.50644849038546,-191.10901067440879,-70.18273983711923,-295.8504150154816],[-0.7895261105013235,-37.09762056966088,-6.347249695679919,-1.3121691603750965,-0.6527667259655348,-9.552432410182253,-0.11500385207451479,-1.0897556652235423,-0.0,-13.172093235754702,-3.5090694169397178,-0.29644914275442438,-6.768863074858639,-11.347931900130148,-0.08102122445764479,-1.4264703681142069,-1.1429757603018414,-2.3134033468631616,-12.866925801633528,-12.093029015579094,-9.220088648431564,-4.38958276381564,-8.116838521707744,-292.4219979767008,-504.47133545117318,-394.43851725876177,-358.16815439671526,-823.9405437062375,-737.9248186253617,-528.5379479030959,-357.9250110594636,-204.87193494332019,-551.6515769601051,-537.1477653798928,-299.4861908850452,-348.136608359512,-355.5497140876731,-440.4443696031139,-222.05730006155705,-585.9065374137073,-292.2810489328285,-531.4298738220991,-418.37276564317667,-505.9915145077548,-260.0702649824026,-690.6560000314117,-228.5112634785303,-281.1882031418133,-211.44871024610922,-105.82116686005658,-225.45572178831925,-149.9796433245386,-584.3954593772271,-167.05575119384023,-288.82307629113469,-226.2432834927133,-317.99538328279916,-113.02214215442457,-230.51587470113067,-388.6679369525938,-353.46357580245685,-160.69431798778727,-269.1781680259769,-101.76720740569276,-274.5627919344068,-209.6731879740871,-242.25834874164603,-298.1515288291613,-157.59512314268353,-266.27474533401309,-249.29056054558309,-128.051789549495,-195.07247222184805,-256.9069642548555,-326.15188109105176,-75.65706115366045,-116.71842135872177,-254.05154873462366,-330.6735038610508,-175.63855421282384,-548.5492053564346,-193.00213521811859,-169.1397395508799,-87.4348324692382,-164.05848075353837,-565.0015770399416,-221.5686660805452,-275.12824517310789,-303.133877896793,-311.83851188299988,-133.2605346570658,-441.9569326278241],[-23.42541024016511,-34.58940444207709,-0.3479580415403557,-17.803135395534665,-12.562625243870656,-6.496496901425307,-6.829445807083305,-2.5279930004644175,-13.172093235754702,-0.0,-32.799653948461337,-9.121923872242496,-5.353532951865494,-4.233294117022353,-7.946196188911099,-8.448123420200007,-17.03642620493904,-1.1223255945384776,-2.145211616812295,-3.6170493591677106,-15.001625744966385,-0.41154386041928689,-2.4637846971696848,-79.60172542948212,-203.34449672299807,-123.91876973066667,-108.3115685943492,-365.63451467238448,-309.56963440013296,-211.15679689205539,-111.61686546611388,-44.75289151688617,-218.85050434018317,-230.24835880172604,-85.11959005681614,-102.20240051378211,-107.4989348347977,-147.60038408205407,-50.9101638456554,-240.0335412579833,-80.40438353210999,-189.99177249714598,-165.14083183329934,-176.27025126300996,-67.83600651866358,-282.99967031775329,-57.93090152996745,-110.40852518765158,-51.338628637981859,-41.8138973415209,-61.79205652166377,-26.2544780644585,-261.26563104223029,-53.39172168599979,-80.61259593590835,-52.54403465685828,-101.19909247457562,-31.132810426837709,-73.81274107378114,-163.45997112576425,-148.79372218095242,-32.51749944228242,-162.1835832143221,-32.50316414434947,-124.58726479012175,-66.19631225896896,-122.78435982302733,-106.37864468103023,-46.65685987010619,-67.81209099497176,-64.1087034382996,-28.291167508521089,-40.913973363455067,-67.10460452318744,-92.62105616315492,-7.243198303998882,-16.20950725985737,-64.74630557082108,-95.69920224350841,-36.86502950346214,-211.5220422100869,-41.501428397601099,-31.83985653543657,-9.053136206127299,-31.764967077579688,-206.21130609601097,-51.638091611099138,-72.18772775756116,-90.11565950895155,-86.81156240397793,-21.09114620114071,-149.60857827204758],[-11.929751324372889,-14.294383301025278,-15.871575110925992,-0.21299862948769536,-0.759106096719033,-6.895923470357244,-6.228284657023083,-7.542959029651608,-3.5090694169397178,-32.799653948461337,-0.0,-1.7939828177308166,-5.743964877860788,-10.58870471538717,-6.494875896022744,-18.249173856940194,-0.264513305233077,-12.595532264256575,-48.69926864047454,-12.120027233036775,-47.21900294597816,-18.61679639387727,-37.939286394949998,-410.2797710267727,-745.5150442994708,-526.9822789570641,-491.62879459295768,-1107.5269688810627,-983.089254595572,-766.5737195494048,-510.6604643482415,-296.7970285931587,-785.633967009492,-802.1968193469912,-434.73530600370847,-459.54394693681646,-491.13665431447927,-597.8328385071095,-316.05555409027388,-834.5058030703256,-416.46083995052569,-686.6848898214045,-645.7777619390935,-632.4090070652926,-380.6862189537764,-924.9668601778811,-352.90910328418036,-479.8039477440739,-330.66077714191,-230.38828591902135,-365.0260607164945,-228.06225971210709,-869.3325949085531,-311.26134550143987,-421.4880098307525,-322.0446743054541,-485.5485662019784,-228.38970358759918,-392.10373948744788,-624.5975630584294,-581.1534111286962,-261.02966913065947,-498.5334404145844,-217.23499264218666,-486.21943764563778,-365.2072354210903,-448.8710795612353,-487.3826766612543,-293.4243315018484,-343.62358485763249,-297.9288142710643,-135.27198588546663,-259.48752599648159,-306.7318604080922,-434.0849051303378,-134.89997604927206,-178.9262620838556,-311.05166517320375,-406.45709675114036,-277.2107268331742,-592.2323535565593,-242.8843641293096,-235.11297044561878,-130.63965904154908,-208.23600656804849,-688.4668359331638,-278.08463058757658,-343.66579706599915,-341.08434075384556,-393.9710543248122,-204.98352398316474,-606.760576514853],[-3.99875146064445,-19.219277511865128,-3.0998279399905117,-0.2603114591561924,-0.03216726055711584,-3.1644691618250495,-0.3523958624944074,-0.44506292352071255,-0.29644914275442438,-9.121923872242496,-1.7939828177308166,-0.0,-1.9280037625448779,-4.271857024888752,-0.4731633757394631,-3.745522002163508,-0.20223715343924096,-1.4473348272884755,-14.478023173490689,-4.769265184194682,-16.38411670093154,-3.1330127275769255,-9.956981332992802,-260.352044914306,-492.62114097631686,-351.81351001155476,-321.4518408527698,-785.9571292854281,-693.7425479926795,-511.200915719658,-328.97662632359137,-178.47857816032059,-528.6952708537954,-532.5813749280025,-273.0805633341736,-304.7900641042739,-320.07004649414287,-400.5834008112431,-193.28478702254223,-564.8040630374023,-262.6747684609809,-477.8440347106327,-414.5613981072174,-445.3465949705623,-234.63448530978475,-647.9660939242029,-210.43482329651727,-289.841495139168,-194.49681447934115,-119.22480556097321,-214.70885447855376,-129.22901563061809,-582.803856174948,-172.4696914163318,-263.20060861901546,-197.37526057415,-302.4277525406303,-117.67048180863532,-229.68394967943244,-395.7419809036628,-363.2315889329439,-146.25893419749793,-307.1658106936735,-110.3513766446771,-293.9324321763443,-210.45590827517027,-268.5365317926106,-297.4256409743916,-160.79853056974725,-224.2541993010326,-201.29613581799658,-91.29667466050833,-161.10146918765359,-208.01136573784536,-284.97707772961078,-65.01309470961198,-97.43419422992783,-207.7110922580326,-278.0538549546815,-158.59299902089919,-456.91459707298909,-154.97178806557484,-140.4722409905891,-68.63124345919191,-129.6724458127318,-495.5788948577008,-180.5124611884626,-228.88099814273779,-243.6864865201694,-264.12080597988338,-113.71881851400825,-404.86517037738749],[-21.502245997113798,-4.854664438841169,-1.2781792464769069,-2.3580649455564299,-1.813985717352589,-0.013655145239701412,-5.098644188477437,-1.8570823393321874,-6.768863074858639,-5.353532951865494,-5.743964877860788,-1.9280037625448779,-0.0,-0.07176501487209713,-6.205509945068877,-14.90168502684728,-2.3196231009746079,-2.7155127718908629,-19.914826419168504,-0.13174139242626485,-37.39430666439833,-3.807416942017222,-16.702182202958754,-187.89990672628839,-431.47651606310526,-255.7304894126824,-236.4318045544974,-661.7714854549706,-566.6680007397977,-439.63586473450229,-254.2802195967422,-122.69143529973167,-446.77051491580098,-480.82083548688947,-207.32662386549877,-212.6161653650919,-236.89832709560157,-303.6889580187923,-132.62354529690757,-483.15566950589746,-193.39395846799264,-354.9137249129565,-372.94397616794898,-316.2694858415123,-174.07479227309595,-526.5657978035448,-163.00656343511577,-280.53391554889387,-150.32705246674946,-136.0338410781324,-178.20928925547228,-86.86213965433669,-532.5870782541102,-167.7023095019888,-199.53543443606703,-136.1149547520731,-250.43406583565057,-116.91599203185162,-208.4331019268212,-374.85872051961896,-349.8949076904609,-110.79979082414205,-356.80766814882255,-118.10268987737057,-305.0041624973609,-193.75982530577057,-296.38207952526036,-270.54908243337169,-153.06309282495259,-143.1981998936921,-116.78763179727618,-38.437127471125837,-98.07266864969755,-121.51953922709054,-197.77408774401386,-44.47466499152175,-61.14723318523949,-124.00035246193163,-177.65121882797963,-117.99569927804827,-291.0711059274594,-88.31235009907369,-86.63037933389703,-37.34782695431471,-71.03669343922255,-350.34446923716066,-106.62393512823297,-142.28464994474173,-140.87471887017083,-171.22299556210619,-74.91233488854606,-311.52899415971668],[-30.023240205682908,-4.517041274730577,-1.1703249204326652,-5.328054025996741,-4.3034663427863129,-0.033788285134201578,-8.233196479217919,-3.1037759201655534,-11.347931900130148,-4.233294117022353,-10.58870471538717,-4.271857024888752,-0.07176501487209713,-0.0,-9.805006528445477,-19.486107605306825,-5.259883171331982,-3.5972952812300407,-20.251171967426495,-0.0013948235941323618,-43.337103766891818,-4.223453819675223,-18.0359994670508,-156.79650542577375,-388.7017789056238,-215.5936812309674,-199.58337132432147,-593.7950107630102,-502.66215878265799,-393.9809313570752,-218.2113221467308,-99.71220811034554,-398.3839746445844,-438.02719532671406,-176.1233941461441,-176.29301528600724,-200.353350441336,-260.21116381439898,-107.95185673179157,-433.03054081121817,-162.47680312535753,-303.58409841232807,-337.9178720212174,-266.6151185114129,-146.2169981204903,-465.7338370622643,-138.61377156588808,-258.97435047822798,-127.51966965417819,-131.03467061428726,-155.2703126103169,-69.43765597822962,-487.8317087935716,-153.78797960966808,-169.27859682699205,-111.04808818689684,-219.4705484559185,-107.41416361241869,-187.50808104025055,-345.2728658310442,-323.6551699704234,-92.7706229503255,-350.73109133992878,-111.21221997254787,-288.3544344482391,-174.92002920821549,-285.72736043044258,-244.65817839021785,-139.18361149557067,-114.41141106303512,-90.35222137555192,-25.916165524879554,-76.23025994729312,-94.34369972467158,-163.40050124743724,-35.303864903731,-47.29464187211447,-96.82942150848295,-143.1376265522065,-98.32574677400155,-239.8434350569133,-67.09427827960657,-67.30490389861028,-27.03262851319572,-52.84296685334902,-295.9607829939653,-82.47399476387298,-112.86983209794548,-110.07714584032016,-138.25014004871083,-59.248524056828738,-268.2283804855625],[-0.9461412636620764,-39.71435371521112,-3.800918145835893,-2.528417317804419,-1.2324032251331339,-8.95080642379018,-0.0018631191948034665,-0.42006259587149477,-0.08102122445764479,-7.946196188911099,-6.494875896022744,-0.4731633757394631,-6.205509945068877,-9.805006528445477,-0.0,-0.4797061207956959,-2.2460218535373306,-0.9014847723027037,-6.979800061713726,-10.20026930500293,-5.580184992333295,-1.9807682911860325,-3.9409698876934198,-242.94526285199056,-426.9371514562247,-334.46920706763276,-301.18527269621907,-717.5048134615411,-640.646402556655,-448.84519683143108,-299.179654828805,-166.6068243645063,-470.0734558054199,-455.897639623699,-247.7184766887762,-294.4660648903352,-298.5823264867596,-374.08503693794497,-181.8355363085569,-500.5981643042696,-242.19652109832362,-458.14025509037568,-349.92191836800068,-438.1145853645727,-213.44589345699866,-597.7776887490162,-184.87987369016697,-229.29106215746476,-170.0775730919474,-80.2954473445677,-181.2749873157762,-119.067928043681,-498.27532216292038,-130.78387304863456,-238.3121797460735,-185.41204588891623,-262.14884319714528,-85.38387108529909,-185.0869130767206,-323.6797436937331,-292.72041122057188,-126.5957739020061,-223.59475822765348,-76.36498082518449,-224.5173470248182,-167.11348770056106,-197.69657852969068,-243.89391891897516,-122.69568238974797,-224.0058160247295,-212.85114337281707,-110.32566146671847,-161.1055189552305,-219.62699895626029,-274.7649913258465,-56.00746861239222,-91.36304967875386,-215.8499710545809,-283.25159772761369,-139.66925465671796,-491.15344369102146,-161.3538869812008,-137.54451312957577,-67.89881968740312,-136.05645805151065,-493.3263410519165,-186.28656842406304,-233.362748316847,-264.19314420433246,-265.0234114957414,-104.9320584787175,-374.77180292003876],[-0.859151490683141,-69.40510964487575,-6.447617637357509,-9.866320650997868,-6.367760329522949,-19.615118584393348,-0.6078444966027677,-1.8944760525348963,-1.4264703681142069,-8.448123420200007,-18.249173856940194,-3.745522002163508,-14.90168502684728,-19.486107605306825,-0.4797061207956959,-0.0,-9.157211054043956,-1.8070305650425618,-3.016108127995767,-19.534827088225524,-0.9729856664712624,-2.4396516408998147,-1.3068540267772438,-218.4156584495603,-354.24062475530379,-306.50371764130969,-271.8066220805623,-631.2396024268505,-570.1599352479468,-377.8376312780558,-261.4719882679324,-150.21535695227775,-401.2174035782083,-373.33314180168466,-215.97429927828714,-274.48436400008219,-268.2067905505087,-336.38287012124467,-165.1911335767783,-425.9427683362196,-214.95574893505506,-423.64925078935547,-281.71136640576256,-416.03552354631719,-186.7820780317585,-531.2845306938442,-155.76922148537657,-171.06617743379548,-142.62323402882874,-48.77319040538125,-145.9470532116879,-106.29939761580695,-407.74549680610905,-92.6273519908123,-207.37584999121504,-168.15018617096764,-217.2938481274562,-57.325170378917089,-141.06268400804013,-251.43372165373507,-223.4479575130316,-105.25703298459571,-151.8836791378289,-48.14685386110468,-160.80007151789006,-125.1626688529193,-135.49845768062029,-189.75372011375596,-87.6086040292759,-216.33429132346655,-217.62144890579988,-128.40327385928189,-156.17358273916455,-224.18542245259415,-255.62070825753174,-47.30913411507277,-83.5738078546,-216.9386209387836,-278.76690142147387,-118.30003239254994,-509.64165198155475,-162.85374973811279,-130.72556914150818,-66.25321271452059,-138.63991291576006,-474.2406681834382,-186.132770528056,-230.03922555159637,-276.4490554420999,-256.93331697959669,-94.04435860593705,-333.8556025634638],[-7.188577300300806,-13.812170823287591,-6.810372012925807,-0.00014844529953725799,-0.02037544060781861,-3.321651884598161,-2.005071236574432,-2.2996770054329818,-1.1429757603018414,-17.03642620493904,-0.264513305233077,-0.20223715343924096,-2.3196231009746079,-5.259883171331982,-2.2460218535373306,-9.157211054043956,-0.0,-4.7834716889573,-27.566103387429128,-6.100947882294737,-29.303060806146744,-8.102665040723068,-20.528207763380107,-318.72194135466028,-599.0469545546921,-419.85852491167699,-388.07362225506798,-919.263799380657,-811.9150535525097,-617.9614158540129,-401.6537864115853,-223.82224287543176,-635.3767461510634,-647.4498791092134,-337.3088492270212,-363.823783340345,-387.2410507491977,-478.6698655867347,-240.2585021103776,-677.39489674365,-323.04619628909588,-559.2389122885835,-512.5275906689057,-516.2765820227679,-292.1668780837022,-760.8689160312591,-267.36574249800676,-371.42646596363968,-248.8200627848655,-167.1296882816593,-276.05808530117499,-166.8572154349491,-705.6044807644865,-231.10418092001957,-326.05714152016398,-245.16058650056002,-377.5239691609152,-163.94829796565086,-297.7444081543463,-494.2506502352329,-457.31262778421407,-191.59471408003439,-394.10016245627699,-155.59594320360785,-378.20557946321795,-275.3862590649907,-348.6911774229617,-377.61728286857149,-216.40154960197678,-268.0893308421752,-234.5805536186611,-103.64420882069482,-196.89787982250935,-242.07804090989516,-341.8270443026971,-91.47597008303838,-127.79318269651823,-244.0886413513677,-324.4559679348975,-205.26031117916336,-501.22256131354586,-185.77386725158002,-175.31581720989986,-90.76116158058841,-156.93622678139747,-567.9246907476349,-215.0762192173238,-270.2025568365479,-275.8251879775517,-311.77290394464566,-148.23851983426898,-485.35563615948919],[-6.735609226984726,-29.45223865896987,-0.2734023140861681,-5.188156384008986,-2.834686862607285,-4.177487907205782,-0.6399787613202144,-0.049795420902551939,-2.3134033468631616,-1.1223255945384776,-12.595532264256575,-1.4473348272884755,-2.7155127718908629,-3.5972952812300407,-0.9014847723027037,-1.8070305650425618,-4.7834716889573,-0.0,-2.711464244911602,-3.4812220740038275,-7.766205963675649,-0.03748477243448096,-1.6523345612773089,-150.98818989209065,-309.9390438489399,-217.758292509079,-194.0784002419241,-534.5652969549755,-466.30705920436017,-324.03661797057466,-196.1096582909843,-95.98194235402373,-337.7099956104677,-339.3354149679514,-157.19842332623979,-186.4442315523965,-192.57004313446485,-250.24528613022944,-106.31309111370696,-364.1536256345884,-151.45530068970556,-311.8488775083231,-253.12439438534748,-293.56909723961265,-131.36624060731959,-431.4246837454851,-113.3451331014354,-166.8884682612337,-102.79196735797585,-58.901020329366428,-114.85757509558769,-63.88638406054502,-376.85874251474226,-88.38317753904258,-150.31901872322764,-108.91814645370542,-174.55612822910499,-54.59410471165459,-124.65947921420133,-240.82853453857948,-218.2801174412884,-71.99544466735634,-193.89517366971357,-51.5539411161153,-173.27715651085817,-112.11682390149298,-159.82572711567529,-170.61152383270204,-80.57677391483682,-133.7866776976717,-125.39712129830639,-58.39848717363501,-90.0023490862706,-130.16035161463464,-172.03035614045963,-25.120826289547315,-45.34348995925527,-127.46566497858999,-175.95292410452672,-80.22436816982042,-333.0248532057552,-89.8030629795701,-74.53766298250317,-30.359665590629324,-72.89219092470477,-335.16883843027247,-106.8795425838779,-140.0146545088849,-162.50371039733146,-163.08260172545077,-54.472519730044627,-252.09033870242346],[-13.73177223398773,-83.37340135265493,-4.673883766342645,-28.957183211483615,-20.747946926155654,-24.242011792335796,-6.663650433085679,-5.13999818883096,-12.866925801633528,-2.145211616812295,-48.69926864047454,-14.478023173490689,-19.914826419168504,-20.251171967426495,-6.979800061713726,-3.016108127995767,-27.566103387429128,-2.711464244911602,-0.0,-19.033191790401206,-2.5010883516251245,-1.5296832769504168,-0.043819296913247218,-98.66929746167816,-180.2315095487731,-152.86983566493596,-130.29745574442686,-363.0665060682584,-321.27353444441339,-194.4300757197906,-122.0347138739274,-61.13434437532045,-208.90700732377995,-194.6480962591775,-95.47343093030968,-135.2995959115124,-127.7605236199584,-169.43128608198888,-69.64380467093375,-225.3442013427252,-95.83378765906832,-228.30285753002793,-136.3428500441469,-228.1314980115462,-79.28341120189117,-294.9554130431526,-61.28948314971578,-74.7394048866982,-54.327944734758599,-15.61440919106571,-55.791798325986828,-38.32376309269941,-218.36452493280488,-31.724440086871679,-90.5170503542759,-71.13914963688358,-95.3131562930094,-15.502286556524047,-54.729895776161949,-121.6667755980072,-105.91256470421409,-35.6413075990371,-85.10302901932775,-13.143818265251845,-74.70606697516239,-46.72380921773246,-65.70234684276221,-81.9538296608827,-28.606702313281898,-104.68158864671502,-113.95759400543179,-74.63405843574005,-69.94352513773691,-117.8905560239126,-123.6652285800676,-11.471885240684813,-28.578115012581884,-110.72826880050161,-146.26835232446778,-42.32657149156113,-321.7084630898699,-78.1241947411189,-54.27824374796107,-23.20586916405309,-64.8165069804144,-269.7248733002838,-90.89423437069725,-115.89521673988569,-157.76554649198685,-130.0077607594285,-32.64166254719023,-167.10701723294077],[-31.03081527790779,-5.138233781844319,-1.0051505680908009,-6.196107276140539,-4.948000589925261,-0.08228078831867829,-8.573108587310461,-3.1711628429854818,-12.093029015579094,-3.6170493591677106,-12.120027233036775,-4.769265184194682,-0.13174139242626485,-0.0013948235941323618,-10.20026930500293,-19.534827088225524,-6.100947882294737,-3.4812220740038275,-19.033191790401206,-0.0,-42.65960740340358,-3.92280729334698,-17.1641126251926,-147.25049414422856,-371.7499622793874,-203.79476328977155,-188.35531223222689,-570.5325470674146,-481.7837991074847,-376.676047766621,-206.3239388232737,-92.67807879130938,-380.788194501415,-419.97372042400618,-165.839762130765,-166.0357026487846,-189.09427541489883,-246.78782382291156,-100.52960667369223,-414.48070681515579,-152.70621971960058,-288.78596379560619,-322.8711757810925,-253.25833325195493,-137.13985797202978,-445.89951791337679,-129.9744265693699,-247.36114109464519,-119.3727988262149,-125.17180054271465,-146.19480098711706,-63.943393313025058,-468.53760469234978,-145.8361292078066,-159.2712830054554,-103.48275995654869,-207.81964941071335,-101.41535931990133,-177.72791608240835,-330.6913183487448,-309.97362211199609,-86.23788896223712,-339.9054990834967,-105.53794609786759,-276.84105341661975,-165.73308516087296,-275.2990176905985,-232.83037912880813,-131.63242674451724,-106.84941292506139,-84.22456838615672,-23.644833713112559,-70.44321141412547,-88.03541908906613,-153.642560392214,-31.955664760520347,-43.052991692806759,-90.28398481597198,-134.53871182928473,-91.46820595620103,-229.1312447218124,-61.92303925416075,-61.93192143628977,-24.124573293702878,-48.43374972285163,-281.8110467260711,-76.52221332494345,-105.500284106901,-103.45875622361008,-129.71970040635657,-54.31602598636556,-254.5300547896538],[-4.192666457210991,-126.96334545728,-16.56448876784126,-30.82984712396566,-22.99024454477036,-45.560944939905947,-6.165709748984444,-9.561055683617921,-9.220088648431564,-15.001625744966385,-47.21900294597816,-16.38411670093154,-37.39430666439833,-43.337103766891818,-5.580184992333295,-0.9729856664712624,-29.303060806146744,-7.766205963675649,-2.5010883516251245,-42.65960740340358,-0.0,-7.544633820557914,-1.466940330296636,-203.0941276842858,-285.17642755434425,-288.462512219397,-251.57248372266018,-547.3312265075476,-504.28720437379209,-310.65633012582279,-231.32000026715745,-143.19886584485173,-336.498930235547,-293.44332646333199,-192.1359471640021,-265.62156459288647,-246.7365107808678,-307.11787121629279,-158.2314475867983,-354.75754143651286,-196.36487031575616,-399.21909839690667,-217.65100862916817,-406.6573634145599,-168.3843847612986,-469.85835458488136,-134.02583038615257,-118.26864710085332,-122.53500959501287,-24.386669516226467,-117.16198281313359,-102.40125490444271,-319.06646926243658,-60.86074746352382,-184.34651068875469,-160.5147748829289,-178.59851154921453,-35.7415035572769,-103.02115326687319,-183.3075832444649,-158.71464022433234,-91.32877452302715,-86.73440327846332,-26.63685747715508,-102.79541369260032,-89.3167012294326,-79.7743108337163,-140.98520498655817,-58.90518289967772,-221.62410651606147,-238.97338034559579,-166.2192817192536,-163.48895583262968,-245.3922390823655,-247.4558082502,-45.83058049508858,-84.91343704062395,-233.45869081997919,-289.32245732801729,-104.64618925627355,-553.2694974439681,-178.65226091563518,-134.92399735608888,-74.60258484843664,-155.21139080560065,-469.288732139108,-200.34982514145509,-241.14201571483134,-308.8076534778851,-262.51247323916047,-91.99826741597501,-300.77693755812489],[-9.57556400809964,-33.86601485772661,-0.20723413063095837,-8.659168575821117,-5.279002536412495,-5.393055608491622,-1.571151530547023,-0.34302440982082779,-4.38958276381564,-0.41154386041928689,-18.61679639387727,-3.1330127275769255,-3.807416942017222,-4.223453819675223,-1.9807682911860325,-2.4396516408998147,-8.102665040723068,-0.03748477243448096,-1.5296832769504168,-3.92280729334698,-7.544633820557914,-0.0,-1.0214985128108465,-125.09878531890831,-266.40897379669226,-184.84340793046435,-163.29205851090758,-471.20893557759549,-408.90749796979807,-279.00154408681677,-164.45496145229078,-77.19136605236182,-291.3236140151934,-293.4505614449442,-130.05138267683936,-157.47190822967063,-161.83874432897827,-213.34261431673449,-86.24917663321344,-315.3371840891678,-125.27040481645776,-269.91665408598137,-215.60587945264809,-254.79192178206655,-107.47353520504798,-377.00969251169189,-91.49132740808236,-139.92690225377275,-82.35764872330134,-47.59471505085356,-92.75423191124399,-49.66969033429138,-327.79658437520819,-71.02661981843531,-123.98605617682493,-88.48034084400806,-145.04061406049815,-42.317036638913737,-101.78310975698243,-205.58114594428418,-185.74012745913616,-56.036377634927067,-170.7325848739543,-40.436707986766339,-147.39037091982605,-91.00225561230889,-137.25066900055342,-142.2000509920456,-64.07666550939979,-111.8809662845835,-106.6149195367954,-50.61218990004612,-73.42572359867101,-110.8364449502416,-144.58029952972675,-17.563149393945609,-34.373130093688477,-107.74559730151324,-150.3694765676554,-63.09057621297707,-299.1139056551548,-74.34478102403776,-59.59883868734808,-22.58045256571631,-59.694960185886937,-293.51855889307248,-89.16003050865587,-118.1872329795538,-141.6042302503654,-138.1300465506771,-41.79831955038245,-214.75053014086775],[-8.535897012735763,-76.19791191219693,-3.951318611123033,-21.699624782260888,-15.007830484439502,-20.944406874661497,-3.79228584164516,-3.2296605386123726,-8.116838521707744,-2.4637846971696848,-37.939286394949998,-9.956981332992802,-16.702182202958754,-18.0359994670508,-3.9409698876934198,-1.3068540267772438,-20.528207763380107,-1.6523345612773089,-0.043819296913247218,-17.1641126251926,-1.466940330296636,-1.0214985128108465,-0.0,-121.56608413338855,-215.9133496844497,-183.06176028447733,-157.91615553700843,-419.55828801497889,-373.1118739499712,-232.07165884412064,-149.37616298423095,-77.46005839276407,-248.40033307959937,-231.65635207540817,-118.66215266166,-162.2581187509793,-155.1704708311096,-202.67863244783545,-87.32