{"name":"DynamicObjectArray","generic":13,"parameters":{"array":[{"name":"MatrixSerializable","generic":11,"parameters":{"name":"K_train_train","value":[[1.0,0.9999999999999819,0.9999999999987712,1.0,1.0,0.9999999999999728,1.0,0.9999999999999998,1.0,0.9999999995525362,1.0,1.0,0.9999999999999925,0.9999999999993288,1.0,1.0,1.0,0.9999999999999949,0.9999999999959512,0.9999999999980133,1.0,0.9999999999998591,0.9999999999998988,-0.9999999998891472,-0.9999999999997777,-0.9999999999999587,-0.9999999999992215,-1.0,-1.0,-0.9999999999999854,-0.9999999999967296,-0.9999997415782711,-0.9999999999999989,-0.9999999999994448,-0.9999999997986091,-0.999999999999319,-0.9999999999988961,-0.9999999999999951,-0.9999999594999743,-0.9999999999999996,-0.9999999998295466,-1.0,-0.9999999997704248,-1.0,-0.9999999963002193,-1.0,-0.9999997631843368,-0.9997519169490987,-0.9999987471783656,0.9999953979266774,-0.999996789980836,-0.9998501219971873,-0.9999999999998053,-0.3226040724556498,-0.9999999995168419,-0.9999999720352689,-0.9999999988479797,0.9903555895750981,-0.9998717245591592,-0.9999999054958282,-0.9999972089903517,-0.9997620411227313,0.9999298672140887,0.9998881149596757,-0.8655811470529472,-0.998460570301617,0.9836329195744789,-0.9999990333913827,-0.43419263457784937,-0.9999999996240677,-0.9999999964035258,-0.9282115857472704,-0.9999996099265616,-0.9999999982333302,-0.9999999999963882,0.8784550666547201,-0.9891603123928962,-0.9999999983630651,-0.9999999999978096,-0.9999731595364858,-1.0,-0.999999324519606,-0.9999924286497388,-0.2683728699277557,-0.9999798183647154,-1.0,-0.9999999686113474,-0.9999999998035571,-0.9999999999033101,-0.9999999999915714,-0.9987357150271899,-0.9999999999999928],[0.9999999999999819,1.0,0.9999999999991808,1.0,1.0,1.0,0.9999999999999893,0.9999999999999715,0.9999999999999999,0.9999999982324022,1.0,1.0,1.0,1.0,0.9999999999999882,0.9999999999617273,1.0,0.9999999999985739,0.9999921363916087,0.9999999999999999,0.9999988929899176,0.9999999999615554,0.999999664118361,-0.9999996533372241,-1.0,-0.9999999913376984,-0.9999999931768772,-1.0,-1.0,-1.0,-0.9999999999328475,-0.999550632559635,-1.0,-1.0,-0.9999999958504832,-0.9999981116526279,-0.9999999959637932,-0.9999999999751884,-0.9997541341333126,-1.0,-0.9999999329702712,-0.9999999999585533,-1.0,-0.9999999648057623,-0.9999998370961093,-1.0,-0.9999999411998162,-0.9999999999999929,-0.9999997783045072,-0.9999996844969065,-0.9999999986055959,-0.9693384115537267,-1.0,-0.9999999991878665,-0.9999999922175732,-0.9998542971633597,-0.9999999999976887,-0.9999989494378693,-0.9999999999891965,-1.0,-1.0,-0.9999635104404752,-0.9999999999999992,-0.9999983753329,-0.9999999999999987,-0.9999999999552172,-0.9999999999999897,-0.99999999999997,-0.9999999948122377,-0.9681170295400456,0.9879473048920684,0.9999999999034653,0.1272639625413751,0.9807226675070695,-0.9999951652116548,0.8090024065074439,0.5411821464954847,0.8196987703747688,-0.9624377503562597,-0.9999738514982124,0.924107231364069,0.9894199381336799,-0.0868848889974583,0.9996278927122988,0.9989773619356696,-0.99999993674599,0.8773706389452821,-0.6284715639851742,0.9993132305833739,-0.9934124202082876,-0.7784293057598652,-0.9999999999953451],[0.9999999999987712,0.9999999999991808,0.9999999875418758,0.9999999999999271,0.9999999999995576,0.9999999999361698,0.9999999999753576,0.9999999997509477,0.9999999999987835,0.9999991020905308,0.9999999999999981,0.9999999999978388,0.9999999999403754,0.9999999995183543,0.9999999999820143,0.9999999996307688,0.9999999999999077,0.9999999975787663,0.9999975619558789,0.999999999031433,0.9999999823659705,0.9999999803764632,0.9999997230019798,-0.9999810855136507,-0.9999999992106183,-0.9999995443861854,-0.9999988829464693,-0.999999999999829,-0.9999999999977153,-0.9999999996250741,-0.9999995592575826,-0.997847276935591,-0.9999999997971105,-0.9999999996956355,-0.9999939936191232,-0.9999941030976347,-0.999998931277237,-0.9999999618935244,-0.9990270338734765,-0.9999999999331678,-0.9999867657507457,-0.9999999943943708,-0.9999999825980389,-0.9999999433952401,-0.999952152448882,-0.999999999992015,-0.9998615068191651,-0.9999891137293538,-0.999640936076125,0.23502251320871593,-0.9998949405071045,-0.9382356743467696,-0.9999999999211476,-0.9941785939151998,-0.9999902955320837,-0.9992653983673581,-0.9999989031287087,-0.6860026306904098,-0.999918937477116,-0.9999999115768657,-0.9999995488247371,-0.9904880712005796,-0.9968140173315568,-0.038063723310767048,-0.9999461693095931,-0.9997164979800404,-0.9988440874076943,-0.999997296429256,-0.9906359526729398,-0.9990851712237405,-0.9686952966945079,0.9983203424589708,-0.9663518740261862,-0.9784495308804613,-0.9999863939813738,0.8536184803817761,-0.19713677893855895,-0.9895560438178124,-0.99982374040935,-0.9958049502993464,-0.9999649750950128,-0.8296456707530808,-0.9231595122122179,0.9341250448327589,-0.2645075084483249,-0.9999999776075379,-0.9689139944727494,-0.9983515814018649,-0.9771997419012315,-0.9998387226343447,-0.7838796590359337,-0.9999999739405422],[1.0,1.0,0.9999999999999271,1.0,1.0,1.0,1.0,0.9999999999999999,1.0,0.9999999998814182,1.0,1.0,1.0,0.9999999999999997,1.0,0.9999999999999999,1.0,0.9999999999999965,0.9999999995323762,0.9999999999999989,0.9999999999999355,0.9999999999998641,0.9999999999895355,-0.9999999995785529,-1.0,-0.9999999999994275,-0.9999999999970209,-1.0,-1.0,-1.0,-0.9999999999993006,-0.9999983754106157,-1.0,-1.0,-0.9999999999341179,-0.9999999999541254,-0.9999999999971734,-0.9999999999999916,-0.9999996064770569,-1.0,-0.9999999997601109,-0.9999999999999998,-0.9999999999999957,-0.9999999999999882,-0.9999999976129024,-1.0,-0.9999999824641354,-0.9999999996023956,-0.9999999070832858,-0.14428145853673245,-0.9999999870539859,-0.9993748572427255,-1.0,-0.9999796424261189,-0.9999999998471268,-0.9999997576975737,-0.999999999995576,-0.9731264736782599,-0.9999999895316335,-0.9999999999999099,-0.9999999999983886,-0.9999718363301242,-0.9999857786654043,-0.6016921706090127,-0.9999999919711489,-0.9999999047112254,-0.9999980579513764,-0.999999999971029,-0.9999559824154966,-0.9999997293649364,-0.9998930400342265,0.9998702312691504,-0.9998413760141884,-0.9999449895436597,-0.9999999997994274,0.8492582218292974,-0.8852480833885303,-0.9999835556268584,-0.9999999867223324,-0.9999935943010735,-0.9999999995269087,-0.9973315741686051,-0.9992374058306073,0.9518104356342627,-0.9354380916281939,-0.9999999999999979,-0.99988005977243,-0.9999993118271421,-0.9999489844403597,-0.9999999875936383,-0.9936224022907584,-0.9999999999999953],[1.0,1.0,0.9999999999995576,1.0,1.0,0.9999999999999999,1.0,0.9999999999999995,1.0,0.9999999995767589,1.0,1.0,0.9999999999999999,0.999999999999996,1.0,0.9999999999999996,1.0,0.9999999999999789,0.9999999990448931,0.9999999999999877,0.9999999999998457,0.9999999999993615,0.9999999999733545,-0.9999999984838173,-0.9999999999999997,-0.9999999999973149,-0.999999999985885,-1.0,-1.0,-0.9999999999999999,-0.9999999999954846,-0.9999964546641939,-1.0,-0.9999999999999999,-0.999999999680757,-0.9999999998513119,-0.9999999999861335,-0.9999999999999407,-0.9999991021583546,-1.0,-0.9999999990364694,-0.9999999999999983,-0.9999999999999218,-0.9999999999999488,-0.9999999910260722,-1.0,-0.999999929964541,-0.9999999954056105,-0.9999996618682859,0.43113173187187256,-0.9999999337696505,-0.9989886744513366,-1.0,-0.9998946961220864,-0.9999999992912922,-0.9999994268530141,-0.9999999999645565,-0.9177380380036418,-0.9999999261728717,-0.9999999999982676,-0.9999999999725588,-0.9999281656509755,-0.9998164067471332,-0.1404479725068681,-0.9999998975868124,-0.9999993925878209,-0.9999787221083537,-0.9999999996928947,-0.9997990269583011,-0.9999995518157089,-0.9999054818099223,0.9994645293627392,-0.9998072986768962,-0.9999497372531921,-0.999999999391961,0.8524997786523538,-0.8728143057750151,-0.9999824215693038,-0.9999999780323194,-0.999983215896683,-0.9999999995071867,-0.9976867952994158,-0.9990519887252429,0.9290624759773627,-0.9521457876163847,-0.9999999999999911,-0.9998760846701705,-0.9999990456304451,-0.9999625971250021,-0.9999999769496623,-0.9910831886312759,-0.9999999999999638],[0.9999999999999728,1.0,0.9999999999361698,1.0,0.9999999999999999,0.9999999999999918,0.9999999999998355,0.9999999999988373,0.9999999999999965,0.9999999737568829,1.0,0.9999999999999982,0.9999999999999873,0.9999999999998832,0.9999999999998616,0.9999999999710582,1.0,0.9999999999733672,0.9999983983050951,0.9999999999997042,0.9999999738769445,0.9999999995811005,0.9999998979310677,-0.9999988437743742,-0.999999999999974,-0.9999999791444795,-0.9999999654407606,-1.0,-0.9999999999999997,-0.9999999999999806,-0.9999999972123304,-0.9994751597747391,-0.9999999999999827,-0.9999999999999975,-0.9999999126723653,-0.9999989424892812,-0.9999999729428951,-0.9999999996422797,-0.9997596589390991,-0.9999999999999972,-0.999999535961608,-0.999999999878294,-0.9999999999993862,-0.9999999908852417,-0.9999984163463682,-0.999999999999998,-0.9999978684765766,-0.9999999994333221,-0.9999930361241074,-0.9963492676810283,-0.9999996175384577,-0.9714042875145208,-0.9999999999999998,-0.9999954370231896,-0.9999998440286623,-0.9998394110106118,-0.9999999987052061,-0.9985992819924359,-0.9999999560971006,-0.9999999999988749,-0.9999999999932845,-0.9994891906341197,-0.9999999895792807,-0.9950850759968093,-0.9999999991563749,-0.9999998176579877,-0.999999984777915,-0.9999999995991237,-0.999986562481687,-0.9982994744821715,-0.4240261093177945,0.9999987368493706,-0.8897889696485489,-0.5893300335899966,-0.9999972738529158,0.8358898680048943,0.007667384713807396,-0.8847217989008119,-0.9993979032649253,-0.9997433754892272,-0.9961474589074835,0.16664412971748294,-0.8408281164104761,0.9924584672396788,0.8519833741282493,-0.9999999937869956,-0.7360045120957504,-0.9925572978013978,0.027213541072491865,-0.9997236744998228,-0.8460158733153712,-0.9999999998603602],[1.0,0.9999999999999893,0.9999999999753576,1.0,1.0,0.9999999999998355,0.9999999999999997,0.9999999999999714,1.0,0.9999999939623736,1.0,1.0,0.9999999999999177,0.999999999997256,0.9999999999999999,0.9999999999999978,1.0,0.9999999999994232,0.9999999990336121,0.9999999999928269,0.9999999999999337,0.9999999999894293,0.9999999999586204,-0.9999999892932375,-0.9999999999987148,-0.9999999999783942,-0.999999999836306,-1.0,-1.0,-0.9999999999997929,-0.9999999998007653,-0.999991143343979,-0.9999999999999604,-0.9999999999988173,-0.9999999925216606,-0.9999999995991455,-0.9999999998091825,-0.9999999999982779,-0.9999978383081137,-0.999999999999987,-0.9999999891476207,-0.9999999999999774,-0.9999999997295791,-0.9999999999998694,-0.9999998893580027,-1.0,-0.9999982741035853,-0.9999860513553318,-0.9999929601322551,0.9975188940448769,-0.9999944076369268,-0.9983576329693109,-0.999999999999684,-0.9627545479568198,-0.9999999845363592,-0.9999984808199544,-0.9999999931772562,0.640452636862452,-0.9999681528580043,-0.999999984830751,-0.999999778894023,-0.9993065734787383,0.5665584572709272,0.9825710453580182,-0.9990816145447788,-0.999764840569715,-0.7821216856501245,-0.9999996375282046,-0.9571612917490746,-0.9999998104029598,-0.9999952852602178,0.7966372666054337,-0.9999456921670472,-0.9999973695026703,-0.9999999984698362,0.8661779334925046,-0.9171571982784087,-0.9999983429616206,-0.9999999947740885,-0.9998591573423779,-0.9999999999943908,-0.9998079559779525,-0.9995942544924438,0.6161539750697814,-0.9968383735054114,-0.9999999999999863,-0.9999857500846566,-0.9999998087111921,-0.9999993865097617,-0.9999999900985543,-0.9894230788830641,-0.9999999999983138],[0.9999999999999998,0.9999999999999715,0.9999999997509477,0.9999999999999999,0.9999999999999995,0.9999999999988373,0.9999999999999714,0.9999999999990294,0.9999999999999993,0.9999999594192326,1.0,0.999999999999997,0.9999999999992152,0.9999999999855906,0.9999999999999832,0.9999999999996796,0.9999999999999999,0.9999999999848357,0.9999999731996148,0.9999999999658128,0.9999999999857668,0.9999999997951516,0.999999998323529,-0.9999997821921164,-0.9999999999898982,-0.9999999987547033,-0.9999999943262267,-0.9999999999999999,-0.9999999999999991,-0.9999999999973375,-0.9999999961608498,-0.9999154280059373,-0.9999999999991786,-0.9999999999941523,-0.9999999012723658,-0.999999978316993,-0.9999999940022688,-0.9999999999087826,-0.9999731158027011,-0.9999999999997429,-0.9999998184127005,-0.9999999999964336,-0.9999999991864725,-0.9999999999701886,-0.9999988162957347,-0.9999999999999958,-0.999991461165635,-0.9999934768992683,-0.9999708632872404,0.9459787995356929,-0.9999864872070481,-0.99256966063528,-0.9999999999985485,-0.9894512936354479,-0.9999998150722727,-0.9999806761149268,-0.9999999616762985,-0.10976681541127889,-0.999971156882767,-0.9999999847302202,-0.9999998564505124,-0.9982473599687212,-0.89137092474434,0.8149782694160801,-0.9998689150227403,-0.9998435138552789,-0.9883156020179493,-0.9999995228554985,-0.985418814364057,-0.9999925642700516,-0.999746269421189,0.9828915568521163,-0.9990723340704065,-0.9998461546873314,-0.9999999327729503,0.8598660593590013,-0.7489785472762142,-0.9999175541223704,-0.9999995098659581,-0.9994999769807351,-0.9999999938206391,-0.9956549429619864,-0.9959167184106545,0.83576722240466,-0.9526071470942094,-0.999999999994278,-0.9995533813047325,-0.9999897997710668,-0.999925048471254,-0.999999350224592,-0.9612611338772064,-0.9999999999261909],[1.0,0.9999999999999999,0.9999999999987835,1.0,1.0,0.9999999999999965,1.0,0.9999999999999993,1.0,0.9999999993614347,1.0,1.0,0.9999999999999983,0.9999999999999132,1.0,1.0,1.0,0.999999999999981,0.9999999999011661,0.9999999999997418,0.9999999999999978,0.9999999999994865,0.9999999999971954,-0.9999999993196881,-0.9999999999999824,-0.9999999999993577,-0.9999999999939432,-1.0,-1.0,-0.9999999999999977,-0.9999999999931345,-0.999998634926716,-0.9999999999999997,-0.9999999999999851,-0.9999999995821517,-0.9999999999816668,-0.9999999999928944,-0.9999999999999656,-0.9999997183174672,-0.9999999999999999,-0.999999999331837,-0.9999999999999997,-0.9999999999929069,-0.9999999999999978,-0.9999999910377733,-1.0,-0.9999998144723475,-0.9999986286129481,-0.9999990922130588,0.9977206457729789,-0.9999993650560463,-0.9995088894888238,-0.9999999999999968,-0.9887679090525962,-0.9999999990518768,-0.9999998115970653,-0.999999999675377,0.4836757474017898,-0.9999960257982895,-0.9999999993938527,-0.9999999877120347,-0.9998354544449921,0.18499379419273086,0.9807876691854425,-0.9998612289879114,-0.9999623377935686,-0.9311680948517326,-0.9999999754887137,-0.9863551646261252,-0.99999997917232,-0.9999991108656386,0.8561161737394663,-0.9999878296745132,-0.9999995392942301,-0.9999999999173096,0.8657794602406488,-0.9563990938357978,-0.9999997367933886,-0.9999999996126138,-0.9999721683139426,-0.9999999999997743,-0.9999453079722782,-0.9998874155209536,0.6136509334882047,-0.9987126595987457,-0.9999999999999998,-0.9999971050634554,-0.9999999778176161,-0.9999999021547245,-0.9999999992396583,-0.9959360041143246,-0.9999999999999675],[0.9999999995525362,0.9999999982324022,0.9999991020905308,0.9999999998814182,0.9999999995767589,0.9999999737568829,0.9999999939623736,0.9999999594192326,0.9999999993614347,0.9999802590384415,0.9999999999917023,0.9999999987355114,0.999999977277403,0.9999998831246353,0.9999999954200217,0.9999999666078534,0.999999999860971,0.9999997875315185,0.9999750545633291,0.999999804494904,0.999999573615049,0.9999990032737429,0.9999950958086178,-0.9994351322374233,-0.9999992823683134,-0.9999693140135727,-0.9999327740271864,-0.9999999990824529,-0.9999999948776602,-0.9999996341475685,-0.9999573055431527,-0.9811016857095595,-0.9999997949251791,-0.9999995689562135,-0.999706268730579,-0.9998159292483539,-0.9999327112767465,-0.9999943324585924,-0.9899392938640568,-0.999999903459655,-0.9995300588768006,-0.9999989398388474,-0.9999916912278435,-0.9999953472069514,-0.9986800310312841,-0.9999999871013114,-0.9964734883716552,-0.9986996219512412,-0.9927930719885714,0.7884239928460501,-0.9963301496953801,-0.7758510321854528,-0.9999998265800262,-0.8879640202815043,-0.9995774392942213,-0.991769624013089,-0.9998806443368246,0.09938449609907448,-0.9957924640241506,-0.9999635973347474,-0.9998705538919486,-0.9211918044729704,-0.820715971131514,0.6466279926943279,-0.9942526806871432,-0.9889887307709724,-0.9339458140104245,-0.9996444212021404,-0.8556044033433651,-0.9933311964674141,-0.9320751761892776,0.9847699348019123,-0.8983616584535548,-0.9486603122553428,-0.9996490612086615,0.8582775029222598,0.06901232973309767,-0.9670476034340553,-0.9983846535032486,-0.9591840937885703,-0.9997611063945374,-0.7274879377946874,-0.795167181399118,0.887972483462176,-0.22284962894312664,-0.9999979833947165,-0.9200428739050575,-0.9909321142812636,-0.9576893115451431,-0.998295654935914,-0.49356014907988046,-0.999995366137412],[1.0,1.0,0.9999999999999981,1.0,1.0,1.0,1.0,1.0,1.0,0.9999999999917023,1.0,1.0,1.0,1.0,1.0,1.0,1.0,0.9999999999999999,0.9999999999419752,1.0,0.9999999999999965,0.9999999999999955,0.9999999999991915,-0.9999999999782696,-1.0,-0.9999999999999857,-0.9999999999999163,-1.0,-1.0,-1.0,-0.9999999999999865,-0.999999761354653,-1.0,-1.0,-0.9999999999977024,-0.9999999999978185,-0.9999999999999232,-0.9999999999999999,-0.9999999499985638,-1.0,-0.9999999999891962,-1.0,-1.0,-0.9999999999999998,-0.9999999998646765,-1.0,-0.9999999989005762,-0.9999999999923366,-0.9999999928507163,-0.6436153789287084,-0.9999999993556971,-0.9998144056275109,-1.0,-0.9999982441345451,-0.9999999999941015,-0.9999999712122645,-0.9999999999999176,-0.9938615609742251,-0.9999999996084528,-0.9999999999999995,-0.9999999999999852,-0.9999954922253329,-0.9999994461323123,-0.8649943967748496,-0.9999999998210438,-0.9999999954115488,-0.9999999253771393,-0.9999999999995081,-0.9999955297412874,-0.9999999562611853,-0.9999538677662538,0.9999768803879606,-0.9999460341265072,-0.9999780667512537,-0.9999999999887147,0.8454818664994719,-0.9289354277322269,-0.9999947566943299,-0.9999999982920214,-0.999999104285539,-0.9999999999303435,-0.9985054263202832,-0.9997132422648954,0.9680140391782406,-0.9466873888633809,-1.0,-0.9999542328585396,-0.9999998614331805,-0.9999756707857962,-0.9999999985596114,-0.9974443535358508,-1.0],[1.0,1.0,0.9999999999978388,1.0,1.0,0.9999999999999982,1.0,0.999999999999997,1.0,0.9999999987355114,1.0,1.0,0.9999999999999988,0.9999999999999595,1.0,0.9999999999999986,1.0,0.9999999999999083,0.9999999985636565,0.9999999999998822,0.9999999999997746,0.9999999999977227,0.9999999999517775,-0.9999999958745389,-0.9999999999999931,-0.9999999999913481,-0.9999999999518621,-1.0,-1.0,-0.9999999999999985,-0.9999999999778769,-0.9999937203208478,-0.9999999999999996,-0.9999999999999972,-0.9999999987837207,-0.9999999996666293,-0.9999999999506006,-0.9999999999997133,-0.9999983772966207,-0.9999999999999999,-0.9999999970209789,-0.9999999999999927,-0.9999999999987412,-0.9999999999998658,-0.9999999729411584,-1.0,-0.9999997592764456,-0.9999999434576851,-0.9999989233061294,0.8362186236754643,-0.9999996888318995,-0.9985773385997355,-0.9999999999999996,-0.9993906658608326,-0.9999999973929773,-0.9999989283661231,-0.9999999997588938,-0.7272373835805172,-0.9999994773439861,-0.999999999966993,-0.9999999995175297,-0.9998321266366236,-0.9965658436814757,0.4805743412201127,-0.9999984493427229,-0.9999960008962757,-0.9996942006481435,-0.9999999968455083,-0.998990373372253,-0.9999994702818345,-0.9999419936514787,0.9972164386226585,-0.9998195657409504,-0.9999683505712701,-0.9999999987001677,0.8562740730107872,-0.8728985135372978,-0.9999868626883764,-0.9999999760506223,-0.9999609413442885,-0.9999999997296973,-0.9984922426899299,-0.99904668637548,0.8870989882248854,-0.9723046090510769,-0.9999999999999788,-0.9999066177078844,-0.999999081156218,-0.999982323726643,-0.9999999708511057,-0.9889522849815634,-0.9999999999998004],[0.9999999999999925,1.0,0.9999999999403754,1.0,0.9999999999999999,0.9999999999999873,0.9999999999999177,0.9999999999992152,0.9999999999999983,0.999999977277403,1.0,0.9999999999999988,0.9999999999999831,0.9999999999998179,0.9999999999999352,0.9999999999903617,1.0,0.9999999999824185,0.9999993311365332,0.9999999999995384,0.9999999943271936,0.9999999997199898,0.9999999591358803,-0.9999993195995064,-0.999999999999955,-0.9999999905051153,-0.9999999811052487,-1.0,-0.9999999999999998,-0.9999999999999721,-0.9999999978707336,-0.9996722460150141,-0.9999999999999794,-0.9999999999999942,-0.9999999323318272,-0.9999995774143953,-0.9999999844676325,-0.9999999998020684,-0.9998606959852645,-0.9999999999999963,-0.999999693875967,-0.9999999999544782,-0.9999999999986252,-0.9999999975253552,-0.9999988103211819,-0.9999999999999987,-0.9999978466593671,-0.9999999979639932,-0.99999279176722,-0.9821516164750832,-0.9999994492967643,-0.9794181714359143,-0.9999999999999993,-0.9999859055212592,-0.9999998771331126,-0.9999062683797313,-0.999999998331894,-0.9958578673928791,-0.9999998980619916,-0.9999999999961905,-0.9999999999747626,-0.9994571646997746,-0.9999998712384139,-0.9817202997921164,-0.9999999952065374,-0.9999995474533587,-0.9999998809175983,-0.9999999990341547,-0.9999630371703892,-0.9994232311911263,-0.8271329088441565,0.9999943881123364,-0.9544731629428814,-0.8876540238720925,-0.9999988599124335,0.8399278780541583,-0.17883231164475089,-0.9686739392285478,-0.9998498227333643,-0.9997552598588744,-0.9996657783986178,-0.3886152669049575,-0.9194266729003006,0.987496713893745,0.6167032488327633,-0.9999999986542115,-0.9122472030593213,-0.9978899753244406,-0.7073804967389155,-0.9999180276798368,-0.8860417428122552,-0.9999999999134495],[0.9999999999993288,1.0,0.9999999995183543,0.9999999999999997,0.999999999999996,0.9999999999998832,0.999999999997256,0.9999999999855906,0.9999999999999132,0.9999998831246353,1.0,0.9999999999999595,0.9999999999998179,0.9999999999987044,0.9999999999975924,0.999999999649836,0.9999999999999996,0.9999999997508007,0.9999935335833593,0.9999999999969925,0.9999998012622856,0.9999999969767844,0.9999994596950628,-0.9999931853784388,-0.9999999999994854,-0.999999803208631,-0.999999710060817,-0.9999999999999998,-0.999999999999984,-0.9999999999995766,-0.9999999740629195,-0.998284166869927,-0.9999999999995896,-0.9999999999999444,-0.9999994124116256,-0.9999927004939696,-0.9999997721441962,-0.9999999954411764,-0.999130453126419,-0.999999999999925,-0.9999971527503787,-0.9999999980060618,-0.9999999999917931,-0.999999886597815,-0.9999917510081641,-0.9999999999999287,-0.9999903677177495,-0.9999999966436327,-0.9999720582269625,-0.9955125075509592,-0.9999982335951904,-0.9397913599778058,-0.9999999999999932,-0.9999875275746061,-0.9999990116694137,-0.9993984926244274,-0.9999999894353872,-0.99770956987707,-0.9999997940975893,-0.9999999999878774,-0.9999999999410878,-0.9986368861123504,-0.9999999707609656,-0.9934684477092081,-0.9999999959663616,-0.999999269411794,-0.9999999507831736,-0.9999999971385847,-0.9999652370324855,-0.9936950915850478,-0.009506790884304284,0.9999979115282276,-0.7581149010195742,-0.2068237966939442,-0.9999830613553077,0.8368881031948048,0.19745356978968107,-0.7100212456963856,-0.9972292636904327,-0.9992388218126223,-0.9777059876716628,0.45945802904499419,-0.6914875652106102,0.9918431004383704,0.9009141009708876,-0.9999999125988429,-0.4642000990530288,-0.9743605142305036,0.4594571946030463,-0.9987213932775834,-0.7372887454190389,-0.9999999981420542],[1.0,0.9999999999999882,0.9999999999820143,1.0,1.0,0.9999999999998616,0.9999999999999999,0.9999999999999832,1.0,0.9999999954200217,1.0,1.0,0.9999999999999352,0.9999999999975924,0.9999999999999999,0.9999999999999991,1.0,0.9999999999996524,0.9999999994706211,0.999999999993624,0.9999999999999755,0.9999999999933559,0.9999999999786009,-0.9999999934752565,-0.9999999999989083,-0.999999999989061,-0.9999999999082538,-1.0,-1.0,-0.9999999999998409,-0.9999999998714148,-0.9999939745847756,-0.9999999999999725,-0.999999999998874,-0.9999999949153697,-0.9999999998004439,-0.999999999890655,-0.9999999999990846,-0.9999985994425225,-0.9999999999999908,-0.9999999930646056,-0.9999999999999903,-0.9999999997263445,-0.99999999999995,-0.9999999231422234,-1.0,-0.9999985962474286,-0.999980287818975,-0.9999941117458375,0.9987827882001259,-0.9999946524022172,-0.9987352987253805,-0.9999999999996891,-0.9457972286804359,-0.999999989315646,-0.9999990172854182,-0.9999999942797471,0.7517745553361406,-0.9999620462459956,-0.9999999808236272,-0.9999996980158133,-0.9993783389999748,0.819431058202875,0.9901487572734039,-0.9983452997313908,-0.9997044851645889,-0.5746548756587241,-0.999999585645315,-0.9404676285816069,-0.9999999046456043,-0.9999978818605739,0.6513382960957267,-0.9999685817695636,-0.9999988344484713,-0.9999999992103944,0.8676294578241477,-0.9335678501012007,-0.9999992323090743,-0.9999999977891614,-0.9998817015081212,-0.9999999999985968,-0.9998977424789428,-0.9997388807032828,0.541374495004753,-0.9982033307616894,-0.9999999999999953,-0.9999927844494772,-0.9999999107522608,-0.9999997691953376,-0.999999995462028,-0.9916155890621884,-0.9999999999990609],[1.0,0.9999999999617273,0.9999999996307688,0.9999999999999999,0.9999999999999996,0.9999999999710582,0.9999999999999978,0.9999999999996796,1.0,0.9999999666078534,1.0,0.9999999999999986,0.9999999999903617,0.999999999649836,0.9999999999999991,0.9999999999999973,0.9999999999999999,0.9999999999959807,0.9999999995162919,0.9999999991875699,0.9999999999999891,0.9999999999473723,0.9999999999731246,-0.9999999731969624,-0.9999999994760377,-0.9999999999518392,-0.9999999994568186,-0.9999999999999999,-0.9999999999999996,-0.9999999999451488,-0.9999999978355036,-0.9999886124960413,-0.9999999999933675,-0.9999999986662547,-0.9999999468010701,-0.9999999996202852,-0.999999999259451,-0.9999999999891546,-0.9999974473029379,-0.9999999999965024,-0.999999958968398,-0.999999999999939,-0.9999998607,-0.9999999999999126,-0.9999995059884221,-0.9999999999999979,-0.9999842750551522,-0.9904503737789104,-0.9999417498418594,0.9999868432271499,-0.9998422561738439,-0.9982450009897694,-0.9999999993473389,0.45576677742783258,-0.9999998938395033,-0.9999980727698929,-0.999999689925546,0.9925890056340893,-0.9959676680873002,-0.9999794013626685,-0.9996917471225103,-0.9965478065105892,0.9999486089884198,0.9998056423163494,-0.020053634973875496,-0.9711976538213728,0.994905950095883,-0.9999054272270961,0.3309398292236075,-0.9999999558969129,-0.9999998124525477,-0.9194344918718522,-0.9999890996481164,-0.9999998931814065,-0.9999999985661354,0.87740738979916,-0.9542429233965012,-0.9999998888525326,-0.9999999993600335,-0.999415511784905,-0.9999999999999636,-0.9999862641060469,-0.9998731113556312,-0.12497006781212632,-0.9997983676166721,-0.9999999999999946,-0.9999987659230498,-0.9999999769689099,-0.999999991520373,-0.9999999979086729,-0.9908048220424038,-0.999999999983933],[1.0,1.0,0.9999999999999077,1.0,1.0,1.0,1.0,0.9999999999999999,1.0,0.999999999860971,1.0,1.0,1.0,0.9999999999999996,1.0,0.9999999999999999,1.0,0.9999999999999957,0.9999999995179737,0.9999999999999985,0.9999999999999354,0.9999999999998379,0.999999999988926,-0.9999999995193708,-1.0,-0.9999999999993363,-0.9999999999964947,-1.0,-1.0,-1.0,-0.9999999999991207,-0.9999982591741088,-1.0,-1.0,-0.9999999999202027,-0.9999999999498712,-0.9999999999966465,-0.9999999999999895,-0.999999578156362,-1.0,-0.999999999720002,-0.9999999999999997,-0.9999999999999932,-0.999999999999987,-0.999999997211459,-1.0,-0.9999999788887889,-0.9999999993938114,-0.9999998893188017,-0.005041815258598176,-0.9999999834604624,-0.9993497092995433,-1.0,-0.9999724312509551,-0.9999999998157024,-0.9999997388693271,-0.9999999999940488,-0.9661654941489842,-0.9999999855352405,-0.9999999999998536,-0.9999999999974041,-0.9999679430284405,-0.9999758766682894,-0.517334227096574,-0.9999999871663857,-0.9999998694524033,-0.9999968848695424,-0.9999999999576152,-0.9999418784065456,-0.999999732906532,-0.9999055694939951,0.999824810494787,-0.9998479470235484,-0.9999512726758475,-0.9999999997820382,0.8499747235161652,-0.8866921265078416,-0.9999849902235953,-0.9999999871936393,-0.9999927412551862,-0.9999999996034843,-0.9975976026355918,-0.9992560108485575,0.9473420891793428,-0.9426412454177122,-0.9999999999999977,-0.999889809869158,-0.999999345616356,-0.9999572475467302,-0.9999999876894413,-0.9934881234786711,-0.9999999999999941],[0.9999999999999949,0.9999999999985739,0.9999999975787663,0.9999999999999965,0.9999999999999789,0.9999999999733672,0.9999999999994232,0.9999999999848357,0.999999999999981,0.9999997875315185,0.9999999999999999,0.9999999999999083,0.9999999999824185,0.9999999997508007,0.9999999999996524,0.9999999999959807,0.9999999999999957,0.9999999998287801,0.9999998970552594,0.9999999994638202,0.999999999906092,0.9999999982713963,0.9999999913429418,-0.9999985891317097,-0.9999999996531566,-0.9999999871692942,-0.9999999462263399,-0.9999999999999935,-0.9999999999999437,-0.9999999999027639,-0.999999955185282,-0.9997145664355286,-0.9999999999686837,-0.9999999997551508,-0.9999991990134001,-0.9999998487676246,-0.9999999421501065,-0.9999999986062496,-0.9999002759581093,-0.9999999999882976,-0.9999987299510699,-0.9999999999348614,-0.9999999807985849,-0.9999999996347962,-0.9999928775903764,-0.9999999999997762,-0.9999526007440875,-0.9999304932266316,-0.9998577382107903,0.9719400716941615,-0.9999153325666709,-0.9839811184140074,-0.9999999999244573,-0.9558912672096891,-0.9999985921233555,-0.9999253089118823,-0.9999995556582246,0.3064927455271725,-0.9997905860683878,-0.999999684326335,-0.9999975820810254,-0.9945809743897663,-0.46314540282115138,0.9020353995452566,-0.9987596206516987,-0.9990326347947116,-0.9250425807557713,-0.999994364093452,-0.944704198889247,-0.9999754353597048,-0.9995329957539785,0.9552227576420398,-0.9980872820064637,-0.9997024333139886,-0.999999578671362,0.8617971969896182,-0.6660370131560295,-0.9998182326737385,-0.999998099409469,-0.9983057624842108,-0.9999999764765302,-0.9933249582670946,-0.9921911640495056,0.7980382478144117,-0.9430221061935009,-0.9999999999242248,-0.9991271110014686,-0.9999702602661332,-0.999867407978146,-0.9999973438040145,-0.9313709559511401,-0.999999998778598],[0.9999999999959512,0.9999921363916087,0.9999975619558789,0.9999999995323762,0.9999999990448931,0.9999983983050951,0.9999999990336121,0.9999999731996148,0.9999999999011661,0.9999750545633291,0.9999999999419752,0.9999999985636565,0.9999993311365332,0.9999935335833593,0.9999999994706211,0.9999999995162919,0.9999999995179737,0.9999998970552594,0.9999994180126247,0.9999896951770804,0.999999999548316,0.9999995666015654,0.9999998904947571,-0.9998921119299722,-0.9998967317506948,-0.9999979770651758,-0.9999890319409721,-0.9999999928751184,-0.9999999924609647,-0.999979211792593,-0.9999548060332022,-0.9966379718813679,-0.9999954830142226,-0.9997023827182592,-0.9997301306919701,-0.9999951316708682,-0.9999856893068511,-0.9999986918817171,-0.9987213393564831,-0.999996200236105,-0.9998293974501513,-0.9999999647794988,-0.9963250877002695,-0.9999999771287667,-0.9991365380671784,-0.9999999823208571,-0.989711100879263,0.35832483966093806,-0.9779739853443746,0.9999614372543753,-0.9290071331709514,-0.9320678649759442,-0.9997460125437903,0.9613488292900336,-0.9995926121913514,-0.9988890066249394,-0.998073012815249,0.9966035705914278,-0.2832603210023798,-0.8788663124983509,-0.48169647224640219,-0.8009657878166205,0.999986614338203,0.9997101934884382,0.9793145804809211,0.3073651464713547,0.9995893158986351,-0.8581293409444888,0.9434159180125959,-0.9999519799481722,-0.9999486687811264,-0.941276848714765,-0.9986336412114159,-0.9999634458790391,-0.999988955019441,0.8768533426974395,-0.6725279223997147,-0.9999525498056064,-0.9999974308626112,-0.9348795820812972,-0.9999999984992433,-0.9990295155798883,-0.9923057208820796,0.018054567968629279,-0.9951442630389645,-0.9999999968073314,-0.9997617589566297,-0.9999764633425011,-0.9999954289155996,-0.9999930773939196,-0.8360027168158477,-0.999997971417329],[0.9999999999980133,0.9999999999999999,0.999999999031433,0.9999999999999989,0.9999999999999877,0.9999999999997042,0.9999999999928269,0.9999999999658128,0.9999999999997418,0.999999804494904,1.0,0.9999999999998822,0.9999999999995384,0.9999999999969925,0.999999999993624,0.9999999991875699,0.9999999999999985,0.9999999994638202,0.9999896951770804,0.9999999999932248,0.9999996106699537,0.9999999940532067,0.9999990550603342,-0.9999875350739544,-0.9999999999985371,-0.9999995784705397,-0.9999994015458549,-0.999999999999999,-0.9999999999999422,-0.999999999998759,-0.9999999441406946,-0.9974385058364984,-0.9999999999987665,-0.9999999999998349,-0.9999988685892269,-0.999986005330432,-0.9999995286193828,-0.9999999891215933,-0.998657383545151,-0.9999999999997633,-0.99999470687793,-0.9999999948497672,-0.999999999979527,-0.9999997354096517,-0.9999854731213453,-0.9999999999997549,-0.9999837561935103,-0.9999999936250589,-0.9999547585000453,-0.9950253343547314,-0.9999969773588602,-0.9228388482921364,-0.9999999999999786,-0.9999819308426703,-0.9999981354916141,-0.9990598622062954,-0.9999999780320293,-0.9972252807459832,-0.9999996424048541,-0.9999999999717061,-0.9999999998716832,-0.9980829212682416,-0.9999999560605591,-0.9926018858652659,-0.9999999928211455,-0.9999987969217736,-0.9999999230187354,-0.9999999942481851,-0.9999507027628413,-0.9902937812128893,0.12879511839403935,0.9999974394332575,-0.6922460171866858,-0.06269038550085797,-0.9999686585860163,0.8373131079484713,0.2570785313777725,-0.6193920571458551,-0.9954293155220091,-0.9988918947373506,-0.9611945250751413,0.5362460047508297,-0.6222868979483706,0.9915337955401959,0.912164276017252,-0.9999997881669118,-0.347409581864777,-0.9617482241434475,0.5656668170309478,-0.997878863846313,-0.6882877352425016,-0.9999999954896831],[1.0,0.9999988929899176,0.9999999823659705,0.9999999999999355,0.9999999999998457,0.9999999738769445,0.9999999999999337,0.9999999999857668,0.9999999999999978,0.999999573615049,0.9999999999999965,0.9999999999997746,0.9999999943271936,0.9999998012622856,0.9999999999999755,0.9999999999999891,0.9999999999999354,0.999999999906092,0.999999999548316,0.9999996106699537,0.9999999999999958,0.9999999992424499,0.9999999999622287,-0.9999998321740347,-0.9999986396988252,-0.9999999996659519,-0.9999999945520989,-0.9999999999996242,-0.9999999999997623,-0.999999905800936,-0.9999999189204915,-0.9999736524659371,-0.9999999927409757,-0.999989175669491,-0.9999989157073566,-0.9999999990923115,-0.9999999912027612,-0.9999999997361343,-0.9999943385900424,-0.9999999932069489,-0.9999995929635918,-0.9999999999993259,-0.9996155481463989,-0.9999999999998087,-0.999994589429933,-0.9999999999991821,-0.9996552582723616,0.8484272831897962,-0.9989123553972098,0.999999956073147,-0.988367041203595,-0.9972846245367264,-0.9999890593532846,0.9976793550667047,-0.9999979762627083,-0.9999953080601428,-0.9999496484788939,0.9999248306280332,-0.14077552089787635,-0.8652703164864077,0.00367620159340981,-0.9695751806499176,0.9999999984697491,0.9999986274809214,0.9997234480623288,0.6632424862797585,0.9999994808309192,-0.9108695672975661,0.9948844397663537,-0.9999999825566559,-0.9999999908546121,-0.9997836058409884,-0.9999970408358402,-0.9999999945522449,-0.9999999967790233,0.8887707211766374,-0.9711525828233201,-0.999999989896262,-0.9999999998586425,-0.9954922008513285,-0.9999999999999996,-0.9999988769668203,-0.9999475648714796,-0.7807517765214828,-0.999986958987904,-0.9999999999999928,-0.9999998622923868,-0.9999999956369473,-0.9999999998630137,-0.9999999991707474,-0.9894744440473269,-0.999999999378669],[0.9999999999998591,0.9999999999615554,0.9999999803764632,0.9999999999998641,0.9999999999993615,0.9999999995811005,0.9999999999894293,0.9999999997951516,0.9999999999994865,0.9999990032737429,0.9999999999999955,0.9999999999977227,0.9999999997199898,0.9999999969767844,0.9999999999933559,0.9999999999473723,0.9999999999998379,0.9999999982713963,0.9999995666015654,0.9999999940532067,0.9999999992424499,0.9999999866619195,0.9999999517668411,-0.9999911836772376,-0.9999999923257782,-0.9999998697664587,-0.9999995159436774,-0.9999999999995657,-0.9999999999972922,-0.999999997620905,-0.9999995496023696,-0.9990304336102212,-0.9999999991667318,-0.9999999939241789,-0.9999942445769006,-0.9999988908548203,-0.9999994769849364,-0.9999999806535721,-0.9996240502367482,-0.999999999641832,-0.9999917174529527,-0.9999999988313033,-0.9999997163283626,-0.9999999950868727,-0.9999607529846015,-0.9999999999908378,-0.9997739641903938,-0.9995563485724126,-0.9994001347628226,0.9776085694735971,-0.9995857365790243,-0.9652172357819968,-0.9999999977780028,-0.8787331722030064,-0.9999904920513634,-0.9997081269807716,-0.9999960836808657,0.5200745482616083,-0.9989547261628193,-0.9999962568781621,-0.9999768055465315,-0.9850804694589942,0.04425113667070104,0.9270047935912158,-0.9936462435014124,-0.9959002715739028,-0.7640799007093637,-0.9999565074892689,-0.8573655198996801,-0.9999052693340944,-0.9988463682780078,0.9247948216393345,-0.9953919599061997,-0.999227959148879,-0.9999972277292378,0.8627112083793053,-0.5413113971218545,-0.9994837841174514,-0.9999908691570895,-0.9947860527706699,-0.9999998568696523,-0.9869991257619122,-0.9832690828551265,0.7818521988319084,-0.9134946699322571,-0.999999998844668,-0.9978573549670688,-0.9998931341429235,-0.9996551647382448,-0.999987153911207,-0.8768616574159348,-0.9999999822539863],[0.9999999999998988,0.999999664118361,0.9999997230019798,0.9999999999895355,0.9999999999733545,0.9999998979310677,0.9999999999586204,0.999999998323529,0.9999999999971954,0.9999950958086178,0.9999999999991915,0.9999999999517775,0.9999999591358803,0.9999994596950628,0.9999999999786009,0.9999999999731246,0.999999999988926,0.9999999913429418,0.9999998904947571,0.9999990550603342,0.9999999999622287,0.9999999517668411,0.9999999847100642,-0.9999854717784736,-0.9999952551300206,-0.9999998437182455,-0.9999990026149536,-0.9999999999090933,-0.9999999998729477,-0.9999991724177817,-0.9999960608444851,-0.9991389415339824,-0.999999841528486,-0.9999871094980025,-0.9999666339144688,-0.9999994883979045,-0.9999986909171214,-0.9999999237412658,-0.9997107213768482,-0.9999998823703065,-0.9999774741938378,-0.9999999985509537,-0.9997288189908977,-0.9999999988169923,-0.9998604797186095,-0.9999999996478122,-0.9979363818994659,-0.41826166030409347,-0.9949361773746223,0.9999652532531508,-0.9846774785246804,-0.9712904975933377,-0.9999905328641264,0.91226608090252,-0.999946109031806,-0.9997574468163447,-0.9997847838690235,0.9953961797397908,-0.7745202464141108,-0.9870659787321777,-0.9139767270172022,-0.9246382393077739,0.9999758494259725,0.9996997172683168,0.9248028815898948,-0.320038156927469,0.9990536881896807,-0.9779079231212128,0.8771550912030064,-0.9999905387612614,-0.999985205386655,-0.9264117632027219,-0.9995472651476148,-0.9999900167406765,-0.999998689027122,0.8766714516757237,-0.7854909887719906,-0.9999878840996785,-0.9999996221440404,-0.9793765384885331,-0.9999999998619934,-0.999620183701811,-0.9970040669215815,0.008317952674722747,-0.9975344272923932,-0.9999999998617076,-0.9999270402359531,-0.9999952012421555,-0.9999988441614593,-0.9999989506802351,-0.9152128015575436,-0.9999998844200293],[-0.9999999998891472,-0.9999996533372241,-0.9999810855136507,-0.9999999995785529,-0.9999999984838173,-0.9999988437743742,-0.9999999892932375,-0.9999997821921164,-0.9999999993196881,-0.9994351322374233,-0.9999999999782696,-0.9999999958745389,-0.9999993195995064,-0.9999931853784388,-0.9999999934752565,-0.9999999731969624,-0.9999999995193708,-0.9999985891317097,-0.9998921119299722,-0.9999875350739544,-0.9999998321740347,-0.9999911836772376,-0.9999854717784736,0.9999998690660996,0.9999999990360305,0.9999999977633894,0.9999999909566054,0.9999999999999309,0.9999999999997495,0.9999999997302287,0.9999999870947157,0.9999907851354652,0.9999999999159993,0.9999999988901366,0.999999873413935,0.9999999872472223,0.999999989700756,0.9999999994756544,0.999996386468458,0.999999999955554,0.9999998570383359,0.9999999999735498,0.9999999669855662,0.9999999999365721,0.9999993289296222,0.999999999999254,0.9999953832614541,0.9999586591018442,0.9999886622724364,-0.4904363140556357,0.9999876555219198,0.9997316942520389,0.9999999994729795,0.9947106396367417,0.9999997980685195,0.9999970893538701,0.999999829840487,0.8516191292267967,0.9999487812031618,0.9999994503037618,0.9999968284157209,0.99979