{"name":"DynamicObjectArray","generic":13,"parameters":{"array":[{"name":"Serializable","generic":6,"parameters":{"name":"degree","value":20}},{"name":"MatrixSerializable","generic":11,"parameters":{"name":"km_train","value":[[0.9999999999999998,0.07132153387874948,0.07985631389886706,0.03001331492028701,0.1037370838202849,0.056597354789937086,0.20323721164790993,0.08794245264991879,0.06310284149819047,0.08491510225450909,0.054987565625863477,0.07128056429387633,0.05499395692502466,0.1188159783140531,0.060375794418347578,0.0705528117445801,0.06825089803813205,0.0717394334913203,0.06942733108627079,0.10071843050566451,0.045452809383118197,0.03897429652529085,0.06263627367487626,0.0951920420005526,0.09004048363039299,0.12988105579842025,0.06007187315123919,0.10788783084015002,0.08165054054924108,0.14682810265126224,0.09195860416215794,0.06598235454999958,0.06807551626928941,0.07561452029275856,0.038578267161346279,0.07948521406053939,0.08394143326328997,0.06264756010909613,0.07958985387204719,0.09936845751779601,0.13045491791196485,0.10057194291851078,0.9999999999999998,0.07132153387874948,0.07985631389886706,0.03001331492028701,0.1037370838202849,0.056597354789937086,0.20323721164790993,0.08794245264991879,0.06310284149819047,0.08491510225450909,0.054987565625863477,0.07128056429387633,0.05499395692502466,0.1188159783140531,0.060375794418347578,0.0705528117445801,0.06825089803813205,0.0717394334913203,0.06942733108627079,0.10071843050566451,0.045452809383118197,0.03897429652529085,0.06263627367487626,0.0951920420005526,0.09004048363039299,0.12988105579842025,0.06007187315123919,0.10788783084015002,0.08165054054924108,0.14682810265126224,0.09195860416215794,0.06598235454999958,0.06807551626928941,0.07561452029275856,0.038578267161346279,0.07948521406053939,0.08394143326328997,0.06264756010909613,0.07958985387204719,0.09936845751779601,0.13045491791196485,0.10057194291851078,0.06007187315123919,0.10788783084015002,0.08165054054924108,0.14682810265126224,0.09195860416215794,0.06598235454999958,0.06807551626928941,0.07561452029275856],[0.07132153387874948,1.0,0.041511361515365909,0.08732854436409872,0.04120337019734103,0.06773834324861669,0.11079434661759932,0.04762588656093712,0.13398876404494379,0.08561586118612424,0.10168890572556079,0.06629757950602766,0.10405190307285899,0.1009244511977344,0.058227346018197827,0.08197202609350929,0.0717394334913203,0.09957865168539323,0.10211308118739833,0.07675422884216987,0.0909778866072447,0.08126792806224666,0.039703896307109038,0.07299313232903268,0.08854886784992296,0.07184902136996879,0.08543367598983524,0.07200808530381577,0.0873137138775006,0.06358568362956303,0.05513305253366359,0.07493026595113703,0.0911895651505002,0.09996022628546594,0.07668193357136433,0.12239485179565402,0.11677020355547231,0.13089023064720715,0.1207094524680113,0.06541800043421715,0.12760936075592273,0.07018043795373215,0.07132153387874948,1.0,0.041511361515365909,0.08732854436409872,0.04120337019734103,0.06773834324861669,0.11079434661759932,0.04762588656093712,0.13398876404494379,0.08561586118612424,0.10168890572556079,0.06629757950602766,0.10405190307285899,0.1009244511977344,0.058227346018197827,0.08197202609350929,0.0717394334913203,0.09957865168539323,0.10211308118739833,0.07675422884216987,0.0909778866072447,0.08126792806224666,0.039703896307109038,0.07299313232903268,0.08854886784992296,0.07184902136996879,0.08543367598983524,0.07200808530381577,0.0873137138775006,0.06358568362956303,0.05513305253366359,0.07493026595113703,0.0911895651505002,0.09996022628546594,0.07668193357136433,0.12239485179565402,0.11677020355547231,0.13089023064720715,0.1207094524680113,0.06541800043421715,0.12760936075592273,0.07018043795373215,0.08543367598983524,0.07200808530381577,0.0873137138775006,0.06358568362956303,0.05513305253366359,0.07493026595113703,0.0911895651505002,0.09996022628546594],[0.07985631389886706,0.041511361515365909,0.9999999999999998,0.06975697394715111,0.05972741189652766,0.08347091893479929,0.051253499911207967,0.09613930052724139,0.052376751442206648,0.07715776828019831,0.04669798286819561,0.12156375305932397,0.0767421968172888,0.11474693796083212,0.0768168002210555,0.07895851783133673,0.0766786405084277,0.06644603839875685,0.07948521406053939,0.08427742470295657,0.11000117773784224,0.058670984016566878,0.10201519678692928,0.05236253108593531,0.08228314965608222,0.1343261828417886,0.06861420373696589,0.05760464207470238,0.09759576395616357,0.08459632404410474,0.09702934686558541,0.04445127043368392,0.11934054790881553,0.06772667465070821,0.14205069086910006,0.08702862629124086,0.046160919110418047,0.035367769164435017,0.06342947745132693,0.09105367575018896,0.07182661614535231,0.03756301482498595,0.07985631389886706,0.041511361515365909,0.9999999999999998,0.06975697394715111,0.05972741189652766,0.08347091893479929,0.051253499911207967,0.09613930052724139,0.052376751442206648,0.07715776828019831,0.04669798286819561,0.12156375305932397,0.0767421968172888,0.11474693796083212,0.0768168002210555,0.07895851783133673,0.0766786405084277,0.06644603839875685,0.07948521406053939,0.08427742470295657,0.11000117773784224,0.058670984016566878,0.10201519678692928,0.05236253108593531,0.08228314965608222,0.1343261828417886,0.06861420373696589,0.05760464207470238,0.09759576395616357,0.08459632404410474,0.09702934686558541,0.04445127043368392,0.11934054790881553,0.06772667465070821,0.14205069086910006,0.08702862629124086,0.046160919110418047,0.035367769164435017,0.06342947745132693,0.09105367575018896,0.07182661614535231,0.03756301482498595,0.06861420373696589,0.05760464207470238,0.09759576395616357,0.08459632404410474,0.09702934686558541,0.04445127043368392,0.11934054790881553,0.06772667465070821],[0.03001331492028701,0.08732854436409872,0.06975697394715111,0.9999999999999998,0.08066732474185273,0.05385282611480127,0.04311295675278852,0.05967208173915977,0.09479016049647425,0.0783227174554295,0.10004438306762338,0.05453721151183279,0.06829191329008504,0.07763096493381253,0.07016811524742901,0.07217166374863748,0.0968922997654928,0.07157624364019484,0.0656811657861467,0.07318315144946697,0.04255231022157528,0.0762123231695795,0.11993808061600751,0.05975253564038875,0.06018482499206688,0.049329379792496307,0.08965550341726333,0.07331007075083052,0.08631072375257455,0.10417042213164024,0.07259380097879278,0.07619873470740353,0.08682081176829251,0.06893499349506703,0.1154861286396151,0.09879888439983668,0.10466098536241696,0.06486266217570086,0.09484555982022722,0.05097424469305828,0.06229048717344161,0.05582399963622101,0.03001331492028701,0.08732854436409872,0.06975697394715111,0.9999999999999998,0.08066732474185273,0.05385282611480127,0.04311295675278852,0.05967208173915977,0.09479016049647425,0.0783227174554295,0.10004438306762338,0.05453721151183279,0.06829191329008504,0.07763096493381253,0.07016811524742901,0.07217166374863748,0.0968922997654928,0.07157624364019484,0.0656811657861467,0.07318315144946697,0.04255231022157528,0.0762123231695795,0.11993808061600751,0.05975253564038875,0.06018482499206688,0.049329379792496307,0.08965550341726333,0.07331007075083052,0.08631072375257455,0.10417042213164024,0.07259380097879278,0.07619873470740353,0.08682081176829251,0.06893499349506703,0.1154861286396151,0.09879888439983668,0.10466098536241696,0.06486266217570086,0.09484555982022722,0.05097424469305828,0.06229048717344161,0.05582399963622101,0.08965550341726333,0.07331007075083052,0.08631072375257455,0.10417042213164024,0.07259380097879278,0.07619873470740353,0.08682081176829251,0.06893499349506703],[0.1037370838202849,0.04120337019734103,0.05972741189652766,0.08066732474185273,0.9999999999999998,0.08794521542307087,0.0716603569497025,0.07655276770680367,0.05760203592805536,0.07304029348302901,0.04920335991475963,0.07037841708778146,0.04097382317340652,0.08654486302247652,0.04619648791996876,0.05725382338300605,0.06519445188705651,0.079237250379502,0.09562930827637718,0.056993891901263239,0.05800178494562094,0.09286545543601947,0.12183563237941402,0.11795138779565989,0.04645527108958131,0.04919580418908412,0.12307880571202645,0.06231564697481232,0.08798076584653113,0.10704897056786741,0.06480501046488337,0.05180675469073943,0.08576108985465977,0.07197721355771965,0.0542473584422885,0.05513886416513655,0.11932749511113308,0.06482263728704123,0.050624956285487427,0.08009737865795684,0.10527723530235479,0.07911403252467447,0.1037370838202849,0.04120337019734103,0.05972741189652766,0.08066732474185273,0.9999999999999998,0.08794521542307087,0.0716603569497025,0.07655276770680367,0.05760203592805536,0.07304029348302901,0.04920335991475963,0.07037841708778146,0.04097382317340652,0.08654486302247652,0.04619648791996876,0.05725382338300605,0.06519445188705651,0.079237250379502,0.09562930827637718,0.056993891901263239,0.05800178494562094,0.09286545543601947,0.12183563237941402,0.11795138779565989,0.04645527108958131,0.04919580418908412,0.12307880571202645,0.06231564697481232,0.08798076584653113,0.10704897056786741,0.06480501046488337,0.05180675469073943,0.08576108985465977,0.07197721355771965,0.0542473584422885,0.05513886416513655,0.11932749511113308,0.06482263728704123,0.050624956285487427,0.08009737865795684,0.10527723530235479,0.07911403252467447,0.12307880571202645,0.06231564697481232,0.08798076584653113,0.10704897056786741,0.06480501046488337,0.05180675469073943,0.08576108985465977,0.07197721355771965],[0.056597354789937086,0.06773834324861669,0.08347091893479929,0.05385282611480127,0.08794521542307087,1.0,0.04269706641913975,0.12092253502377597,0.07540167096967232,0.1279177976786771,0.06718391036215553,0.07016016929449913,0.10423939683177304,0.07914725274140168,0.09487182493564996,0.08596006760922662,0.11523058565145464,0.07211738766064847,0.035680102015680118,0.0905286226496116,0.10370324489496555,0.08480885786803967,0.06672511761847906,0.0700341368623682,0.09335277575273668,0.065092542630821,0.098129898412948,0.0404404844289376,0.09074454972149869,0.10002690513289685,0.07741343754002683,0.06495608027729727,0.0959464358032895,0.06907161498350943,0.06713438567285822,0.08371100857524949,0.07490431054154971,0.08551461492196574,0.09670885938205923,0.06106108547369092,0.07834033307409412,0.101577171674055,0.056597354789937086,0.06773834324861669,0.08347091893479929,0.05385282611480127,0.08794521542307087,1.0,0.04269706641913975,0.12092253502377597,0.07540167096967232,0.1279177976786771,0.06718391036215553,0.07016016929449913,0.10423939683177304,0.07914725274140168,0.09487182493564996,0.08596006760922662,0.11523058565145464,0.07211738766064847,0.035680102015680118,0.0905286226496116,0.10370324489496555,0.08480885786803967,0.06672511761847906,0.0700341368623682,0.09335277575273668,0.065092542630821,0.098129898412948,0.0404404844289376,0.09074454972149869,0.10002690513289685,0.07741343754002683,0.06495608027729727,0.0959464358032895,0.06907161498350943,0.06713438567285822,0.08371100857524949,0.07490431054154971,0.08551461492196574,0.09670885938205923,0.06106108547369092,0.07834033307409412,0.101577171674055,0.098129898412948,0.0404404844289376,0.09074454972149869,0.10002690513289685,0.07741343754002683,0.06495608027729727,0.0959464358032895,0.06907161498350943],[0.20323721164790993,0.11079434661759932,0.051253499911207967,0.04311295675278852,0.0716603569497025,0.04269706641913975,0.9999999999999998,0.07641533006280584,0.09246642609503622,0.070436605722846,0.09731331183141348,0.056986019273019158,0.06522923020247995,0.13203123289010369,0.06533112788681973,0.06952249982222164,0.05972741189652766,0.09549811219651285,0.07669691631992679,0.08145889585887985,0.050285951168451189,0.08733774975530404,0.07281378458726783,0.08350903585532815,0.06975142473332416,0.10237674335437899,0.05138506063503207,0.129140978928065,0.08308539093080451,0.07393112473108173,0.10696893986776778,0.06018927998552749,0.0729793889628595,0.07439887681760553,0.03802767086783541,0.07711149424598045,0.08086544372565395,0.11215129923929518,0.0896594620529817,0.1310684378039294,0.1603897305454935,0.11227799565370469,0.20323721164790993,0.11079434661759932,0.051253499911207967,0.04311295675278852,0.0716603569497025,0.04269706641913975,0.9999999999999998,0.07641533006280584,0.09246642609503622,0.070436605722846,0.09731331183141348,0.056986019273019158,0.06522923020247995,0.13203123289010369,0.06533112788681973,0.06952249982222164,0.05972741189652766,0.09549811219651285,0.07669691631992679,0.08145889585887985,0.050285951168451189,0.08733774975530404,0.07281378458726783,0.08350903585532815,0.06975142473332416,0.10237674335437899,0.05138506063503207,0.129140978928065,0.08308539093080451,0.07393112473108173,0.10696893986776778,0.06018927998552749,0.0729793889628595,0.07439887681760553,0.03802767086783541,0.07711149424598045,0.08086544372565395,0.11215129923929518,0.0896594620529817,0.1310684378039294,0.1603897305454935,0.11227799565370469,0.05138506063503207,0.129140978928065,0.08308539093080451,0.07393112473108173,0.10696893986776778,0.06018927998552749,0.0729793889628595,0.07439887681760553],[0.08794245264991879,0.04762588656093712,0.09613930052724139,0.05967208173915977,0.07655276770680367,0.12092253502377597,0.07641533006280584,0.9999999999999998,0.09903382881936043,0.10656125825208815,0.06835337551936817,0.06292642684627331,0.11993365144450707,0.08060679719058181,0.06321297939291162,0.08452547943337668,0.12753739578613816,0.06107319570755465,0.07739967248510853,0.07696701227180886,0.1087210210568228,0.07543307463612212,0.12424319886288889,0.11670088503306758,0.05293238971999149,0.06928342014791217,0.052370886713371467,0.054452890339379989,0.055151706805440358,0.10993155575888485,0.15035159625270975,0.10224891844409623,0.0557418273260687,0.059762022822193037,0.08202001305374576,0.05857652164480992,0.054845262470445018,0.04934969017291785,0.05674109227487917,0.07374231003417203,0.05560212349818382,0.056455432095157877,0.08794245264991879,0.04762588656093712,0.09613930052724139,0.05967208173915977,0.07655276770680367,0.12092253502377597,0.07641533006280584,0.9999999999999998,0.09903382881936043,0.10656125825208815,0.06835337551936817,0.06292642684627331,0.11993365144450707,0.08060679719058181,0.06321297939291162,0.08452547943337668,0.12753739578613816,0.06107319570755465,0.07739967248510853,0.07696701227180886,0.1087210210568228,0.07543307463612212,0.12424319886288889,0.11670088503306758,0.05293238971999149,0.06928342014791217,0.052370886713371467,0.054452890339379989,0.055151706805440358,0.10993155575888485,0.15035159625270975,0.10224891844409623,0.0557418273260687,0.059762022822193037,0.08202001305374576,0.05857652164480992,0.054845262470445018,0.04934969017291785,0.05674109227487917,0.07374231003417203,0.05560212349818382,0.056455432095157877,0.052370886713371467,0.054452890339379989,0.055151706805440358,0.10993155575888485,0.15035159625270975,0.10224891844409623,0.0557418273260687,0.059762022822193037],[0.06310284149819047,0.13398876404494379,0.052376751442206648,0.09479016049647425,0.05760203592805536,0.07540167096967232,0.09246642609503622,0.09903382881936043,1.0,0.0748615034188623,0.11993718880781895,0.10557471694447264,0.09888422466521364,0.07589846939667018,0.06310284149819048,0.06585549214970066,0.09333091347414485,0.07528089887640448,0.11549341596367811,0.05544134860105917,0.09843509042751066,0.07549325726406275,0.06328641189891542,0.06853553646161084,0.05824113232400296,0.06708709792634513,0.07140310481101679,0.06894391146110021,0.06569317520307187,0.0806725853978597,0.10736436546029227,0.12661114097164093,0.11836433571762313,0.051419869488408407,0.10001991335395348,0.061690385600110978,0.095992587264463,0.06606708579658397,0.08635681863853229,0.06555543320823862,0.05266862749091869,0.09325717770641004,0.06310284149819047,0.13398876404494379,0.052376751442206648,0.09479016049647425,0.05760203592805536,0.07540167096967232,0.09246642609503622,0.09903382881936043,1.0,0.0748615034188623,0.11993718880781895,0.10557471694447264,0.09888422466521364,0.07589846939667018,0.06310284149819048,0.06585549214970066,0.09333091347414485,0.07528089887640448,0.11549341596367811,0.05544134860105917,0.09843509042751066,0.07549325726406275,0.06328641189891542,0.06853553646161084,0.05824113232400296,0.06708709792634513,0.07140310481101679,0.06894391146110021,0.06569317520307187,0.0806725853978597,0.10736436546029227,0.12661114097164093,0.11836433571762313,0.051419869488408407,0.10001991335395348,0.061690385600110978,0.095992587264463,0.06606708579658397,0.08635681863853229,0.06555543320823862,0.05266862749091869,0.09325717770641004,0.07140310481101679,0.06894391146110021,0.06569317520307187,0.0806725853978597,0.10736436546029227,0.12661114097164093,0.11836433571762313,0.051419869488408407],[0.08491510225450909,0.08561586118612424,0.07715776828019831,0.0783227174554295,0.07304029348302901,0.1279177976786771,0.070436605722846,0.10656125825208815,0.0748615034188623,1.0000000000000003,0.0951658650062769,0.06592823078535791,0.07680555555555555,0.056844711287516867,0.06552176731873215,0.1315298591277278,0.06898486284297803,0.07737550913068979,0.0848769464884178,0.05998081447993872,0.07995428904218961,0.08039499551873238,0.03179815003744466,0.06316686236224495,0.10291666666666669,0.06044591695453251,0.06603217808030605,0.06634374484492949,0.10336581275869102,0.10348229561570886,0.06032223326830447,0.047353944157928689,0.06059365665314817,0.06245093269516881,0.05442819699506399,0.09720231165505272,0.08953473816452834,0.06253777120064359,0.05644033065476118,0.0994936676326182,0.0851097108392495,0.09840718481171106,0.08491510225450909,0.08561586118612424,0.07715776828019831,0.0783227174554295,0.07304029348302901,0.1279177976786771,0.070436605722846,0.10656125825208815,0.0748615034188623,1.0000000000000003,0.0951658650062769,0.06592823078535791,0.07680555555555555,0.056844711287516867,0.06552176731873215,0.1315298591277278,0.06898486284297803,0.07737550913068979,0.0848769464884178,0.05998081447993872,0.07995428904218961,0.08039499551873238,0.03179815003744466,0.06316686236224495,0.10291666666666669,0.06044591695453251,0.06603217808030605,0.06634374484492949,0.10336581275869102,0.10348229561570886,0.06032223326830447,0.047353944157928689,0.06059365665314817,0.06245093269516881,0.05442819699506399,0.09720231165505272,0.08953473816452834,0.06253777120064359,0.05644033065476118,0.0994936676326182,0.0851097108392495,0.09840718481171106,0.06603217808030605,0.06634374484492949,0.10336581275869102,0.10348229561570886,0.06032223326830447,0.047353944157928689,0.06059365665314817,0.06245093269516881],[0.054987565625863477,0.10168890572556079,0.04669798286819561,0.10004438306762338,0.04920335991475963,0.06718391036215553,0.09731331183141348,0.06835337551936817,0.11993718880781895,0.0951658650062769,0.9999999999999998,0.06589307978329265,0.0743872918608016,0.06198504804739985,0.08483006355346778,0.07110400558633465,0.09215252832274104,0.047361956091357088,0.05811221274021861,0.0768168002210555,0.04800784896382602,0.07459596539249218,0.08325074349192416,0.06313898867090355,0.08463805461256943,0.1089056125625256,0.0975479041079756,0.07141870492235283,0.08137562290429414,0.057925561783894369,0.059615488540296118,0.07973446634042054,0.13990213241464176,0.04610309780439775,0.04092051909614231,0.0748753510306663,0.10276299849581162,0.08142811970416435,0.07487641074933711,0.08355674136955962,0.11489479990755583,0.18889214981883616,0.054987565625863477,0.10168890572556079,0.04669798286819561,0.10004438306762338,0.04920335991475963,0.06718391036215553,0.09731331183141348,0.06835337551936817,0.11993718880781895,0.0951658650062769,0.9999999999999998,0.06589307978329265,0.0743872918608016,0.06198504804739985,0.08483006355346778,0.07110400558633465,0.09215252832274104,0.047361956091357088,0.05811221274021861,0.0768168002210555,0.04800784896382602,0.07459596539249218,0.08325074349192416,0.06313898867090355,0.08463805461256943,0.1089056125625256,0.0975479041079756,0.07141870492235283,0.08137562290429414,0.057925561783894369,0.059615488540296118,0.07973446634042054,0.13990213241464176,0.04610309780439775,0.04092051909614231,0.0748753510306663,0.10276299849581162,0.08142811970416435,0.07487641074933711,0.08355674136955962,0.11489479990755583,0.18889214981883616,0.0975479041079756,0.07141870492235283,0.08137562290429414,0.057925561783894369,0.059615488540296118,0.07973446634042054,0.13990213241464176,0.04610309780439775],[0.07128056429387633,0.06629757950602766,0.12156375305932397,0.05453721151183279,0.07037841708778146,0.07016016929449913,0.056986019273019158,0.06292642684627331,0.10557471694447264,0.06592823078535791,0.06589307978329265,1.0000000000000003,0.07396150260374186,0.08869282677113102,0.08191739268656719,0.04381385752762419,0.0522171575641187,0.09819284359611241,0.0722112114768784,0.054979970133648799,0.08013648650455717,0.05838353268343358,0.08046460251035283,0.08951512725277491,0.08947402749441431,0.07416781124048659,0.05482867658835652,0.054558011049723759,0.07600422883070328,0.08000123459647991,0.04631552133416956,0.10722387692444877,0.09834858765377815,0.09763260119459502,0.10607558033425761,0.07458566137070223,0.09052334446364703,0.0811427410674876,0.11849305724929164,0.07523156634828023,0.09056960331958099,0.06650023707967016,0.07128056429387633,0.06629757950602766,0.12156375305932397,0.05453721151183279,0.07037841708778146,0.07016016929449913,0.056986019273019158,0.06292642684627331,0.10557471694447264,0.06592823078535791,0.06589307978329265,1.0000000000000003,0.07396150260374186,0.08869282677113102,0.08191739268656719,0.04381385752762419,0.0522171575641187,0.09819284359611241,0.0722112114768784,0.054979970133648799,0.08013648650455717,0.05838353268343358,0.08046460251035283,0.08951512725277491,0.08947402749441431,0.07416781124048659,0.05482867658835652,0.054558011049723759,0.07600422883070328,0.08000123459647991,0.04631552133416956,0.10722387692444877,0.09834858765377815,0.09763260119459502,0.10607558033425761,0.07458566137070223,0.09052334446364703,0.0811427410674876,0.11849305724929164,0.07523156634828023,0.09056960331958099,0.06650023707967016,0.05482867658835652,0.054558011049723759,0.07600422883070328,0.08000123459647991,0.04631552133416956,0.10722387692444877,0.09834858765377815,0.09763260119459502],[0.05499395692502466,0.10405190307285899,0.0767421968172888,0.06829191329008504,0.04097382317340652,0.10423939683177304,0.06522923020247995,0.11993365144450707,0.09888422466521364,0.07680555555555555,0.0743872918608016,0.07396150260374186,1.0000000000000003,0.056844711287516867,0.09267243622881989,0.09256828320964034,0.06593733878164164,0.08212418658636389,0.08543719035962849,0.0849151022545091,0.09249349457494446,0.06120664292976662,0.07883291363449822,0.0743872918608016,0.09541666666666667,0.0935936778650826,0.06271675491309405,0.06246561362226138,0.049477769040493429,0.09902545381260972,0.07076526226236174,0.11476367642980365,0.11533689128461307,0.07295032530985876,0.09531841605734555,0.05854548454151591,0.08209646760932135,0.07889380366850421,0.08277014997935071,0.04892683106109521,0.09026365404882764,0.0614201222075837,0.05499395692502466,0.10405190307285899,0.0767421968172888,0.06829191329008504,0.04097382317340652,0.10423939683177304,0.06522923020247995,0.11993365144450707,0.09888422466521364,0.07680555555555555,0.0743872918608016,0.07396150260374186,1.0000000000000003,0.056844711287516867,0.09267243622881989,0.09256828320964034,0.06593733878164164,0.08212418658636389,0.08543719035962849,0.0849151022545091,0.09249349457494446,0.06120664292976662,0.07883291363449822,0.0743872918608016,0.09541666666666667,0.0935936778650826,0.06271675491309405,0.06246561362226138,0.049477769040493429,0.09902545381260972,0.07076526226236174,0.11476367642980365,0.11533689128461307,0.07295032530985876,0.09531841605734555,0.05854548454151591,0.08209646760932135,0.07889380366850421,0.08277014997935071,0.04892683106109521,0.09026365404882764,0.0614201222075837,0.06271675491309405,0.06246561362226138,0.049477769040493429,0.09902545381260972,0.07076526226236174,0.11476367642980365,0.11533689128461307,0.07295032530985876],[0.1188159783140531,0.1009244511977344,0.11474693796083212,0.07763096493381253,0.08654486302247652,0.07914725274140168,0.13203123289010369,0.08060679719058181,0.07589846939667018,0.056844711287516867,0.06198504804739985,0.08869282677113102,0.056844711287516867,1.0,0.08083826835065716,0.04531880957023723,0.05140554312902526,0.09983041920643106,0.07076411902050309,0.12139303720442642,0.05241117050634866,0.0890037078378033,0.17409624656794232,0.08504294338231884,0.05983653819738616,0.11905229286941567,0.08534996849030142,0.07702985566667038,0.077054507397029,0.11032451882171511,0.14544033465069559,0.08032279553274438,0.043508575810144837,0.03457956253063423,0.08021003377931657,0.06980414066169782,0.1472811373749864,0.05356244019813012,0.08329138749986263,0.08202964186632735,0.09438223968846465,0.0786434441608417,0.1188159783140531,0.1009244511977344,0.11474693796083212,0.07763096493381253,0.08654486302247652,0.07914725274140168,0.13203123289010369,0.08060679719058181,0.07589846939667018,0.056844711287516867,0.06198504804739985,0.08869282677113102,0.056844711287516867,1.0,0.08083826835065716,0.04531880957023723,0.05140554312902526,0.09983041920643106,0.07076411902050309,0.12139303720442642,0.05241117050634866,0.0890037078378033,0.17409624656794232,0.08504294338231884,0.05983653819738616,0.11905229286941567,0.08534996849030142,0.07702985566667038,0.077054507397029,0.11032451882171511,0.14544033465069559,0.08032279553274438,0.043508575810144837,0.03457956253063423,0.08021003377931657,0.06980414066169782,0.1472811373749864,0.05356244019813012,0.08329138749986263,0.08202964186632735,0.09438223968846465,0.0786434441608417,0.08534996849030142,0.07702985566667038,0.077054507397029,0.11032451882171511,0.14544033465069559,0.08032279553274438,0.043508575810144837,0.03457956253063423],[0.060375794418347578,0.058227346018197827,0.0768168002210555,0.07016811524742901,0.04619648791996876,0.09487182493564996,0.06533112788681973,0.06321297939291162,0.06310284149819048,0.06552176731873215,0.08483006355346778,0.08191739268656719,0.09267243622881989,0.08083826835065716,0.9999999999999998,0.07124180404677327,0.06341530809615914,0.04694405647878628,0.10029944410451196,0.10997513125172694,0.040073778686891197,0.058251905559305688,0.07360422876984405,0.0711522520033158,0.07411024421886195,0.08820798976684154,0.07371204618328663,0.06879403298129924,0.0628186818703757,0.10098773001652567,0.09675525266540017,0.07153876335421007,0.04987573538913245,0.061470797072530339,0.09465453407087461,0.06342053986552705,0.07116475029522783,0.03838362544977443,0.07730046721244514,0.07292472533884892,0.0554329203907071,0.08980118597944671,0.060375794418347578,0.058227346018197827,0.0768168002210555,0.07016811524742901,0.04619648791996876,0.09487182493564996,0.06533112788681973,0.06321297939291162,0.06310284149819048,0.06552176731873215,0.08483006355346778,0.08191739268656719,0.09267243622881989,0.08083826835065716,0.9999999999999998,0.07124180404677327,0.06341530809615914,0.04694405647878628,0.10029944410451196,0.10997513125172694,0.040073778686891197,0.058251905559305688,0.07360422876984405,0.0711522520033158,0.07411024421886195,0.08820798976684154,0.07371204618328663,0.06879403298129924,0.0628186818703757,0.10098773001652567,0.09675525266540017,0.07153876335421007,0.04987573538913245,0.061470797072530339,0.09465453407087461,0.06342053986552705,0.07116475029522783,0.03838362544977443,0.07730046721244514,0.07292472533884892,0.0554329203907071,0.08980118597944671,0.07371204618328663,0.06879403298129924,0.0628186818703757,0.10098773001652567,0.09675525266540017,0.07153876335421007,0.04987573538913245,0.061470797072530339],[0.0705528117445801,0.08197202609350929,0.07895851783133673,0.07217166374863748,0.05725382338300605,0.08596006760922662,0.06952249982222164,0.08452547943337668,0.06585549214970066,0.1315298591277278,0.07110400558633465,0.04381385752762419,0.09256828320964034,0.04531880957023723,0.07124180404677327,1.0000000000000003,0.12305402517169929,0.05529638370375709,0.05837824689333678,0.09204937157300686,0.1181633742010201,0.08791568923555014,0.06800803350607827,0.1055536206959929,0.07930476800348292,0.09268794670068417,0.07077092275149706,0.07426311071506113,0.0815741447446423,0.04156410165949962,0.07039470990634149,0.0756466650202893,0.07981422320266388,0.0827414617170953,0.08698639631397599,0.11480590797162177,0.06508662075394141,0.0835395469845208,0.045265056991785738,0.09462223541197218,0.11085308778147761,0.05089303989949162,0.0705528117445801,0.08197202609350929,0.07895851783133673,0.07217166374863748,0.05725382338300605,0.08596006760922662,0.06952249982222164,0.08452547943337668,0.06585549214970066,0.1315298591277278,0.07110400558633465,0.04381385752762419,0.09256828320964034,0.04531880957023723,0.07124180404677327,1.0000000000000003,0.12305402517169929,0.05529638370375709,0.05837824689333678,0.09204937157300686,0.1181633742010201,0.08791568923555014,0.06800803350607827,0.1055536206959929,0.07930476800348292,0.09268794670068417,0.07077092275149706,0.07426311071506113,0.0815741447446423,0.04156410165949962,0.07039470990634149,0.0756466650202893,0.07981422320266388,0.0827414617170953,0.08698639631397599,0.11480590797162177,0.06508662075394141,0.0835395469845208,0.045265056991785738,0.09462223541197218,0.11085308778147761,0.05089303989949162,0.07077092275149706,0.07426311071506113,0.0815741447446423,0.04156410165949962,0.07039470990634149,0.0756466650202893,0.07981422320266388,0.0827414617170953],[0.06825089803813205,0.0717394334913203,0.0766786405084277,0.0968922997654928,0.06519445188705651,0.11523058565145464,0.05972741189652766,0.12753739578613816,0.09333091347414485,0.06898486284297803,0.09215252832274104,0.0522171575641187,0.06593733878164164,0.05140554312902526,0.06341530809615914,0.12305402517169929,0.9999999999999998,0.0688141362033247,0.07194180182983796,0.08109975131251723,0.09762940713652015,0.13089217148457897,0.08364717560379047,0.07957999447361146,0.09322653151269922,0.11724022576884136,0.09989015604277162,0.12405028437190108,0.0624063054029553,0.09001382262820994,0.1212866835819818,0.06278741948757856,0.074744138271179,0.13817329607453725,0.060485211727967908,0.06649378188544246,0.05165626662356305,0.0655263320178292,0.05373325159889479,0.0648825593669011,0.08238526764834414,0.07458749180301871,0.06825089803813205,0.0717394334913203,0.0766786405084277,0.0968922997654928,0.06519445188705651,0.11523058565145464,0.05972741189652766,0.12753739578613816,0.09333091347414485,0.06898486284297803,0.09215252832274104,0.0522171575641187,0.06593733878164164,0.05140554312902526,0.06341530809615914,0.12305402517169929,0.9999999999999998,0.0688141362033247,0.07194180182983796,0.08109975131251723,0.09762940713652015,0.13089217148457897,0.08364717560379047,0.07957999447361146,0.09322653151269922,0.11724022576884136,0.09989015604277162,0.12405028437190108,0.0624063054029553,0.09001382262820994,0.1212866835819818,0.06278741948757856,0.074744138271179,0.13817329607453725,0.060485211727967908,0.06649378188544246,0.05165626662356305,0.0655263320178292,0.05373325159889479,0.0648825593669011,0.08238526764834414,0.07458749180301871,0.09989015604277162,0.12405028437190108,0.0624063054029553,0.09001382262820994,0.1212866835819818,0.06278741948757856,0.074744138271179,0.13817329607453725],[0.0717394334913203,0.09957865168539323,0.06644603839875685,0.07157624364019484,0.079237250379502,0.07211738766064847,0.09549811219651285,0.06107319570755465,0.07528089887640448,0.07737550913068979,0.047361956091357088,0.09819284359611241,0.08212418658636389,0.09983041920643106,0.04694405647878628,0.05529638370375709,0.0688141362033247,1.0,0.07014112335355084,0.07160013362046335,0.07769050525477081,0.1028173093335183,0.09965944442187101,0.06839623659075389,0.09609088498540536,0.09201716771943372,0.038618799878332037,0.1683902807201417,0.08717512068086965,0.09425807286937425,0.11413509121004043,0.08263337740405766,0.08012355033192952,0.06814846702863728,0.06334594512417052,0.08070454554535067,0.10125625005818537,0.12895521139793485,0.1319792888626626,0.08039817280255682,0.11794410730679134,0.08769161106017597,0.0717394334913203,0.09957865168539323,0.06644603839875685,0.07157624364019484,0.079237250379502,0.07211738766064847,0.09549811219651285,0.06107319570755465,0.07528089887640448,0.07737550913068979,0.047361956091357088,0.09819284359611241,0.08212418658636389,0.09983041920643106,0.04694405647878628,0.05529638370375709,0.0688141362033247,1.0,0.07014112335355084,0.07160013362046335,0.07769050525477081,0.1028173093335183,0.09965944442187101,0.06839623659075389,0.09609088498540536,0.09201716771943372,0.038618799878332037,0.1683902807201417,0.08717512068086965,0.09425807286937425,0.11413509121004043,0.08263337740405766,0.08012355033192952,0.06814846702863728,0.06334594512417052,0.08070454554535067,0.10125625005818537,0.12895521139793485,0.1319792888626626,0.08039817280255682,0.11794410730679134,0.08769161106017597,0.038618799878332037,0.1683902807201417,0.08717512068086965,0.09425807286937425,0.11413509121004043,0.08263337740405766,0.08012355033192952,0.06814846702863728],[0.06942733108627079,0.10211308118739833,0.07948521406053939,0.0656811657861467,0.09562930827637718,0.035680102015680118,0.07669691631992679,0.07739967248510853,0.11549341596367811,0.0848769464884178,0.05811221274021861,0.0722112114768784,0.08543719035962849,0.07076411902050309,0.10029944410451196,0.05837824689333678,0.07194180182983796,0.07014112335355084,1.0,0.06342053986552705,0.06947964519355778,0.08629943502824858,0.06653797424857019,0.06914794544809666,0.05854548454151591,0.05000078906046574,0.08846084240900799,0.08059162286684493,0.0740785527057094,0.0502816923697942,0.06526546220522173,0.06151782474293256,0.05042918769900901,0.0738409636839389,0.10183445008029109,0.06440677966101695,0.06334213146261564,0.09050942445397543,0.05909525574924579,0.08241663232641032,0.05028871642408142,0.07010615165317706,0.06942733108627079,0.10211308118739833,0.07948521406053939,0.0656811657861467,0.09562930827637718,0.035680102015680118,0.07669691631992679,0.07739967248510853,0.11549341596367811,0.0848769464884178,0.05811221274021861,0.0722112114768784,0.08543719035962849,0.07076411902050309,0.10029944410451196,0.05837824689333678,0.07194180182983796,0.07014112335355084,1.0,0.06342053986552705,0.06947964519355778,0.08629943502824858,0.06653797424857019,0.06914794544809666,0.05854548454151591,0.05000078906046574,0.08846084240900799,0.08059162286684493,0.0740785527057094,0.0502816923697942,0.06526546220522173,0.06151782474293256,0.05042918769900901,0.0738409636839389,0.10183445008029109,0.06440677966101695,0.06334213146261564,0.09050942445397543,0.05909525574924579,0.08241663232641032,0.05028871642408142,0.07010615165317706,0.08846084240900799,0.08059162286684493,0.0740785527057094,0.0502816923697942,0.06526546220522173,0.06151782474293256,0.05042918769900901,0.0738409636839389],[0.10071843050566451,0.07675422884216987,0.08427742470295657,0.07318315144946697,0.056993891901263239,0.0905286226496116,0.08145889585887985,0.07696701227180886,0.05544134860105917,0.05998081447993872,0.0768168002210555,0.054979970133648799,0.0849151022545091,0.12139303720442642,0.10997513125172694,0.09204937157300686,0.08109975131251723,0.07160013362046335,0.06342053986552705,0.9999999999999998,0.0687171171443,0.04428262365059928,0.09818301970555499,0.07640232108317212,0.08242167347705205,0.07681735171821005,0.052080660667817479,0.07100428303692333,0.08989806989764926,0.10626631838052565,0.09565887586465907,0.08473523426420997,0.08196847877322604,0.08227838988690455,0.07853432957845492,0.04959095077590773,0.09204707084517884,0.03838362544977443,0.07460707114232511,0.051660693277427557,0.10141862627873731,0.07754944996126133,0.10071843050566451,0.07675422884216987,0.08427742470295657,0.07318315144946697,0.056993891901263239,0.0905286226496116,0.08145889585887985,0.07696701227180886,0.05544134860105917,0.05998081447993872,0.0768168002210555,0.054979970133648799,0.0849151022545091,0.12139303720442642,0.10997513125172694,0.09204937157300686,0.08109975131251723,0.07160013362046335,0.06342053986552705,0.9999999999999998,0.0687171171443,0.04428262365059928,0.09818301970555499,0.07640232108317212,0.08242167347705205,0.07681735171821005,0.052080660667817479,0.07100428303692333,0.08989806989764926,0.10626631838052565,0.09565887586465907,0.08473523426420997,0.08196847877322604,0.08227838988690455,0.07853432957845492,0.04959095077590773,0.09204707084517884,0.03838362544977443,0.07460707114232511,0.051660693277427557,0.10141862627873731,0.07754944996126133,0.052080660667817479,0.07100428303692333,0.08989806989764926,0.10626631838052565,0.09565887586465907,0.08473523426420997,0.08196847877322604,0.08227838988690455],[0.045452809383118197,0.0909778866072447,0.11000117773784224,0.04255231022157528,0.05800178494562094,0.10370324489496555,0.050285951168451189,0.1087210210568228,0.09843509042751066,0.07995428904218961,0.04800784896382602,0.08013648650455717,0.09249349457494446,0.05241117050634866,0.040073778686891197,0.1181633742010201,0.09762940713652015,0.07769050525477081,0.06947964519355778,0.0687171171443,1.0000000000000003,0.11203762747454325,0.05376336750071427,0.06965844751613973,0.08817892923034063,0.09586124050593943,0.10272497984401324,0.07408591285907886,0.058200201237682009,0.07260576326049291,0.07403301621622033,0.08301664551572188,0.082893017298299,0.14362259123420263,0.11439217729365964,0.06784802925946249,0.058435830024502848,0.08179204110092292,0.04692625142716657,0.06593864507446373,0.102365438980118,0.018215187612827124,0.045452809383118197,0.0909778866072447,0.11000117773784224,0.04255231022157528,0.05800178494562094,0.10370324489496555,0.050285951168451189,0.1087210210568228,0.09843509042751066,0.07995428904218961,0.04800784896382602,0.08013648650455717,0.09249349457494446,0.05241117050634866,0.040073778686891197,0.1181633742010201,0.09762940713652015,0.07769050525477081,0.06947964519355778,0.0687171171443,1.0000000000000003,0.11203762747454325,0.05376336750071427,0.06965844751613973,0.08817892923034063,0.09586124050593943,0.10272497984401324,0.07408591285907886,0.058200201237682009,0.07260576326049291,0.07403301621622033,0.08301664551572188,0.082893017298299,0.14362259123420263,0.11439217729365964,0.06784802925946249,0.058435830024502848,0.08179204110092292,0.04692625142716657,0.06593864507446373,0.102365438980118,0.018215187612827124,0.10272497984401324,0.07408591285907886,0.058200201237682009,0.07260576326049291,0.07403301621622033,0.08301664551572188,0.082893017298299,0.14362259123420263],[0.03897429652529085,0.08126792806224666,0.058670984016566878,0.0762123231695795,0.09286545543601947,0.08480885786803967,0.08733774975530404,0.07543307463612212,0.07549325726406275,0.08039499551873238,0.07459596539249218,0.05838353268343358,0.06120664292976662,0.0890037078378033,0.058251905559305688,0.08791568923555014,0.13089217148457897,0.1028173093335183,0.08629943502824858,0.04428262365059928,0.11203762747454325,1.0,0.09259200030975731,0.072081494648925,0.1051857868198049,0.07809111999331169,0.0851174404911872,0.07165251738421395,0.06949207570892063,0.08272602459723123,0.11778268126207742,0.07219215049741401,0.0886373744793167,0.08965420544120702,0.06909697296829599,0.07838983050847456,0.07181553062757082,0.11531981798730101,0.09422561515778363,0.07387176409189955,0.08245663838250223,0.10563567705410754,0.03897429652529085,0.08126792806224666,0.058670984016566878,0.0762123231695795,0.09286545543601947,0.08480885786803967,0.08733774975530404,0.07543307463612212,0.07549325726406275,0.08039499551873238,0.07459596539249218,0.05838353268343358,0.06120664292976662,0.0890037078378033,0.058251905559305688,0.08791568923555014,0.13089217148457897,0.1028173093335183,0.08629943502824858,0.04428262365059928,0.11203762747454325,1.0,0.09259200030975731,0.072081494648925,0.1051857868198049,0.07809111999331169,0.0851174404911872,0.07165251738421395,0.06949207570892063,0.08272602459723123,0.11778268126207742,0.07219215049741401,0.0886373744793167,0.089654205441